2 0.90390625 0.23515625 0.0125 0.03125
2 0.98671875 0.265625 0.0109375 0.03984375
2 0.94609375 0.25 0.0125 0.04375
2 0.93046875 0.27578125 0.01171875 0.04375
2 0.975 0.340625 0.0125 0.03671875
2 0.975 0.37421875 0.01328125 0.05234375
2 0.94453125 0.39296875 0.01953125 0.0578125
2 0.96015625 0.4671875 0.01875 0.06640625
2 0.92890625 0.34765625 0.01484375 0.05390625
2 0.890625 0.28671875 0.01328125 0.05078125
2 0.8796875 0.23359375 0.0109375 0.03515625
2 0.871875 0.2375 0.0109375 0.03984375
2 0.84375 0.21875 0.0140625 0.03671875
2 0.8671875 0.325 0.01640625 0.05078125
2 0.884375 0.421875 0.01953125 0.06640625
2 0.85 0.3921875 0.01875 0.0484375
2 0.86796875 0.5 0.025 0.0765625
2 0.7921875 0.46328125 0.0265625 0.08671875
2 0.815625 0.3046875 0.01796875 0.05234375
2 0.79765625 0.253125 0.01328125 0.05078125
2 0.821875 0.2328125 0.01328125 0.0328125
2 0.8109375 0.19609375 0.0109375 0.03671875
2 0.77265625 0.190625 0.01171875 0.03984375
2 0.78125 0.20703125 0.0140625 0.0421875
2 0.75078125 0.19765625 0.0109375 0.0328125
2 0.71953125 0.1609375 0.0125 0.03984375
2 0.7453125 0.23984375 0.01484375 0.04375
2 0.69296875 0.14453125 0.0109375 0.03515625
2 0.66875 0.14296875 0.01328125 0.03515625
2 0.69140625 0.16875 0.01328125 0.03828125
2 0.63359375 0.13359375 0.0125 0.03984375
2 0.65703125 0.15078125 0.01171875 0.03984375
2 0.66015625 0.18359375 0.01328125 0.03671875
2 0.6984375 0.21484375 0.01484375 0.046875
2 0.6703125 0.24765625 0.0203125 0.05546875
2 0.73125 0.2703125 0.01953125 0.059375
2 0.75390625 0.2984375 0.01640625 0.05078125
2 0.60078125 0.11953125 0.01171875 0.0328125
2 0.6109375 0.16171875 0.01328125 0.03125
2 0.62578125 0.2046875 0.0125 0.046875
2 0.6046875 0.1953125 0.01171875 0.0421875
2 0.6265625 0.30390625 0.01875 0.0578125
2 0.61328125 0.36953125 0.02421875 0.06640625
2 0.66640625 0.409375 0.0234375 0.06640625
2 0.58125 0.3421875 0.0234375 0.0578125
2 0.58125 0.13671875 0.01171875 0.03671875
2 0.584375 0.17109375 0.0125 0.03828125
2 0.55703125 0.14140625 0.0125 0.03515625
2 0.56484375 0.1640625 0.0125 0.0421875
2 0.55546875 0.22421875 0.0109375 0.03984375
2 0.57265625 0.21484375 0.0140625 0.04375
2 0.4984375 0.1546875 0.0109375 0.03515625
2 0.521875 0.1765625 0.0140625 0.03984375
2 0.53203125 0.16953125 0.01328125 0.03984375
2 0.446875 0.16328125 0.0109375 0.0296875
2 0.4609375 0.16953125 0.01015625 0.02578125
2 0.4984375 0.2125 0.01484375 0.03828125
2 0.47578125 0.25625 0.01875 0.05234375
2 0.440625 0.19765625 0.01328125 0.03671875
2 0.44375 0.315625 0.0171875 0.05234375
2 0.4046875 0.24140625 0.01328125 0.03984375
2 0.39609375 0.19453125 0.0140625 0.03671875
2 0.35625 0.21640625 0.0125 0.03828125
2 0.37890625 0.2671875 0.015625 0.046875
2 0.3703125 0.2 0.01640625 0.03125
2 0.27421875 0.2484375 0.015625 0.0328125
2 0.3140625 0.21640625 0.01640625 0.03515625
2 0.31484375 0.24921875 0.0125 0.0421875
2 0.3375 0.23203125 0.01640625 0.0453125
2 0.20390625 0.2984375 0.0171875 0.046875
2 0.23359375 0.29375 0.01640625 0.05390625
2 0.10546875 0.5671875 0.0453125 0.11640625
2 0.72421875 0.4171875 0.025 0.075