2 0.121875 0.56015625 0.040625 0.075
2 0.83671875 0.52109375 0.02890625 0.075
2 0.72109375 0.525 0.040625 0.075
2 0.553125 0.43046875 0.021875 0.04453125
2 0.603125 0.46640625 0.0328125 0.06484375
2 0.6515625 0.484375 0.03828125 0.0796875
2 0.95859375 0.28515625 0.01484375 0.03203125
2 0.8984375 0.2671875 0.0125 0.03359375
2 0.859375 0.26328125 0.01640625 0.02578125
2 0.8265625 0.253125 0.0125 0.03203125
2 0.79765625 0.246875 0.01640625 0.03046875
2 0.7609375 0.24375 0.0140625 0.03046875
2 0.68828125 0.21953125 0.0109375 0.02421875
2 0.61171875 0.215625 0.01015625 0.02578125
2 0.565625 0.23515625 0.0109375 0.03359375
2 0.5796875 0.23125 0.01328125 0.02578125
2 0.64140625 0.22109375 0.0125 0.02578125
2 0.65078125 0.234375 0.01796875 0.02890625
2 0.71953125 0.26015625 0.01953125 0.03203125
2 0.746875 0.26171875 0.01328125 0.034375
2 0.65390625 0.2671875 0.0171875 0.03046875
2 0.59453125 0.24609375 0.0140625 0.02578125
2 0.79921875 0.29765625 0.01640625 0.0421875
2 0.83125 0.31328125 0.021875 0.0390625
2 0.86171875 0.33046875 0.01484375 0.0421875
2 0.8890625 0.3484375 0.0125 0.040625
2 0.88125 0.28046875 0.0140625 0.02578125
2 0.9125 0.2890625 0.01796875 0.0390625
2 0.90546875 0.33046875 0.01875 0.04453125
2 0.93359375 0.3421875 0.0171875 0.03046875
2 0.95234375 0.32265625 0.01484375 0.03203125
2 0.9328125 0.31171875 0.0203125 0.0359375
2 0.9515625 0.3703125 0.01875 0.0375
2 0.709375 0.30859375 0.02109375 0.0390625
2 0.68125 0.3046875 0.01484375 0.0359375
2 0.64921875 0.3125 0.028125 0.0375
2 0.59296875 0.28359375 0.0171875 0.02890625
2 0.61796875 0.25859375 0.0140625 0.02734375
2 0.5171875 0.27109375 0.01171875 0.02421875
2 0.4734375 0.25 0.0203125 0.02578125
2 0.5546875 0.26015625 0.01875 0.03359375
2 0.55390625 0.29609375 0.01875 0.03359375
2 0.3984375 0.26953125 0.0140625 0.034375
2 0.43359375 0.27109375 0.01484375 0.02421875
2 0.46953125 0.2890625 0.01875 0.02578125
2 0.48203125 0.3203125 0.0234375 0.02734375
2 0.51796875 0.33359375 0.0203125 0.03046875
2 0.3578125 0.30546875 0.021875 0.02578125
2 0.28828125 0.31953125 0.01953125 0.02578125
2 0.2296875 0.34765625 0.01875 0.03046875
2 0.26484375 0.35546875 0.01953125 0.0421875
2 0.3375 0.365625 0.02734375 0.05625
2 0.41328125 0.3453125 0.021875 0.04765625
2 0.4484375 0.34765625 0.01953125 0.040625
2 0.5515625 0.37265625 0.021875 0.0421875
2 0.48671875 0.41796875 0.0265625 0.04921875
2 0.60859375 0.39296875 0.02734375 0.05078125
2 0.6109375 0.34140625 0.0234375 0.034375
2 0.6625 0.38359375 0.028125 0.040625
2 0.7015625 0.3796875 0.0203125 0.0359375
2 0.73828125 0.4125 0.02890625 0.04921875
2 0.80234375 0.4421875 0.03046875 0.0625
2 0.82890625 0.37265625 0.0296875 0.04765625
2 0.8765625 0.4046875 0.028125 0.06484375
2 0.94140625 0.4765625 0.03046875 0.0625
2 0.41171875 0.3140625 0.02421875 0.04375
2 0.428125 0.30859375 0.02109375 0.040625
2 0.5328125 0.29140625 0.025 0.04765625
2 0.6875 0.2421875 0.0171875 0.03046875
2 0.35703125 0.3453125 0.0171875 0.0421875
2 0.53046875 0.26328125 0.0171875 0.03203125