2 0.0875 0.45078125 0.07109375 0.10078125
2 0.040625 0.4046875 0.04453125 0.0625
2 0.01953125 0.3609375 0.03828125 0.0625
2 0.18125 0.5296875 0.08828125 0.12578125
2 0.3609375 0.525 0.08125 0.10859375
2 0.240625 0.44609375 0.06171875 0.09140625
2 0.18515625 0.41875 0.05 0.0765625
2 0.14296875 0.37265625 0.05390625 0.0703125
2 0.28125 0.38125 0.03984375 0.053125
2 0.3125 0.41796875 0.05859375 0.059375
2 0.384375 0.45546875 0.06015625 0.0765625
2 0.35859375 0.39140625 0.03984375 0.0625
2 0.428125 0.4265625 0.04453125 0.06484375
2 0.509375 0.50859375 0.0703125 0.0875
2 0.6390625 0.51640625 0.0671875 0.0875
2 0.52109375 0.4578125 0.04296875 0.06640625
2 0.4640625 0.39609375 0.03125 0.0609375
2 0.52109375 0.41171875 0.03828125 0.053125
2 0.54296875 0.43125 0.034375 0.04765625
2 0.60625 0.43515625 0.03828125 0.05546875
2 0.60390625 0.39921875 0.03984375 0.0515625
2 0.6453125 0.45078125 0.05546875 0.0703125
2 0.67890625 0.4296875 0.03125 0.04765625
2 0.68203125 0.40859375 0.02421875 0.04765625
2 0.72265625 0.45546875 0.0375 0.0609375
2 0.76640625 0.5046875 0.05859375 0.0796875
2 0.76015625 0.446875 0.03125 0.05546875
2 0.75 0.409375 0.03125 0.053125
2 0.81484375 0.396875 0.04140625 0.059375
2 0.82421875 0.44765625 0.0484375 0.06875
2 0.8734375 0.5078125 0.06171875 0.1046875
2 0.94296875 0.52578125 0.0484375 0.0875
2 0.95859375 0.48125 0.0375 0.0703125
2 0.91796875 0.45078125 0.046875 0.07421875
2 0.8796875 0.43984375 0.0375 0.05703125