2 0.025 0.39921875 0.025 0.05078125
2 0.2265625 0.33046875 0.0171875 0.0328125
2 0.25546875 0.3375 0.02109375 0.04375
2 0.28046875 0.35390625 0.021875 0.0421875
2 0.28125 0.296875 0.01484375 0.03515625
2 0.328125 0.35546875 0.02265625 0.0421875
2 0.34609375 0.2828125 0.0125 0.0296875
2 0.36796875 0.3421875 0.0171875 0.03828125
2 0.3609375 0.31484375 0.01640625 0.0328125
2 0.39921875 0.3328125 0.01796875 0.03671875
2 0.4296875 0.33203125 0.0234375 0.04921875
2 0.42734375 0.30078125 0.02109375 0.03828125
2 0.41640625 0.2765625 0.0171875 0.03359375
2 0.396875 0.28671875 0.015625 0.03515625
2 0.38984375 0.2671875 0.01328125 0.0265625
2 0.37734375 0.25078125 0.01328125 0.028125
2 0.45625 0.29609375 0.01953125 0.03671875
2 0.44453125 0.2375 0.0125 0.0296875
2 0.45625 0.23359375 0.0171875 0.0328125
2 0.48203125 0.25703125 0.0171875 0.0296875
2 0.496875 0.271875 0.0203125 0.03671875
2 0.50078125 0.240625 0.0125 0.02421875
2 0.5171875 0.259375 0.015625 0.03125
2 0.53828125 0.27890625 0.01796875 0.03828125
2 0.53203125 0.21796875 0.0140625 0.02421875
2 0.5453125 0.25 0.01484375 0.025
2 0.5546875 0.23515625 0.0125 0.02421875
2 0.55 0.2140625 0.01171875 0.02421875
2 0.58203125 0.2375 0.01484375 0.0328125
2 0.5828125 0.215625 0.01328125 0.028125
2 0.590625 0.19609375 0.0140625 0.028125
2 0.60546875 0.21015625 0.01171875 0.025
2 0.615625 0.22265625 0.01328125 0.025
2 0.62265625 0.240625 0.01328125 0.0296875
2 0.63125 0.228125 0.01484375 0.0265625
2 0.634375 0.20859375 0.01171875 0.028125
2 0.646875 0.2203125 0.0125 0.03125
2 0.6609375 0.22265625 0.01484375 0.025
2 0.48671875 0.37890625 0.025 0.0609375
2 0.5015625 0.3203125 0.021875 0.03984375
2 0.5265625 0.39765625 0.0296875 0.05390625
2 0.5203125 0.365625 0.028125 0.04375
2 0.57734375 0.3171875 0.02578125 0.04765625
2 0.584375 0.36953125 0.02734375 0.04765625
2 0.59140625 0.41875 0.03203125 0.05625
2 0.64609375 0.44296875 0.03515625 0.0703125
2 0.6859375 0.48203125 0.03984375 0.08203125
2 0.62734375 0.32421875 0.0203125 0.0421875
2 0.6109375 0.2984375 0.0171875 0.03515625
2 0.6484375 0.26171875 0.015625 0.03828125
2 0.6765625 0.253125 0.01484375 0.0328125
2 0.69921875 0.2703125 0.0171875 0.03515625
2 0.665625 0.33359375 0.02265625 0.04921875
2 0.63984375 0.35625 0.02578125 0.0546875
2 0.7125 0.390625 0.02578125 0.05078125
2 0.76015625 0.390625 0.0296875 0.05625
2 0.78125 0.36484375 0.02265625 0.046875
2 0.82578125 0.40546875 0.025 0.04375
2 0.815625 0.44765625 0.0375 0.06640625
2 0.80546875 0.50390625 0.03125 0.06796875
2 0.8703125 0.45625 0.0265625 0.06328125
2 0.88359375 0.38671875 0.02109375 0.05078125
2 0.89140625 0.35 0.02265625 0.05078125
2 0.88515625 0.30625 0.01953125 0.03984375
2 0.89921875 0.275 0.015625 0.03125
2 0.85859375 0.27890625 0.01796875 0.040625
2 0.83984375 0.3078125 0.01875 0.04375
2 0.83125 0.34296875 0.02109375 0.04765625
2 0.78203125 0.3234375 0.02265625 0.03828125
2 0.7859375 0.29375 0.0171875 0.03515625
2 0.7390625 0.27734375 0.01875 0.040625
2 0.71796875 0.2609375 0.01640625 0.03359375
2 0.7171875 0.21796875 0.0171875 0.0296875
2 0.74609375 0.246875 0.0140625 0.03125
2 0.7546875 0.22109375 0.01953125 0.03359375
2 0.778125 0.2375 0.0171875 0.03515625
2 0.81171875 0.24765625 0.01484375 0.03828125
2 0.82265625 0.2796875 0.01484375 0.03515625
2 0.828125 0.25859375 0.0140625 0.0265625
2 0.84296875 0.24453125 0.0140625 0.03515625