2 0.1078125 0.54765625 0.046875 0.10625
2 0.22578125 0.265625 0.015625 0.0359375
2 0.23515625 0.28359375 0.021875 0.04921875
2 0.2828125 0.23828125 0.0203125 0.0453125
2 0.3109375 0.2375 0.01796875 0.040625
2 0.31484375 0.20859375 0.0171875 0.0390625
2 0.3328125 0.2296875 0.01640625 0.0390625
2 0.34921875 0.22890625 0.01484375 0.04375
2 0.36796875 0.2625 0.02265625 0.05546875
2 0.3671875 0.19921875 0.01640625 0.0390625
2 0.38828125 0.1921875 0.015625 0.04921875
2 0.4015625 0.2359375 0.01953125 0.04765625
2 0.43828125 0.2953125 0.025 0.05234375
2 0.43359375 0.1921875 0.01640625 0.0390625
2 0.43984375 0.16484375 0.0171875 0.0359375
2 0.47734375 0.2359375 0.0234375 0.04375
2 0.4984375 0.2046875 0.015625 0.0375
2 0.48046875 0.17421875 0.0171875 0.0453125
2 0.46796875 0.17421875 0.0140625 0.0390625
2 0.459375 0.1671875 0.01328125 0.02734375
2 0.4984375 0.15625 0.0140625 0.0328125
2 0.5234375 0.16953125 0.01640625 0.0421875
2 0.55078125 0.23359375 0.01953125 0.0390625
2 0.5625 0.15546875 0.01796875 0.034375
2 0.55703125 0.13984375 0.01328125 0.03125
2 0.58203125 0.20234375 0.015625 0.0390625
2 0.58515625 0.16953125 0.015625 0.0359375
2 0.58359375 0.13515625 0.0140625 0.0328125
2 0.6015625 0.12734375 0.01484375 0.0328125
2 0.60859375 0.1515625 0.0140625 0.0296875
2 0.61328125 0.18046875 0.015625 0.034375
2 0.6109375 0.20859375 0.01875 0.0390625
2 0.634375 0.12734375 0.015625 0.0296875
2 0.6609375 0.17890625 0.01640625 0.034375
2 0.6578125 0.14609375 0.0125 0.02734375
2 0.6625 0.13203125 0.0125 0.0296875
2 0.68984375 0.15625 0.0171875 0.0390625
2 0.69375 0.13984375 0.0140625 0.0375
2 0.71328125 0.16171875 0.0125 0.0390625
2 0.58203125 0.33359375 0.025 0.05390625
2 0.61015625 0.38125 0.02890625 0.06015625
2 0.61640625 0.28828125 0.028125 0.05703125
2 0.66328125 0.246875 0.0234375 0.06015625
2 0.69765625 0.21484375 0.01953125 0.04375
2 0.6625 0.38828125 0.03046875 0.06875
2 0.7265625 0.39453125 0.03125 0.06875
2 0.71875 0.2796875 0.0234375 0.05390625
2 0.74375 0.23203125 0.01796875 0.0421875
2 0.7328125 0.22265625 0.015625 0.0375
2 0.75546875 0.21015625 0.015625 0.0390625
2 0.76953125 0.18359375 0.015625 0.0375
2 0.78203125 0.19921875 0.01640625 0.0421875
2 0.79375 0.24375 0.0203125 0.06015625
2 0.75390625 0.29375 0.02265625 0.05546875
2 0.80078125 0.3078125 0.02578125 0.05390625
2 0.82734375 0.2328125 0.0203125 0.040625
2 0.80859375 0.19296875 0.01796875 0.0375
2 0.83046875 0.2078125 0.01484375 0.0375
2 0.8640625 0.22890625 0.015625 0.0375
2 0.8796875 0.23515625 0.0140625 0.0390625
2 0.90078125 0.2203125 0.01640625 0.0359375
2 0.90234375 0.25859375 0.015625 0.04765625
2 0.88671875 0.2765625 0.01875 0.04765625
2 0.8703125 0.30234375 0.02265625 0.05390625
2 0.8625 0.3359375 0.021875 0.04921875
2 0.8015625 0.43984375 0.03125 0.0828125
2 0.86953125 0.484375 0.0296875 0.08125
2 0.8859375 0.4015625 0.02421875 0.071875
2 0.93515625 0.41484375 0.025 0.06015625
2 0.95390625 0.35859375 0.0171875 0.0453125
2 0.9765625 0.359375 0.015625 0.05078125
2 0.928125 0.32109375 0.01796875 0.05546875
2 0.92890625 0.265625 0.0140625 0.0359375
2 0.95234375 0.24453125 0.0125 0.0328125
2 0.98125 0.253125 0.0125 0.0390625
2 0.978125 0.30625 0.015625 0.04375