2 0.16875 0.33671875 0.04609375 0.0984375
2 0.51875 0.2546875 0.0234375 0.0484375
2 0.5609375 0.2859375 0.02578125 0.0609375
2 0.58359375 0.2140625 0.01875 0.0421875
2 0.62890625 0.18046875 0.01796875 0.04609375
2 0.6625 0.18359375 0.01875 0.0484375
2 0.721875 0.175 0.025 0.05234375
2 0.65078125 0.23671875 0.02109375 0.04609375
2 0.646875 0.29375 0.02578125 0.0546875
2 0.6859375 0.3125 0.0234375 0.05859375
2 0.7609375 0.215625 0.0234375 0.05
2 0.7515625 0.25859375 0.02265625 0.05234375
2 0.73828125 0.34375 0.034375 0.05