1 0.71015625 0.19609375 0.0078125 0.0078125
1 0.34609375 0.340625 0.0109375 0.009375
1 0.559375 0.265625 0.0078125 0.0078125
1 0.5828125 0.32265625 0.0140625 0.015625
1 0.596875 0.31875 0.0109375 0.0109375
1 0.58828125 0.3484375 0.0125 0.015625
1 0.509375 0.3640625 0.0125 0.015625
1 0.53359375 0.3671875 0.0125 0.0140625
1 0.559375 0.3546875 0.0109375 0.0109375
1 0.57578125 0.35625 0.0125 0.0140625
1 0.5703125 0.2625 0.0109375 0.0109375
1 0.6015625 0.265625 0.0125 0.0109375
1 0.609375 0.2578125 0.0109375 0.0109375
1 0.6453125 0.30625 0.0109375 0.0109375
1 0.615625 0.31328125 0.0125 0.0140625
1 0.6328125 0.34609375 0.0125 0.015625
1 0.6453125 0.35234375 0.0125 0.0140625
1 0.68984375 0.32421875 0.0140625 0.0140625
1 0.73125 0.365625 0.009375 0.0171875
1 0.88828125 0.7796875 0.0140625 0.0109375
1 0.85703125 0.77578125 0.0140625 0.0125