2 0.21875 0.3578125 0.03828125 0.08671875
2 0.17421875 0.20703125 0.01875 0.040625
2 0.3671875 0.20859375 0.03828125 0.059375
2 0.41328125 0.1875 0.02265625 0.06484375
2 0.6296875 0.21328125 0.02578125 0.03515625
2 0.43828125 0.1421875 0.01328125 0.021875
2 0.46171875 0.13984375 0.0140625 0.02421875
2 0.48828125 0.13828125 0.0125 0.02578125
2 0.51953125 0.1265625 0.0171875 0.02734375
2 0.45 0.1703125 0.0140625 0.021875
2 0.49453125 0.1953125 0.0140625 0.02734375
2 0.478125 0.190625 0.0171875 0.0296875
2 0.71796875 0.196875 0.015625 0.0421875
2 0.69765625 0.17265625 0.015625 0.03515625
2 0.63828125 0.12109375 0.01328125 0.02734375
2 0.65390625 0.1265625 0.0125 0.03515625
2 0.72578125 0.15234375 0.01015625 0.02734375
2 0.73671875 0.18203125 0.01953125 0.02734375
2 0.7734375 0.146875 0.0140625 0.02734375
2 0.81015625 0.1421875 0.0140625 0.03359375
2 0.7890625 0.18125 0.01328125 0.03671875
2 0.8265625 0.18046875 0.015625 0.02734375
2 0.8078125 0.17578125 0.0171875 0.0296875
2 0.86796875 0.2890625 0.0171875 0.04609375
2 0.93125 0.23671875 0.01640625 0.03359375
2 0.8984375 0.16875 0.01328125 0.03125
2 0.93359375 0.18828125 0.01328125 0.0296875
2 0.97421875 0.18046875 0.01875 0.0421875