2 0.1046875 0.4125 0.05 0.10546875
2 0.275 0.225 0.01875 0.03671875
2 0.31171875 0.21640625 0.01328125 0.034375
2 0.32421875 0.2125 0.01328125 0.034375
2 0.32421875 0.19765625 0.01484375 0.034375
2 0.346875 0.215625 0.01484375 0.04375
2 0.36875 0.23828125 0.01953125 0.03671875
2 0.353125 0.1828125 0.01484375 0.03671875
2 0.375 0.2046875 0.0171875 0.03828125
2 0.38046875 0.159375 0.01328125 0.0265625
2 0.39140625 0.20390625 0.01484375 0.03984375
2 0.40234375 0.22734375 0.01640625 0.03984375
2 0.4171875 0.240625 0.01953125 0.04765625
2 0.41875 0.18984375 0.01640625 0.0265625
2 0.4203125 0.15234375 0.0140625 0.0328125
2 0.43984375 0.15625 0.01640625 0.02890625
2 0.44140625 0.1875 0.0171875 0.0421875
2 0.4453125 0.2078125 0.01953125 0.03984375
2 0.47265625 0.12734375 0.01171875 0.025
2 0.484375 0.13984375 0.01328125 0.0265625
2 0.49921875 0.17734375 0.0140625 0.0328125
2 0.528125 0.165625 0.01640625 0.03984375
2 0.51640625 0.1578125 0.0140625 0.025
2 0.51328125 0.14375 0.01171875 0.02265625
2 0.51328125 0.1265625 0.0109375 0.01953125
2 0.496875 0.1171875 0.01171875 0.02265625
2 0.546875 0.1171875 0.01328125 0.0265625
2 0.5640625 0.1390625 0.01171875 0.025
2 0.5671875 0.1578125 0.0140625 0.0328125
2 0.5546875 0.1765625 0.0171875 0.03828125
2 0.59375 0.15703125 0.01328125 0.03046875
2 0.60703125 0.15703125 0.01640625 0.0421875
2 0.60078125 0.109375 0.01328125 0.02265625
2 0.6234375 0.13203125 0.0140625 0.03046875
2 0.63828125 0.14375 0.0140625 0.03046875
2 0.65078125 0.140625 0.01484375 0.02890625
2 0.66875 0.1109375 0.01171875 0.03046875
2 0.6796875 0.1015625 0.0109375 0.0265625
2 0.6765625 0.128125 0.0140625 0.0265625
2 0.7078125 0.10859375 0.01171875 0.0328125
2 0.58828125 0.21640625 0.0203125 0.04609375
2 0.63203125 0.228125 0.02265625 0.0578125
2 0.64453125 0.20078125 0.0171875 0.04609375
2 0.66875 0.16640625 0.01640625 0.03046875
2 0.66953125 0.21953125 0.0171875 0.04765625
2 0.68359375 0.24921875 0.02265625 0.05
2 0.71171875 0.31640625 0.028125 0.0765625
2 0.775 0.34609375 0.028125 0.059375
2 0.79453125 0.27265625 0.021875 0.05546875
2 0.7640625 0.23984375 0.01875 0.04609375
2 0.7359375 0.23671875 0.0203125 0.03984375
2 0.7203125 0.175 0.01484375 0.0328125
2 0.73125 0.17109375 0.0140625 0.03984375
2 0.73359375 0.14140625 0.0140625 0.034375
2 0.74609375 0.1328125 0.01328125 0.0328125
2 0.7640625 0.11953125 0.01328125 0.02890625
2 0.7765625 0.13671875 0.01328125 0.0328125
2 0.79921875 0.13125 0.0109375 0.025
2 0.81640625 0.13046875 0.01171875 0.03046875
2 0.7921875 0.1640625 0.01328125 0.02890625
2 0.796875 0.19453125 0.0171875 0.04375
2 0.75234375 0.18671875 0.01484375 0.03984375
2 0.84765625 0.1453125 0.01328125 0.03046875
2 0.82578125 0.1625 0.0140625 0.03046875
2 0.81875 0.19765625 0.01484375 0.03828125
2 0.821875 0.24609375 0.02265625 0.0515625
2 0.84453125 0.21015625 0.01953125 0.04375
2 0.87109375 0.16875 0.01484375 0.034375
2 0.90625 0.14921875 0.01171875 0.03046875
2 0.94609375 0.178125 0.0109375 0.03046875
2 0.90234375 0.17890625 0.01328125 0.03671875
2 0.90625 0.21328125 0.01640625 0.04765625
2 0.89375 0.225 0.0171875 0.04375
2 0.93828125 0.19921875 0.01484375 0.034375
2 0.94375 0.21484375 0.01484375 0.03828125
2 0.93046875 0.253125 0.01875 0.0578125
2 0.9140625 0.31640625 0.02265625 0.06875