1 0.3609375 0.40390625 0.09453125 0.19140625
1 0.140625 0.5125 0.05859375 0.125
1 0.2359375 0.49140625 0.08359375 0.15859375
1 0.290625 0.47109375 0.053125 0.10859375
1 0.44453125 0.46484375 0.05 0.0875
1 0.5109375 0.43125 0.071875 0.12109375
1 0.578125 0.43359375 0.04453125 0.10859375
1 0.625 0.4625 0.0609375 0.14140625
1 0.659375 0.43359375 0.046875 0.11640625
1 0.85 0.38125 0.08359375 0.12109375
1 0.93046875 0.44609375 0.0390625 0.075
2 0.0734375 0.44140625 0.125 0.2
2 0.740625 0.50625 0.046875 0.0875