2 0.0234375 0.5796875 0.046875 0.071875
2 0.071875 0.6109375 0.05625 0.07109375
2 0.0609375 0.56171875 0.03828125 0.0546875
2 0.0671875 0.53046875 0.02890625 0.046875
2 0.11328125 0.53046875 0.02734375 0.046875
2 0.12890625 0.50859375 0.02578125 0.0359375
2 0.14765625 0.4984375 0.021875 0.0328125
2 0.12421875 0.6578125 0.0890625 0.11484375
2 0.1953125 0.6328125 0.1109375 0.1421875
2 0.1953125 0.5234375 0.02734375 0.04375
2 0.22890625 0.525 0.03984375 0.07421875
2 0.30390625 0.50390625 0.01796875 0.04375
2 0.321875 0.50859375 0.02890625 0.0578125
2 0.31640625 0.46875 0.02890625 0.03828125
2 0.39296875 0.52578125 0.06171875 0.10390625
2 0.4328125 0.45625 0.021875 0.04140625
2 0.50234375 0.51484375 0.0890625 0.15859375
2 0.540625 0.47109375 0.04921875 0.08203125
2 0.68125 0.4 0.0671875 0.11484375