2 0.21875 0.4 0.04765625 0.07578125
2 0.253125 0.2671875 0.015625 0.03203125
2 0.27734375 0.27109375 0.01875 0.03984375
2 0.3109375 0.275 0.01640625 0.03046875
2 0.3328125 0.28828125 0.021875 0.034375
2 0.38359375 0.2921875 0.02421875 0.0453125
2 0.36796875 0.26640625 0.01875 0.0390625
2 0.32734375 0.22265625 0.01484375 0.0328125
2 0.30546875 0.2171875 0.01796875 0.0328125
2 0.3875 0.18828125 0.01796875 0.03984375
2 0.4 0.1640625 0.0171875 0.025
2 0.4046875 0.19296875 0.0140625 0.02890625
2 0.409375 0.22734375 0.01953125 0.03984375
2 0.42734375 0.2421875 0.021875 0.04296875
2 0.4546875 0.2359375 0.02421875 0.0390625
2 0.4203125 0.1734375 0.0171875 0.0234375
2 0.4515625 0.16953125 0.01640625 0.0265625
2 0.44296875 0.14921875 0.0109375 0.021875
2 0.46015625 0.15234375 0.015625 0.0234375
2 0.48515625 0.209375 0.01640625 0.03203125
2 0.453125 0.19921875 0.015625 0.025
2 0.49375 0.125 0.0140625 0.01796875
2 0.528125 0.19296875 0.01796875 0.0375
2 0.5125 0.184375 0.01640625 0.03203125
2 0.51015625 0.15078125 0.015625 0.025
2 0.52265625 0.13125 0.01484375 0.025
2 0.55234375 0.16875 0.0203125 0.0390625
2 0.5640625 0.15 0.0171875 0.0375
2 0.5921875 0.15703125 0.0125 0.03203125
2 0.57734375 0.11171875 0.0125 0.03046875
2 0.5953125 0.10625 0.01171875 0.03046875
2 0.6015625 0.134375 0.01015625 0.0265625
2 0.60859375 0.12890625 0.0109375 0.0234375
2 0.6375 0.11484375 0.01328125 0.03046875
2 0.66875 0.11953125 0.01484375 0.03203125
2 0.5 0.3078125 0.0328125 0.05546875
2 0.53828125 0.309375 0.0328125 0.0578125
2 0.54140625 0.26171875 0.02890625 0.0453125
2 0.58984375 0.26171875 0.0234375 0.05625
2 0.61640625 0.21171875 0.0234375 0.05390625
2 0.64921875 0.21484375 0.02265625 0.04296875
2 0.63984375 0.25859375 0.0234375 0.05390625
2 0.66953125 0.325 0.0328125 0.06484375
2 0.70546875 0.290625 0.03125 0.059375
2 0.690625 0.2328125 0.02421875 0.0484375
2 0.72734375 0.365625 0.03515625 0.07890625
2 0.67734375 0.16640625 0.0203125 0.03984375
2 0.71484375 0.16875 0.0203125 0.0390625
2 0.73359375 0.15703125 0.015625 0.03984375
2 0.75390625 0.16953125 0.01875 0.0390625
2 0.75625 0.140625 0.01640625 0.0328125
2 0.78984375 0.146875 0.015625 0.034375
2 0.80703125 0.16171875 0.01875 0.0359375
2 0.7984375 0.1765625 0.0140625 0.0390625
2 0.78671875 0.196875 0.01796875 0.03984375
2 0.74765625 0.2421875 0.02265625 0.0484375
2 0.73046875 0.20546875 0.01875 0.0375
2 0.76796875 0.29921875 0.03203125 0.05390625
2 0.81171875 0.25 0.0234375 0.05
2 0.82578125 0.20390625 0.01875 0.03984375
2 0.8375 0.1875 0.01875 0.04140625
2 0.828125 0.14296875 0.015625 0.03984375
2 0.8578125 0.1578125 0.01484375 0.0328125
2 0.8734375 0.21171875 0.01875 0.0484375
2 0.8484375 0.25546875 0.02421875 0.046875
2 0.89609375 0.25703125 0.02421875 0.05546875
2 0.8421875 0.33046875 0.028125 0.05390625