2 0.80859375 0.496875 0.02265625 0.03828125
2 0.75546875 0.56171875 0.02109375 0.028125
2 0.70859375 0.53984375 0.01796875 0.028125
2 0.675 0.58515625 0.02890625 0.03828125
2 0.6140625 0.61484375 0.0390625 0.05
2 0.61875 0.58671875 0.02421875 0.0296875
2 0.63125 0.54375 0.02265625 0.02421875
2 0.6 0.55625 0.02265625 0.02421875
2 0.58125 0.58203125 0.02734375 0.0359375
2 0.5671875 0.57421875 0.02890625 0.03203125
2 0.53046875 0.57890625 0.02890625 0.0296875
2 0.54375 0.56015625 0.02734375 0.028125
2 0.53125 0.62109375 0.0453125 0.05390625
2 0.47890625 0.58984375 0.0359375 0.03984375
2 0.48515625 0.56328125 0.0296875 0.03828125
2 0.425 0.5921875 0.0359375 0.04375
2 0.4578125 0.68828125 0.071875 0.06796875
2 0.4015625 0.55390625 0.01953125 0.0359375
2 0.3171875 0.69375 0.06171875 0.0921875
2 0.26875 0.72734375 0.078125 0.10234375
2 0.2546875 0.60078125 0.034375 0.05
2 0.28203125 0.58125 0.02734375 0.03828125
2 0.309375 0.6359375 0.0453125 0.06015625
2 0.33359375 0.6046875 0.0421875 0.05390625
2 0.12890625 0.74296875 0.08125 0.1140625
2 0.17109375 0.6859375 0.05390625 0.0796875
2 0.20703125 0.65390625 0.0484375 0.06796875
2 0.16484375 0.5953125 0.0390625 0.05
2 0.234375 0.56328125 0.0296875 0.03828125
2 0.0984375 0.5890625 0.03125 0.04609375
2 0.053125 0.60078125 0.0375 0.05
2 0.0546875 0.6921875 0.0765625 0.11171875
2 0.0609375 0.865625 0.1125 0.13984375