2 0.88984375 0.153125 0.009375 0.02421875
2 0.9109375 0.16328125 0.0109375 0.02421875
2 0.9421875 0.18203125 0.009375 0.02421875
2 0.87578125 0.16875 0.0109375 0.028125
2 0.8578125 0.1796875 0.0109375 0.028125
2 0.890625 0.23671875 0.0125 0.028125
2 0.9328125 0.234375 0.0109375 0.03203125
2 0.91171875 0.271875 0.01484375 0.0359375
2 0.91796875 0.3109375 0.01796875 0.0375
2 0.91484375 0.33984375 0.02421875 0.05859375
2 0.84609375 0.32421875 0.02578125 0.06015625
2 0.86328125 0.2609375 0.02265625 0.0546875
2 0.78046875 0.31015625 0.02421875 0.05859375
2 0.796875 0.13125 0.00859375 0.02421875
2 0.82265625 0.140625 0.0109375 0.028125
2 0.83515625 0.15625 0.0109375 0.03046875
2 0.796875 0.159375 0.0109375 0.028125
2 0.7984375 0.2171875 0.01484375 0.03984375
2 0.8390625 0.2078125 0.01171875 0.03203125
2 0.83515625 0.23671875 0.01484375 0.03984375
2 0.78359375 0.14609375 0.009375 0.02421875
2 0.74765625 0.1515625 0.00859375 0.02109375
2 0.7296875 0.15546875 0.01171875 0.03203125
2 0.765625 0.178125 0.0125 0.028125
2 0.7484375 0.20546875 0.0171875 0.04140625
2 0.7625 0.2578125 0.01796875 0.0453125
2 0.7171875 0.24375 0.0203125 0.05078125
2 0.72265625 0.28828125 0.0234375 0.0640625
2 0.71015625 0.12734375 0.0109375 0.03203125
2 0.69609375 0.17109375 0.0125 0.03359375
2 0.69921875 0.20625 0.01796875 0.046875
2 0.6625 0.1828125 0.01484375 0.0375
2 0.6265625 0.20234375 0.015625 0.0359375
2 0.6703125 0.22109375 0.0203125 0.03984375
2 0.66875 0.2828125 0.02578125 0.05234375
2 0.61875 0.253125 0.0234375 0.05078125
2 0.58203125 0.2484375 0.01875 0.05234375
2 0.565625 0.2734375 0.02578125 0.05625
2 0.6828125 0.10625 0.009375 0.02421875
2 0.6828125 0.12265625 0.009375 0.0265625
2 0.64140625 0.11171875 0.009375 0.02421875
2 0.6578125 0.11640625 0.01171875 0.03046875
2 0.65 0.1421875 0.0125 0.028125
2 0.62890625 0.1296875 0.01171875 0.0265625
2 0.57890625 0.125 0.0109375 0.02421875
2 0.6 0.12265625 0.00859375 0.01875
2 0.60546875 0.11015625 0.0109375 0.0171875
2 0.61484375 0.16640625 0.01171875 0.028125
2 0.5921875 0.1453125 0.01171875 0.0265625
2 0.57734375 0.16171875 0.015625 0.0375
2 0.56171875 0.1921875 0.01796875 0.04140625
2 0.46953125 0.13203125 0.009375 0.02265625
2 0.47265625 0.16171875 0.01484375 0.03046875
2 0.48359375 0.1453125 0.01171875 0.02265625
2 0.5125 0.14140625 0.01171875 0.0265625
2 0.50625 0.1796875 0.0125 0.0359375
2 0.51484375 0.17109375 0.0109375 0.03046875
2 0.4796875 0.22578125 0.0171875 0.0453125
2 0.44921875 0.2109375 0.0171875 0.0453125
2 0.421875 0.159375 0.0078125 0.02421875
2 0.4390625 0.17421875 0.0140625 0.03203125
2 0.4078125 0.17109375 0.01171875 0.03359375
2 0.46328125 0.20546875 0.015625 0.03046875
2 0.33984375 0.2 0.0140625 0.03046875
2 0.3484375 0.228125 0.0140625 0.0375
2 0.40078125 0.25078125 0.01796875 0.04140625
2 0.38828125 0.21953125 0.01484375 0.03203125
2 0.384375 0.1921875 0.0125 0.0265625
2 0.2921875 0.2125 0.0109375 0.0265625
2 0.52734375 0.1375 0.01171875 0.0265625