2 0.390625 0.18671875 0.0171875 0.03828125
2 0.415625 0.22109375 0.021875 0.03828125
2 0.45390625 0.22890625 0.02265625 0.04375
2 0.56640625 0.1875 0.0171875 0.0328125
2 0.5671875 0.16171875 0.0171875 0.03125
2 0.62578125 0.259375 0.02265625 0.05546875
2 0.64140625 0.28671875 0.028125 0.06484375
2 0.6359375 0.20390625 0.01875 0.0453125
2 0.68046875 0.17265625 0.0171875 0.03828125
2 0.6859375 0.21875 0.02421875 0.04375
2 0.6625 0.0890625 0.01796875 0.03828125
2 0.93671875 0.22265625 0.01640625 0.03828125