2 0.1984375 0.3515625 0.04453125 0.09296875
2 0.284375 0.25234375 0.02421875 0.0453125
2 0.31484375 0.21640625 0.0140625 0.0265625
2 0.315625 0.26484375 0.0171875 0.03359375
2 0.3375 0.26796875 0.01953125 0.03671875
2 0.3453125 0.2203125 0.01875 0.03359375
2 0.37109375 0.20859375 0.0140625 0.03359375
2 0.37890625 0.228125 0.02109375 0.0296875
2 0.390625 0.19765625 0.021875 0.0453125
2 0.43046875 0.2828125 0.0234375 0.0546875
2 0.4234375 0.2140625 0.02109375 0.04140625
2 0.42578125 0.171875 0.0171875 0.0296875
2 0.440625 0.19453125 0.01875 0.03515625
2 0.46015625 0.21484375 0.01796875 0.03671875
2 0.4625 0.18828125 0.01796875 0.03359375
2 0.45 0.17109375 0.01796875 0.028125
2 0.45078125 0.14609375 0.015625 0.025
2 0.47265625 0.15234375 0.01484375 0.03515625
2 0.49609375 0.1890625 0.01953125 0.03515625
2 0.50390625 0.17421875 0.0171875 0.028125
2 0.4875 0.128125 0.0140625 0.0265625
2 0.52421875 0.13984375 0.01875 0.03359375
2 0.55078125 0.159375 0.0171875 0.03515625
2 0.54609375 0.1921875 0.02109375 0.04140625
2 0.57421875 0.1640625 0.015625 0.03828125
2 0.55546875 0.12109375 0.01328125 0.03203125
2 0.5828125 0.1171875 0.01484375 0.025
2 0.58046875 0.13671875 0.015625 0.0234375
2 0.5921875 0.09921875 0.015625 0.025
2 0.6078125 0.11484375 0.0125 0.0265625
2 0.61796875 0.09765625 0.01328125 0.025
2 0.62109375 0.13828125 0.0171875 0.03359375
2 0.6375 0.109375 0.01328125 0.028125
2 0.65 0.09921875 0.015625 0.03203125
2 0.66796875 0.11796875 0.0171875 0.0296875
2 0.6921875 0.096875 0.015625 0.03359375
2 0.65703125 0.1609375 0.02265625 0.0453125
2 0.665625 0.1984375 0.02109375 0.053125
2 0.60625 0.20859375 0.0265625 0.046875
2 0.61015625 0.25234375 0.03046875 0.0546875
2 0.5625 0.24765625 0.0265625 0.0484375
2 0.546875 0.30546875 0.03359375 0.06484375
2 0.49375 0.29765625 0.028125 0.0515625
2 0.68203125 0.32734375 0.03203125 0.06484375
2 0.6109375 0.33671875 0.03828125 0.0703125
2 0.665625 0.25 0.01953125 0.05
2 0.709375 0.22109375 0.0234375 0.0484375
2 0.71875 0.28203125 0.03046875 0.06640625
2 0.77109375 0.284375 0.0265625 0.0546875
2 0.69765625 0.178125 0.01796875 0.03984375
2 0.69609375 0.1421875 0.01796875 0.03828125
2 0.7125 0.1328125 0.01796875 0.0453125
2 0.73515625 0.1265625 0.015625 0.03359375
2 0.74921875 0.1421875 0.0140625 0.03515625
2 0.73671875 0.1609375 0.01796875 0.03828125
2 0.74921875 0.18671875 0.01796875 0.046875
2 0.76015625 0.17734375 0.0140625 0.03828125
2 0.7671875 0.13046875 0.015625 0.03203125
2 0.7546875 0.103125 0.015625 0.0265625
2 0.80234375 0.17578125 0.021875 0.04140625
2 0.8125 0.12578125 0.0125 0.03203125
2 0.80546875 0.140625 0.01328125 0.021875
2 0.8328125 0.1359375 0.015625 0.03828125
2 0.8265625 0.1671875 0.015625 0.03828125
2 0.84765625 0.1859375 0.0171875 0.0484375
2 0.8671875 0.1640625 0.01875 0.03828125
2 0.86875 0.134375 0.01484375 0.028125
2 0.88125 0.18359375 0.02109375 0.046875
2 0.87265625 0.22578125 0.02265625 0.0515625
2 0.91796875 0.278125 0.02421875 0.06015625
2 0.9234375 0.184375 0.01875 0.04140625
2 0.89765625 0.165625 0.0140625 0.03515625
2 0.90234375 0.1296875 0.01484375 0.0296875
2 0.9265625 0.14765625 0.01484375 0.03203125