2 0.65703125 0.34140625 0.05390625 0.12890625
2 0.84296875 0.37421875 0.0578125 0.115625
2 0.40625 0.38125 0.04375 0.10859375
2 0.32578125 0.359375 0.03984375 0.0921875
2 0.08828125 0.328125 0.04765625 0.07578125
2 0.125 0.3546875 0.03828125 0.0828125
2 0.16328125 0.33671875 0.03828125 0.07265625
2 0.28984375 0.3515625 0.03203125 0.06953125
2 0.2609375 0.34296875 0.0296875 0.059375
2 0.53125 0.35 0.03828125 0.0859375
2 0.72421875 0.3546875 0.03984375 0.0890625
2 0.89296875 0.3546875 0.03828125 0.0828125