1 0.10625 0.21796875 0.009375 0.009375
1 0.47734375 0.26015625 0.0109375 0.009375
1 0.26171875 0.24453125 0.009375 0.0078125
1 0.25546875 0.3015625 0.0140625 0.015625
1 0.240625 0.30234375 0.0109375 0.0109375
1 0.25546875 0.32734375 0.0140625 0.015625
1 0.33203125 0.32265625 0.0125 0.0140625
1 0.3109375 0.33125 0.0125 0.0140625
1 0.284375 0.32578125 0.0109375 0.0109375
1 0.26875 0.33125 0.0125 0.0140625
1 0.2515625 0.24375 0.0109375 0.009375
1 0.2234375 0.25546875 0.0125 0.0109375
1 0.21484375 0.24921875 0.0109375 0.0109375
1 0.19296875 0.30234375 0.0109375 0.0125
1 0.22265625 0.30234375 0.0125 0.0140625
1 0.2140625 0.3359375 0.0125 0.015625
1 0.2046875 0.34453125 0.0125 0.0140625
1 0.15703125 0.33046875 0.0140625 0.0140625
1 0.12890625 0.378125 0.0109375 0.0171875