1 0.4421875 0.4796875 0.378125 0.6390625
1 0.13984375 0.678125 0.103125 0.19296875
1 0.00703125 0.71015625 0.01328125 0.04296875
1 0.0109375 0.69921875 0.021875 0.03984375
1 0.09296875 0.71171875 0.01640625 0.05546875
1 0.20078125 0.728125 0.04140625 0.07265625
1 0.22734375 0.721875 0.03203125 0.06484375
1 0.25390625 0.71796875 0.021875 0.04765625
1 0.28046875 0.71796875 0.03515625 0.06796875
1 0.57578125 0.72578125 0.04140625 0.0828125
1 0.63515625 0.7140625 0.03359375 0.06484375
1 0.7109375 0.7140625 0.025 0.05546875
1 0.825 0.690625 0.046875 0.07734375
1 0.87578125 0.69765625 0.025 0.04296875
1 0.89765625 0.7015625 0.021875 0.0453125
1 0.97890625 0.696875 0.03203125 0.05546875
1 0.8546875 0.6765625 0.0234375 0.05
1 0.92734375 0.69765625 0.028125 0.04765625
2 0.67265625 0.70703125 0.025 0.0453125