2 0.0203125 0.53046875 0.03046875 0.06640625
2 0.1609375 0.57109375 0.0578125 0.11015625
2 0.165625 0.47578125 0.03515625 0.06953125
2 0.2015625 0.5390625 0.04140625 0.075
2 0.10078125 0.60703125 0.04375 0.0734375
2 0.25234375 0.5921875 0.07890625 0.14296875
2 0.32109375 0.740625 0.1515625 0.36015625
2 0.32109375 0.55078125 0.046875 0.078125
2 0.2796875 0.534375 0.04140625 0.0921875
2 0.38046875 0.5828125 0.0390625 0.0828125
2 0.3890625 0.55390625 0.03671875 0.06953125
2 0.4421875 0.58359375 0.0421875 0.09140625
2 0.5203125 0.61328125 0.08203125 0.1609375
2 0.57578125 0.57421875 0.040625 0.0859375
2 0.6140625 0.58515625 0.03515625 0.08828125
2 0.52265625 0.42578125 0.0296875 0.06484375
2 0.90234375 0.6078125 0.0390625 0.07109375
2 0.9234375 0.634375 0.05 0.08671875