2 0.346875 0.22421875 0.0171875 0.034375
2 0.34609375 0.246875 0.02265625 0.028125
2 0.41015625 0.25703125 0.02109375 0.0375
2 0.42890625 0.22421875 0.0171875 0.034375
2 0.44921875 0.23046875 0.01796875 0.0375
2 0.496875 0.2296875 0.021875 0.04296875
2 0.51015625 0.1890625 0.0203125 0.0359375
2 0.52890625 0.14296875 0.01640625 0.0265625
2 0.5578125 0.209375 0.02109375 0.05078125
2 0.596875 0.1875 0.025 0.04609375
2 0.63671875 0.15078125 0.0171875 0.0328125
2 0.60546875 0.2453125 0.02578125 0.05390625
2 0.678125 0.20546875 0.02421875 0.04921875
2 0.73984375 0.19140625 0.01796875 0.028125
2 0.65 0.2515625 0.021875 0.04296875
2 0.6953125 0.2625 0.0203125 0.0390625
2 0.74296875 0.29765625 0.0203125 0.05390625
2 0.7796875 0.30390625 0.03046875 0.06875
2 0.85234375 0.2453125 0.02421875 0.05078125
2 0.859375 0.2140625 0.0203125 0.0375
2 0.87578125 0.31875 0.02421875 0.059375
2 0.91015625 0.23203125 0.01796875 0.034375
2 0.93359375 0.246875 0.0171875 0.05078125
2 0.93828125 0.34765625 0.02109375 0.0578125
2 0.9515625 0.28125 0.0203125 0.05078125
2 0.9515625 0.24296875 0.02421875 0.0390625
2 0.78203125 0.259375 0.03046875 0.0390625
2 0.88515625 0.2859375 0.02734375 0.059375