2 0.17578125 0.46484375 0.04765625 0.09375
2 0.2296875 0.3328125 0.01484375 0.03203125
2 0.2578125 0.340625 0.01953125 0.0421875
2 0.28671875 0.30078125 0.0171875 0.0375
2 0.2796875 0.36875 0.02109375 0.04296875
2 0.33125 0.3546875 0.01953125 0.04609375
2 0.35 0.31484375 0.01640625 0.03359375
2 0.3484375 0.2890625 0.0171875 0.03046875
2 0.38671875 0.3171875 0.01328125 0.03515625
2 0.40234375 0.32734375 0.0203125 0.0375
2 0.4015625 0.29375 0.01640625 0.03515625
2 0.3984375 0.27109375 0.015625 0.0265625
2 0.3890625 0.25390625 0.01484375 0.03046875
2 0.43046875 0.29921875 0.0203125 0.04296875
2 0.4203125 0.26015625 0.01484375 0.02890625
2 0.43515625 0.26171875 0.015625 0.03515625
2 0.4640625 0.29453125 0.015625 0.028125
2 0.46171875 0.25703125 0.015625 0.03203125
2 0.45078125 0.24375 0.0140625 0.0265625
2 0.45859375 0.2328125 0.01328125 0.025
2 0.490625 0.3125 0.01953125 0.0390625
2 0.48671875 0.26484375 0.01640625 0.03359375
2 0.49609375 0.25078125 0.0125 0.025
2 0.50703125 0.275 0.015625 0.03359375
2 0.50859375 0.23984375 0.0125 0.03046875
2 0.52109375 0.24375 0.015625 0.0375
2 0.55390625 0.2171875 0.0125 0.025
2 0.5609375 0.23515625 0.0140625 0.0265625
2 0.56640625 0.2546875 0.0125 0.03203125
2 0.58984375 0.2375 0.01171875 0.02890625
2 0.5875 0.21796875 0.01171875 0.0234375
2 0.59921875 0.203125 0.01328125 0.0265625
2 0.6109375 0.21484375 0.0125 0.025
2 0.62421875 0.2453125 0.0140625 0.03046875
2 0.65078125 0.209375 0.01484375 0.03046875
2 0.65625 0.22578125 0.0125 0.028125
2 0.6671875 0.22421875 0.0125 0.02890625
2 0.5234375 0.35390625 0.02578125 0.05703125
2 0.49453125 0.37421875 0.0265625 0.0625
2 0.5359375 0.3953125 0.03046875 0.0515625
2 0.578125 0.37890625 0.028125 0.0546875
2 0.58203125 0.32421875 0.0203125 0.04609375
2 0.54140625 0.27578125 0.015625 0.03203125
2 0.59921875 0.41953125 0.02578125 0.06171875
2 0.62421875 0.4515625 0.0375 0.07421875
2 0.65078125 0.36328125 0.02578125 0.0484375
2 0.63046875 0.334375 0.0234375 0.04609375
2 0.6171875 0.30078125 0.01953125 0.04296875
2 0.65234375 0.27578125 0.01875 0.0375
2 0.6765625 0.34765625 0.02109375 0.05859375
2 0.68828125 0.50546875 0.040625 0.08203125
2 0.70546875 0.39609375 0.03046875 0.05546875
2 0.765625 0.41875 0.02890625 0.05546875
2 0.7796875 0.48984375 0.03515625 0.0671875
2 0.8234375 0.4328125 0.025 0.0625
2 0.83671875 0.36875 0.02421875 0.0515625
2 0.7921875 0.35625 0.0234375 0.0484375
2 0.8953125 0.46015625 0.0328125 0.0640625
2 0.88828125 0.390625 0.0265625 0.053125
2 0.90078125 0.34921875 0.01875 0.040625
2 0.875 0.32421875 0.021875 0.04609375
2 0.84375 0.33125 0.01953125 0.04296875
2 0.815625 0.30234375 0.021875 0.04453125
2 0.790625 0.29765625 0.01875 0.0375
2 0.7953125 0.271875 0.01796875 0.0359375
2 0.78984375 0.24453125 0.01640625 0.03203125
2 0.7625 0.26015625 0.015625 0.03203125
2 0.75859375 0.23515625 0.01484375 0.02890625
2 0.7390625 0.28203125 0.0171875 0.0390625
2 0.7296875 0.26171875 0.0125 0.02890625
2 0.7453125 0.259375 0.0125 0.03046875
2 0.72890625 0.23046875 0.0140625 0.03203125
2 0.709375 0.2484375 0.015625 0.03359375
2 0.69296875 0.30078125 0.01953125 0.0375
2 0.68671875 0.2484375 0.015625 0.03359375
2 0.81796875 0.25625 0.01484375 0.03515625
2 0.8296875 0.26953125 0.0140625 0.0359375
2 0.8484375 0.2546875 0.01328125 0.0375
2 0.8671875 0.27265625 0.0171875 0.0375
2 0.9046875 0.30390625 0.01484375 0.028125
2 0.90859375 0.278125 0.01328125 0.0234375