2 0.19453125 0.4453125 0.04453125 0.08203125
2 0.05625 0.2421875 0.01796875 0.034375
2 0.046875 0.2625 0.0171875 0.0328125
2 0.09140625 0.228125 0.01640625 0.0328125
2 0.1 0.2421875 0.01640625 0.0421875
2 0.29453125 0.22421875 0.02265625 0.0328125
2 0.61171875 0.10390625 0.0140625 0.0328125
2 0.58046875 0.10859375 0.01640625 0.03046875
2 0.571875 0.1234375 0.02109375 0.0328125
2 0.6515625 0.103125 0.0140625 0.02265625
2 0.6796875 0.1078125 0.0140625 0.025
2 0.43359375 0.17265625 0.01953125 0.02890625
2 0.47109375 0.15390625 0.0171875 0.03984375
2 0.32734375 0.18671875 0.01796875 0.034375
2 0.35390625 0.1953125 0.01953125 0.0328125
2 0.378125 0.19765625 0.02109375 0.04375
2 0.40546875 0.1890625 0.02265625 0.03828125
2 0.48984375 0.1375 0.0203125 0.0421875
2 0.52109375 0.071875 0.01796875 0.025
2 0.33046875 0.23984375 0.02890625 0.0359375
2 0.3609375 0.23828125 0.0203125 0.03046875
2 0.5109375 0.15 0.0171875 0.04375
2 0.52421875 0.13046875 0.01953125 0.03984375
2 0.3828125 0.246875 0.01953125 0.0328125
2 0.4234375 0.25 0.0265625 0.03828125
2 0.484375 0.2 0.0203125 0.0421875
2 0.54765625 0.1453125 0.01796875 0.03828125
2 0.490625 0.2484375 0.02421875 0.05
2 0.53515625 0.2 0.0234375 0.0421875
2 0.58125 0.16875 0.01484375 0.0359375
2 0.63203125 0.146875 0.01640625 0.03828125
2 0.57109375 0.265625 0.02265625 0.04609375
2 0.703125 0.1078125 0.01484375 0.03984375
2 0.66875 0.178125 0.01953125 0.0359375
2 0.61875 0.20859375 0.0234375 0.03984375
2 0.61484375 0.2859375 0.0265625 0.05703125
2 0.64765625 0.33515625 0.034375 0.06328125
2 0.6734375 0.2796875 0.02265625 0.04765625
2 0.5984375 0.23203125 0.0234375 0.04765625
2 0.7 0.19375 0.02421875 0.04375
2 0.7078125 0.1578125 0.01640625 0.0359375
2 0.75625 0.1328125 0.0203125 0.0359375
2 0.7890625 0.13671875 0.0140625 0.03984375
2 0.80546875 0.15 0.01484375 0.0359375
2 0.75078125 0.2 0.0203125 0.034375
2 0.71171875 0.2453125 0.0265625 0.04765625
2 0.7640625 0.2484375 0.0234375 0.0421875
2 0.8 0.2171875 0.02109375 0.03828125
2 0.81171875 0.26328125 0.01953125 0.03828125
2 0.75546875 0.30859375 0.0296875 0.05546875
2 0.74765625 0.38671875 0.02890625 0.059375
2 0.821875 0.3953125 0.0265625 0.06875
2 0.909375 0.10625 0.01796875 0.04375
2 0.93515625 0.22578125 0.01484375 0.04765625
2 0.8828125 0.23828125 0.0171875 0.0421875
2 0.86328125 0.27890625 0.0234375 0.05
2 0.9265625 0.3046875 0.01953125 0.0515625
2 0.83515625 0.309375 0.02421875 0.053125
2 0.91015625 0.34765625 0.0234375 0.053125
2 0.89609375 0.4109375 0.03203125 0.078125
2 0.30859375 0.2328125 0.0171875 0.03046875
2 0.4484375 0.14921875 0.01640625 0.034375
2 0.74296875 0.171875 0.01796875 0.03046875
2 0.65625 0.13671875 0.0125 0.025
2 0.690625 0.115625 0.0140625 0.02890625
2 0.428125 0.14609375 0.01640625 0.025
2 0.5953125 0.140625 0.02109375 0.04375
2 0.4515625 0.2234375 0.0234375 0.04609375