2 0.153125 0.3546875 0.04921875 0.084375
2 0.259375 0.27890625 0.0171875 0.03671875
2 0.29453125 0.26171875 0.021875 0.03828125
2 0.3140625 0.24609375 0.01796875 0.04296875
2 0.34453125 0.2109375 0.01953125 0.03671875
2 0.32890625 0.24140625 0.01875 0.03125
2 0.3609375 0.2421875 0.01875 0.04296875
2 0.37734375 0.225 0.01796875 0.03515625
2 0.384375 0.19609375 0.015625 0.03671875
2 0.4109375 0.16640625 0.01328125 0.03359375
2 0.43203125 0.21953125 0.01953125 0.03984375
2 0.45546875 0.22578125 0.01953125 0.03671875
2 0.47578125 0.24765625 0.0234375 0.04296875
2 0.42421875 0.18203125 0.01953125 0.028125
2 0.4453125 0.18828125 0.01875 0.04140625
2 0.4515625 0.17265625 0.01875 0.03671875
2 0.465625 0.15390625 0.01484375 0.028125
2 0.47734375 0.171875 0.02265625 0.03125
2 0.48203125 0.2046875 0.01953125 0.03359375
2 0.51640625 0.2015625 0.02265625 0.04453125
2 0.51015625 0.16640625 0.01953125 0.03359375
2 0.484375 0.12890625 0.0140625 0.025
2 0.51953125 0.12890625 0.0125 0.028125
2 0.53203125 0.13359375 0.01484375 0.03125
2 0.546875 0.14765625 0.01796875 0.04296875
2 0.5734375 0.17109375 0.01875 0.03984375
2 0.559375 0.109375 0.01484375 0.0296875
2 0.56953125 0.1265625 0.0125 0.0234375
2 0.58359375 0.1328125 0.0125 0.0265625
2 0.59375 0.11796875 0.01328125 0.0234375
2 0.61796875 0.13984375 0.0171875 0.03359375
2 0.63359375 0.11875 0.0171875 0.028125
2 0.61875 0.05546875 0.0140625 0.028125
2 0.64609375 0.09296875 0.01328125 0.0296875
2 0.63359375 0.09609375 0.0125 0.0203125
2 0.6703125 0.11484375 0.015625 0.0296875
2 0.515625 0.275 0.02421875 0.0515625
2 0.53359375 0.34375 0.0296875 0.05625
2 0.5921875 0.35078125 0.0296875 0.0734375
2 0.56796875 0.24453125 0.0203125 0.046875
2 0.60546875 0.27109375 0.0234375 0.05
2 0.634375 0.20703125 0.02265625 0.0515625
2 0.6625 0.20859375 0.021875 0.0515625
2 0.66796875 0.1734375 0.01484375 0.03515625
2 0.69375 0.18046875 0.01953125 0.04140625
2 0.68671875 0.221875 0.025 0.04453125
2 0.65546875 0.29296875 0.028125 0.0578125
2 0.67421875 0.34140625 0.0296875 0.06171875
2 0.73828125 0.2921875 0.028125 0.06953125
2 0.75703125 0.25390625 0.0296875 0.05625
2 0.78984375 0.31640625 0.0265625 0.06484375
2 0.80859375 0.25703125 0.0265625 0.0546875
2 0.7421875 0.1953125 0.0203125 0.0484375
2 0.709375 0.153125 0.0203125 0.046875
2 0.721875 0.140625 0.0171875 0.04140625
2 0.71796875 0.07734375 0.0140625 0.03125
2 0.7375 0.12109375 0.0140625 0.0296875
2 0.75 0.13984375 0.01796875 0.03359375
2 0.7640625 0.1265625 0.01796875 0.04296875
2 0.78203125 0.11875 0.01328125 0.03515625
2 0.79375 0.140625 0.01796875 0.03515625
2 0.8046875 0.13359375 0.015625 0.03125
2 0.7890625 0.184375 0.01953125 0.03671875
2 0.753125 0.175 0.0203125 0.03828125
2 0.87109375 0.240625 0.01796875 0.04296875
2 0.91328125 0.26875 0.0234375 0.05625
2 0.82578125 0.1546875 0.0140625 0.03359375
2 0.84375 0.15625 0.0171875 0.03671875
2 0.83828125 0.13046875 0.01328125 0.025
2 0.8609375 0.1421875 0.01796875 0.04453125
2 0.8921875 0.165625 0.01796875 0.03515625
2 0.92578125 0.19140625 0.01484375 0.03359375
2 0.928125 0.153125 0.01484375 0.03671875
2 0.8921875 0.13671875 0.0125 0.025