2 0.16171875 0.44453125 0.05078125 0.10234375
2 0.27734375 0.2421875 0.01640625 0.03046875
2 0.29453125 0.2640625 0.021875 0.0359375
2 0.33984375 0.26640625 0.021875 0.0375
2 0.36953125 0.3 0.021875 0.0390625
2 0.371875 0.2171875 0.02109375 0.0390625
2 0.39921875 0.2140625 0.0140625 0.03203125
2 0.38515625 0.18046875 0.01484375 0.03046875
2 0.40546875 0.18671875 0.0140625 0.0359375
2 0.4234375 0.1625 0.01640625 0.02734375
2 0.43125 0.17734375 0.0140625 0.03046875
2 0.4453125 0.184375 0.01640625 0.02890625
2 0.4515625 0.2203125 0.0203125 0.0421875
2 0.48203125 0.21484375 0.01953125 0.0375
2 0.475 0.18203125 0.0140625 0.03046875
2 0.4515625 0.14453125 0.0125 0.02578125
2 0.47734375 0.1484375 0.015625 0.02734375
2 0.48984375 0.19296875 0.0171875 0.0359375
2 0.5234375 0.16640625 0.01484375 0.0375
2 0.50078125 0.12734375 0.01171875 0.02421875
2 0.54375 0.18984375 0.0171875 0.0359375
2 0.5828125 0.10546875 0.0140625 0.02578125
2 0.5828125 0.140625 0.0171875 0.0359375
2 0.590625 0.16171875 0.01640625 0.03203125
2 0.55859375 0.12578125 0.01171875 0.02734375
2 0.61015625 0.14609375 0.01640625 0.0359375
2 0.61484375 0.096875 0.0125 0.03203125
2 0.62890625 0.109375 0.01171875 0.02421875
2 0.64453125 0.134375 0.0125 0.02578125
2 0.6640625 0.1015625 0.0140625 0.034375
2 0.69609375 0.10625 0.0140625 0.02734375
2 0.6546875 0.1703125 0.0171875 0.0421875
2 0.65859375 0.21015625 0.02109375 0.04375
2 0.6234375 0.2046875 0.021875 0.04375
2 0.6109375 0.2515625 0.0265625 0.05859375
2 0.5640625 0.24609375 0.0203125 0.0484375
2 0.4828125 0.32890625 0.0359375 0.06484375
2 0.54140625 0.31640625 0.03359375 0.06171875
2 0.60625 0.31640625 0.03203125 0.06484375
2 0.68828125 0.17734375 0.02109375 0.046875
2 0.7109375 0.25859375 0.028125 0.05703125
2 0.69609375 0.3109375 0.03359375 0.05546875
2 0.74296875 0.3265625 0.03203125 0.06953125
2 0.76875 0.26484375 0.025 0.053125
2 0.76171875 0.20546875 0.0203125 0.0421875
2 0.72421875 0.190625 0.021875 0.046875
2 0.740625 0.14296875 0.0203125 0.0390625
2 0.73125 0.1109375 0.0140625 0.03046875
2 0.7609375 0.12578125 0.0140625 0.034375
2 0.78125 0.13671875 0.01484375 0.034375
2 0.81015625 0.14765625 0.01796875 0.0359375
2 0.81953125 0.12421875 0.015625 0.034375
2 0.83359375 0.14453125 0.0140625 0.03203125
2 0.84296875 0.1703125 0.01796875 0.0390625
2 0.82734375 0.18828125 0.01953125 0.0484375
2 0.803125 0.24453125 0.02109375 0.05546875
2 0.80390625 0.37265625 0.03125 0.078125
2 0.834375 0.31171875 0.0296875 0.06640625
2 0.85078125 0.2484375 0.021875 0.05
2 0.8609375 0.20859375 0.01953125 0.040625
2 0.853125 0.1421875 0.01640625 0.02734375
2 0.86796875 0.13125 0.0125 0.03203125
2 0.88359375 0.14375 0.01484375 0.034375
2 0.88984375 0.17109375 0.01796875 0.040625
2 0.91171875 0.2 0.01484375 0.0375
2 0.91953125 0.15390625 0.0140625 0.0359375
2 0.9015625 0.21484375 0.01796875 0.05
2 0.90859375 0.253125 0.02265625 0.0453125
2 0.9078125 0.296875 0.025 0.05546875
2 0.8921875 0.35 0.03203125 0.07421875