2 0.20703125 0.471875 0.03671875 0.07578125
2 0.2546875 0.2671875 0.01640625 0.028125
2 0.27578125 0.27421875 0.01328125 0.025
2 0.3 0.26875 0.0171875 0.028125
2 0.30234375 0.3078125 0.0234375 0.0359375
2 0.315625 0.2328125 0.015625 0.025
2 0.35859375 0.215625 0.01640625 0.0296875
2 0.3640625 0.22890625 0.01640625 0.0296875
2 0.37734375 0.284375 0.0234375 0.0359375
2 0.41015625 0.2640625 0.0234375 0.04453125
2 0.378125 0.1921875 0.0140625 0.0265625
2 0.39453125 0.1875 0.0140625 0.0265625
2 0.39375 0.21953125 0.01640625 0.028125
2 0.42265625 0.1984375 0.015625 0.03125
2 0.44375 0.23671875 0.0171875 0.0359375
2 0.4640625 0.19296875 0.0140625 0.03125
2 0.453125 0.1734375 0.0140625 0.028125
2 0.48515625 0.23125 0.0203125 0.04140625
2 0.47265625 0.14765625 0.01171875 0.02265625
2 0.49296875 0.1390625 0.0125 0.01796875
2 0.4890625 0.159375 0.01171875 0.02265625
2 0.50078125 0.19453125 0.01640625 0.03125
2 0.53203125 0.2 0.0171875 0.028125
2 0.55 0.16953125 0.0171875 0.0328125
2 0.50078125 0.15078125 0.01328125 0.02109375
2 0.58515625 0.17578125 0.01640625 0.0359375
2 0.57578125 0.14921875 0.01328125 0.025
2 0.5796875 0.1203125 0.01171875 0.02265625
2 0.61015625 0.12265625 0.01171875 0.02109375
2 0.6125 0.146875 0.0140625 0.028125
2 0.6328125 0.121875 0.01328125 0.0265625
2 0.63515625 0.140625 0.0140625 0.028125
2 0.65078125 0.1375 0.01796875 0.028125
2 0.69375 0.11953125 0.0125 0.025
2 0.5734375 0.2390625 0.021875 0.05078125
2 0.5921875 0.28515625 0.02734375 0.05078125
2 0.52421875 0.30390625 0.02578125 0.05234375
2 0.64609375 0.3 0.028125 0.05390625
2 0.62265625 0.2484375 0.02734375 0.05234375
2 0.65703125 0.2015625 0.015625 0.034375
2 0.68828125 0.20546875 0.01796875 0.0328125
2 0.7078125 0.15390625 0.01640625 0.034375
2 0.72890625 0.15234375 0.01328125 0.03125
2 0.73671875 0.17734375 0.015625 0.0328125
2 0.75078125 0.19921875 0.01796875 0.03984375
2 0.72578125 0.23046875 0.01953125 0.0359375
2 0.69453125 0.26328125 0.0234375 0.04921875
2 0.73828125 0.271875 0.02421875 0.04765625
2 0.7796875 0.2328125 0.0234375 0.04140625
2 0.79609375 0.203125 0.01796875 0.04140625
2 0.7953125 0.16328125 0.01640625 0.03125
2 0.77578125 0.14453125 0.0140625 0.0328125
2 0.78984375 0.13359375 0.0140625 0.0265625
2 0.75703125 0.12109375 0.01328125 0.025
2 0.809375 0.15234375 0.01171875 0.02109375
2 0.821875 0.171875 0.0140625 0.028125
2 0.85703125 0.15390625 0.0125 0.025
2 0.87109375 0.165625 0.0140625 0.028125
2 0.86875 0.19140625 0.015625 0.03125
2 0.8609375 0.21953125 0.01953125 0.04140625
2 0.91875 0.1625 0.01328125 0.0296875
2 0.9140625 0.19375 0.015625 0.0296875
2 0.946875 0.23984375 0.01796875 0.0328125
2 0.94765625 0.2671875 0.02109375 0.04140625
2 0.8640625 0.27890625 0.02734375 0.04765625
2 0.86484375 0.33203125 0.028125 0.05625
2 0.79453125 0.29375 0.03046875 0.05078125