2 0.11171875 0.434375 0.05234375 0.06796875
2 0.2296875 0.521875 0.05234375 0.07265625
2 0.3453125 0.48515625 0.05078125 0.07734375
2 0.43359375 0.50625 0.06328125 0.09921875
2 0.50625 0.53046875 0.06328125 0.08984375
2 0.46015625 0.49296875 0.03984375 0.07265625
2 0.52734375 0.484375 0.04765625 0.0609375
2 0.61328125 0.509375 0.0453125 0.05859375
2 0.69296875 0.5046875 0.08359375 0.140625
2 0.65 0.48046875 0.03125 0.0484375
2 0.7921875 0.5125 0.078125 0.11171875
2 0.85546875 0.53984375 0.0671875 0.109375
2 0.85703125 0.48046875 0.04921875 0.0828125
2 0.940625 0.49296875 0.0671875 0.096875
2 0.97890625 0.478125 0.03828125 0.07265625