2 0.94765625 0.703125 0.1015625 0.3953125
2 0.8078125 0.2640625 0.03671875 0.06796875
2 0.76484375 0.3015625 0.0421875 0.09296875
2 0.69921875 0.290625 0.0421875 0.0796875
2 0.61328125 0.3640625 0.06015625 0.10078125
2 0.553125 0.3921875 0.071875 0.14375
2 0.58984375 0.31484375 0.03671875 0.084375
2 0.52265625 0.3046875 0.034375 0.0609375
2 0.4703125 0.35 0.0515625 0.09921875
2 0.38671875 0.396875 0.06171875 0.10703125
2 0.39921875 0.33515625 0.040625 0.07421875
2 0.3390625 0.5390625 0.1203125 0.18671875
2 0.19609375 0.49296875 0.08359375 0.171875
2 0.23515625 0.42109375 0.06640625 0.1203125
2 0.28046875 0.36015625 0.04140625 0.0859375
2 0.296875 0.31796875 0.03203125 0.0546875
2 0.34140625 0.325 0.03203125 0.06953125
2 0.2359375 0.32578125 0.04765625 0.06796875
2 0.1953125 0.35 0.03671875 0.07421875
2 0.1453125 0.42109375 0.05 0.09296875
2 0.121875 0.3703125 0.0453125 0.0890625
2 0.04765625 0.3671875 0.04765625 0.0625