2 0.24921875 0.265625 0.02421875 0.0515625
2 0.325 0.20625 0.02109375 0.03984375
2 0.36796875 0.19453125 0.015625 0.03203125
2 0.3984375 0.1734375 0.015625 0.0296875
2 0.4140625 0.17578125 0.01640625 0.03359375
2 0.4296875 0.171875 0.015625 0.03359375
2 0.4390625 0.15703125 0.01328125 0.028125
2 0.44296875 0.14296875 0.0109375 0.0234375
2 0.4609375 0.16796875 0.01484375 0.03359375
2 0.47421875 0.1640625 0.0125 0.03359375
2 0.471875 0.21015625 0.0203125 0.04375
2 0.49921875 0.19375 0.01640625 0.03359375
2 0.5 0.1625 0.01640625 0.03203125
2 0.48203125 0.14375 0.01015625 0.021875
2 0.4640625 0.1421875 0.01328125 0.02578125
2 0.496875 0.13203125 0.0125 0.02578125
2 0.5203125 0.171875 0.01484375 0.03359375
2 0.5359375 0.14765625 0.01328125 0.0296875
2 0.52578125 0.13125 0.0109375 0.028125
2 0.5453125 0.18828125 0.01640625 0.03203125
2 0.53359375 0.21953125 0.0203125 0.04140625
2 0.57734375 0.18671875 0.0203125 0.0359375
2 0.55859375 0.15859375 0.01640625 0.03203125
2 0.56953125 0.13515625 0.01328125 0.03203125
2 0.5796875 0.125 0.01328125 0.03203125
2 0.59921875 0.14453125 0.015625 0.028125
2 0.61875 0.17734375 0.015625 0.0296875
2 0.6203125 0.15546875 0.0109375 0.021875
2 0.6203125 0.1109375 0.0125 0.0234375
2 0.6546875 0.13671875 0.01484375 0.028125
2 0.6609375 0.11640625 0.01015625 0.021875
2 0.6765625 0.11875 0.0125 0.0234375
2 0.70390625 0.12421875 0.00859375 0.021875
2 0.5859375 0.2421875 0.0234375 0.04765625
2 0.63203125 0.20234375 0.01796875 0.0515625
2 0.65703125 0.19453125 0.0203125 0.0359375
2 0.66484375 0.2265625 0.02421875 0.0515625
2 0.70859375 0.2328125 0.021875 0.05390625
2 0.69609375 0.17578125 0.01640625 0.0375
2 0.71640625 0.18125 0.01796875 0.0375
2 0.721875 0.1484375 0.015625 0.03203125
2 0.73828125 0.153125 0.01328125 0.0234375
2 0.74140625 0.17890625 0.01640625 0.0359375
2 0.759375 0.1421875 0.0109375 0.0296875
2 0.76875 0.17734375 0.015625 0.03359375
2 0.77734375 0.15703125 0.0125 0.028125
2 0.78671875 0.1796875 0.01484375 0.03359375
2 0.7984375 0.20703125 0.015625 0.0375
2 0.79765625 0.14375 0.0109375 0.0296875
2 0.8078125 0.1625 0.015625 0.028125
2 0.8234375 0.13828125 0.01328125 0.0296875
2 0.82890625 0.1734375 0.0125 0.0296875
2 0.8234375 0.20078125 0.01484375 0.0359375
2 0.8546875 0.21015625 0.01640625 0.0359375
2 0.85390625 0.15390625 0.01328125 0.03359375
2 0.88515625 0.15703125 0.015625 0.03203125
2 0.9078125 0.17734375 0.0109375 0.0296875
2 0.896875 0.24296875 0.01875 0.04921875
2 0.8796875 0.27578125 0.021875 0.03984375
2 0.92578125 0.2640625 0.01796875 0.0515625
2 0.9375 0.2328125 0.01640625 0.0375
2 0.9375 0.2046875 0.0125 0.0234375
2 0.9390625 0.17265625 0.01484375 0.028125