2 0.1234375 0.4765625 0.05078125 0.09140625
2 0.2171875 0.25703125 0.01796875 0.03359375
2 0.246875 0.24921875 0.021875 0.0359375
2 0.28671875 0.21796875 0.01640625 0.03125
2 0.33671875 0.22421875 0.02578125 0.04453125
2 0.325 0.19453125 0.021875 0.02890625
2 0.365625 0.19140625 0.015625 0.0359375
2 0.37890625 0.1796875 0.01875 0.0265625
2 0.3859375 0.2296875 0.01796875 0.0421875
2 0.40625 0.215625 0.015625 0.03125
2 0.40546875 0.17421875 0.01796875 0.03359375
2 0.45078125 0.2734375 0.02265625 0.04453125
2 0.43984375 0.18359375 0.0203125 0.0375
2 0.446875 0.15703125 0.0140625 0.02890625
2 0.46796875 0.15546875 0.01796875 0.021875
2 0.50390625 0.14765625 0.01875 0.0375
2 0.50546875 0.18671875 0.0203125 0.03984375
2 0.4828125 0.2203125 0.02265625 0.03984375
2 0.534375 0.1578125 0.01875 0.0359375
2 0.56484375 0.13359375 0.01640625 0.03125
2 0.56171875 0.19921875 0.01796875 0.03359375
2 0.58671875 0.18203125 0.01640625 0.0265625
2 0.5671875 0.1546875 0.01640625 0.02890625
2 0.5859375 0.13125 0.015625 0.0265625
2 0.58984375 0.15703125 0.01875 0.03359375
2 0.61015625 0.1765625 0.01640625 0.02890625
2 0.62890625 0.184375 0.015625 0.0359375
2 0.60546875 0.12421875 0.01640625 0.03125
2 0.6140625 0.14765625 0.01640625 0.03359375
2 0.63828125 0.12578125 0.0140625 0.02890625
2 0.6625 0.1359375 0.0140625 0.03125
2 0.675 0.1265625 0.0140625 0.03125
2 0.66484375 0.16640625 0.0140625 0.0265625
2 0.62421875 0.253125 0.02421875 0.04453125
2 0.5828125 0.2953125 0.02421875 0.04921875
2 0.6140625 0.32109375 0.02265625 0.046875
2 0.6734375 0.33984375 0.02265625 0.053125
2 0.67890625 0.20546875 0.01875 0.0375
2 0.69375 0.13125 0.0125 0.021875
2 0.715625 0.15234375 0.015625 0.03359375
2 0.69375 0.16015625 0.01796875 0.0265625
2 0.70078125 0.1953125 0.01875 0.0359375
2 0.73359375 0.234375 0.02421875 0.0375
2 0.7328125 0.34453125 0.02890625 0.0625
2 0.753125 0.17890625 0.01640625 0.03359375
2 0.775 0.17421875 0.01796875 0.03359375
2 0.74765625 0.2078125 0.01640625 0.0375
2 0.784375 0.215625 0.015625 0.03125
2 0.80078125 0.20234375 0.015625 0.03125
2 0.8109375 0.17578125 0.01640625 0.0359375
2 0.84375 0.196875 0.01796875 0.02890625
2 0.825 0.20546875 0.01640625 0.02890625
2 0.79375 0.23984375 0.01640625 0.0359375
2 0.753125 0.25703125 0.0203125 0.0421875
2 0.815625 0.2625 0.0203125 0.04453125
2 0.8625 0.296875 0.01875 0.0375
2 0.86875 0.20859375 0.01796875 0.03125
2 0.878125 0.20546875 0.015625 0.02890625
2 0.90078125 0.20703125 0.015625 0.0359375
2 0.8984375 0.234375 0.0125 0.03359375
2 0.8875 0.25703125 0.01640625 0.0421875
2 0.87421875 0.27890625 0.01796875 0.0375
2 0.88671875 0.34921875 0.0203125 0.0578125
2 0.79609375 0.378125 0.03203125 0.06640625
2 0.9453125 0.221875 0.015625 0.0359375
2 0.978125 0.228125 0.01015625 0.03359375
2 0.9296875 0.2421875 0.0140625 0.03125
2 0.921875 0.2953125 0.01640625 0.04453125
2 0.97265625 0.271875 0.01171875 0.02890625
2 0.971875 0.2921875 0.0125 0.0375
2 0.97109375 0.31796875 0.0140625 0.04453125
2 0.94375 0.3296875 0.01875 0.06015625
2 0.9484375 0.4109375 0.01875 0.053125
2 0.86640625 0.41875 0.02578125 0.06875