2 0.05 0.403125 0.03984375 0.0765625
2 0.25390625 0.28359375 0.02265625 0.0328125
2 0.28515625 0.26484375 0.01640625 0.03828125
2 0.296875 0.253125 0.01796875 0.04453125
2 0.303125 0.28671875 0.01875 0.03671875
2 0.33125 0.2859375 0.02265625 0.04140625
2 0.3984375 0.29609375 0.02421875 0.0484375
2 0.31640625 0.21796875 0.01640625 0.03515625
2 0.33828125 0.21875 0.01796875 0.03671875
2 0.359375 0.21953125 0.01484375 0.03515625
2 0.378125 0.2296875 0.01640625 0.03828125
2 0.38515625 0.20078125 0.0203125 0.03671875
2 0.40234375 0.1734375 0.015625 0.03515625
2 0.42109375 0.1734375 0.01640625 0.04140625
2 0.43671875 0.19140625 0.01796875 0.03828125
2 0.4125 0.2203125 0.01953125 0.03984375
2 0.42578125 0.240625 0.02109375 0.03984375
2 0.47734375 0.23203125 0.01953125 0.04296875
2 0.45859375 0.203125 0.01640625 0.03828125
2 0.45 0.1671875 0.01640625 0.0234375
2 0.44375 0.14453125 0.01640625 0.0296875
2 0.465625 0.159375 0.01796875 0.03984375
2 0.47734375 0.134375 0.01328125 0.0265625
2 0.49609375 0.146875 0.01484375 0.028125
2 0.5140625 0.1546875 0.01484375 0.03125
2 0.49921875 0.1765625 0.01796875 0.03828125
2 0.53359375 0.20078125 0.01875 0.03671875
2 0.57109375 0.159375 0.01640625 0.03671875
2 0.54609375 0.153125 0.01796875 0.03828125
2 0.528125 0.13671875 0.01796875 0.03515625
2 0.56484375 0.109375 0.01796875 0.0265625
2 0.5796875 0.12421875 0.015625 0.0234375
2 0.584375 0.13984375 0.015625 0.028125
2 0.59765625 0.16484375 0.0234375 0.03515625
2 0.5875 0.09765625 0.01328125 0.0234375
2 0.60703125 0.1109375 0.0125 0.0234375
2 0.609375 0.09609375 0.01015625 0.01953125
2 0.60703125 0.13828125 0.01484375 0.021875
2 0.62734375 0.12265625 0.01953125 0.0296875
2 0.6328125 0.1046875 0.0140625 0.0328125
2 0.66484375 0.12265625 0.01953125 0.03671875
2 0.6890625 0.09453125 0.01796875 0.03671875
2 0.63828125 0.18046875 0.02265625 0.04296875
2 0.603125 0.21171875 0.02109375 0.04140625
2 0.59765625 0.25546875 0.0234375 0.053125
2 0.55390625 0.2421875 0.02578125 0.04609375
2 0.5546875 0.2984375 0.0296875 0.053125
2 0.48671875 0.29296875 0.025 0.0515625
2 0.59296875 0.37578125 0.0296875 0.0546875
2 0.66484375 0.34609375 0.02890625 0.06484375
2 0.67109375 0.23828125 0.025 0.04453125
2 0.66328125 0.20234375 0.0203125 0.04609375
2 0.69453125 0.22109375 0.025 0.0515625
2 0.684375 0.1765625 0.0203125 0.03828125
2 0.67890625 0.1546875 0.02109375 0.03828125
2 0.70625 0.13828125 0.01484375 0.03125
2 0.72265625 0.15703125 0.01640625 0.03828125
2 0.734375 0.13671875 0.015625 0.03515625
2 0.73515625 0.11953125 0.0109375 0.0265625
2 0.740625 0.10078125 0.01640625 0.0296875
2 0.70625 0.28046875 0.03203125 0.059375
2 0.77109375 0.2828125 0.03046875 0.06171875
2 0.75390625 0.22109375 0.025 0.0515625
2 0.7375 0.18046875 0.01875 0.04296875
2 0.753125 0.15859375 0.015625 0.04140625
2 0.76015625 0.1375 0.01640625 0.0296875
2 0.77578125 0.1125 0.01484375 0.0328125
2 0.79296875 0.13671875 0.01328125 0.03515625
2 0.80703125 0.12109375 0.01484375 0.0328125
2 0.8140625 0.15625 0.01484375 0.03671875
2 0.82734375 0.14609375 0.0140625 0.0328125
2 0.7875 0.18125 0.01875 0.04453125
2 0.8375 0.190625 0.01953125 0.04609375
2 0.86328125 0.2265625 0.01796875 0.04453125
2 0.8703125 0.20078125 0.01875 0.05
2 0.85234375 0.159375 0.0140625 0.0328125
2 0.86484375 0.1265625 0.0125 0.03125
2 0.8625 0.15 0.015625 0.03515625
2 0.88515625 0.16796875 0.01328125 0.03828125
2 0.8921875 0.13046875 0.0140625 0.028125
2 0.921875 0.14921875 0.0203125 0.03671875
2 0.91640625 0.26640625 0.02421875 0.0578125