2 0.87890625 0.15625 0.01171875 0.03046875
2 0.84140625 0.15390625 0.01171875 0.03046875
2 0.909375 0.17265625 0.01171875 0.03046875
2 0.9375 0.1703125 0.01171875 0.03046875
2 0.89140625 0.19609375 0.015625 0.03671875
2 0.8625 0.18984375 0.01171875 0.0328125
2 0.85 0.1921875 0.015625 0.03671875
2 0.884375 0.24453125 0.015625 0.04453125
2 0.87421875 0.284375 0.015625 0.05546875
2 0.90546875 0.31953125 0.0203125 0.05546875
2 0.91953125 0.246875 0.01328125 0.040625
2 0.92890625 0.23671875 0.01484375 0.040625
2 0.9359375 0.21640625 0.0125 0.0328125
2 0.93203125 0.284375 0.0203125 0.046875
2 0.90390625 0.4171875 0.03046875 0.07578125
2 0.81875 0.35390625 0.0296875 0.0671875
2 0.8484375 0.30546875 0.021875 0.05546875
2 0.78828125 0.2890625 0.021875 0.05546875
2 0.79140625 0.20625 0.015625 0.040625
2 0.8078125 0.246875 0.015625 0.040625
2 0.83359375 0.2390625 0.01484375 0.040625
2 0.81171875 0.16953125 0.01171875 0.0328125
2 0.8140625 0.1921875 0.015625 0.040625
2 0.82734375 0.17421875 0.01328125 0.034375
2 0.7109375 0.1609375 0.01328125 0.0328125
2 0.7375 0.17421875 0.01328125 0.034375
2 0.75625 0.1265625 0.01328125 0.02890625
2 0.753125 0.15078125 0.0125 0.03671875
2 0.7796875 0.14296875 0.01171875 0.02421875
2 0.77265625 0.18125 0.01328125 0.03671875
2 0.7078125 0.19375 0.0171875 0.040625
2 0.70859375 0.23984375 0.01953125 0.05078125
2 0.73125 0.33984375 0.02734375 0.0671875
2 0.6875 0.33046875 0.02578125 0.065625
2 0.63125 0.22265625 0.01796875 0.04453125
2 0.6375 0.246875 0.01953125 0.04453125
2 0.66875 0.2765625 0.01953125 0.046875
2 0.66171875 0.190625 0.015625 0.0390625
2 0.67109375 0.2203125 0.0171875 0.040625
2 0.7015625 0.12421875 0.009375 0.02421875
2 0.68046875 0.11328125 0.01015625 0.02265625
2 0.64453125 0.10390625 0.009375 0.0203125
2 0.63984375 0.11953125 0.01015625 0.02265625
2 0.66015625 0.1109375 0.01015625 0.01875
2 0.66484375 0.1234375 0.009375 0.02265625
2 0.646875 0.14296875 0.01328125 0.0328125
2 0.628125 0.1421875 0.01015625 0.03046875
2 0.63046875 0.153125 0.0125 0.0328125
2 0.609375 0.10625 0.01171875 0.02421875
2 0.584375 0.1140625 0.01171875 0.02890625
2 0.60234375 0.1234375 0.01171875 0.034375
2 0.578125 0.140625 0.01171875 0.02890625
2 0.55390625 0.11875 0.009375 0.0203125
2 0.59921875 0.14375 0.01328125 0.03046875
2 0.5796875 0.1765625 0.0125 0.034375
2 0.5515625 0.1640625 0.01328125 0.034375
2 0.56015625 0.1859375 0.0171875 0.03671875
2 0.5421875 0.13671875 0.01328125 0.02890625
2 0.52890625 0.15390625 0.01328125 0.03046875
2 0.50546875 0.134375 0.0125 0.02421875
2 0.5 0.1578125 0.0125 0.03046875
2 0.4265625 0.15078125 0.01171875 0.02890625
2 0.459375 0.15078125 0.0125 0.02890625
2 0.4765625 0.18046875 0.01328125 0.0390625
2 0.475 0.16015625 0.0125 0.03046875
2 0.41875 0.18671875 0.015625 0.0390625
2 0.4203125 0.20234375 0.01171875 0.03671875
2 0.4390625 0.19375 0.015625 0.0328125
2 0.44296875 0.22578125 0.01953125 0.0390625
2 0.4765625 0.23125 0.0203125 0.04296875
2 0.46953125 0.1359375 0.01015625 0.02265625
2 0.4953125 0.12734375 0.01015625 0.02265625
2 0.18984375 0.39609375 0.04296875 0.08984375
2 0.31875 0.23125 0.015625 0.034375
2 0.3265625 0.20703125 0.01328125 0.03046875
2 0.3515625 0.19609375 0.01328125 0.02890625
2 0.53203125 0.28359375 0.01953125 0.04921875
2 0.5796875 0.23359375 0.01953125 0.04296875
2 0.5953125 0.27265625 0.02421875 0.059375
2 0.5953125 0.31328125 0.028125 0.0671875