2 0.05859375 0.4234375 0.03828125 0.090625
2 0.08671875 0.43203125 0.0484375 0.09375
2 0.31484375 0.21015625 0.01953125 0.0265625
2 0.34609375 0.240625 0.0171875 0.03125
2 0.3828125 0.22109375 0.0203125 0.04453125
2 0.3984375 0.1921875 0.015625 0.0328125
2 0.46328125 0.17109375 0.02109375 0.04296875
2 0.49609375 0.090625 0.009375 0.02265625
2 0.5234375 0.24921875 0.0296875 0.05390625
2 0.565625 0.146875 0.025 0.04140625
2 0.5859375 0.18046875 0.02421875 0.04765625
2 0.6015625 0.13125 0.021875 0.03984375
2 0.63046875 0.19765625 0.025 0.04609375
2 0.58671875 0.30546875 0.03359375 0.0578125
2 0.64375 0.128125 0.0171875 0.04609375
2 0.65546875 0.13984375 0.0171875 0.04921875
2 0.68125 0.13515625 0.01953125 0.04296875