2 0.14375 0.2203125 0.01953125 0.03046875
2 0.2859375 0.4 0.0578125 0.1125
2 0.39609375 0.51328125 0.06640625 0.13671875
2 0.34453125 0.2078125 0.02109375 0.04765625
2 0.4 0.26640625 0.02109375 0.0421875
2 0.4234375 0.21015625 0.015625 0.03203125
2 0.46875 0.22421875 0.01796875 0.034375
2 0.49921875 0.20703125 0.02109375 0.034375
2 0.575 0.109375 0.01171875 0.025
2 0.60625 0.10703125 0.0109375 0.02109375
2 0.63671875 0.11484375 0.009375 0.025
2 0.5828125 0.25390625 0.02578125 0.0359375
2 0.61484375 0.24296875 0.0234375 0.0421875
2 0.653125 0.12265625 0.0109375 0.0171875