2 0.23046875 0.275 0.03046875 0.0484375
2 0.378125 0.271875 0.028125 0.0359375
2 0.41015625 0.2765625 0.0296875 0.05546875
2 0.4609375 0.22109375 0.021875 0.04453125
2 0.4859375 0.3078125 0.0296875 0.065625
2 0.5375 0.32890625 0.0265625 0.05
2 0.5890625 0.38984375 0.0375 0.05703125
2 0.634375 0.2453125 0.02734375 0.03125
2 0.67578125 0.20859375 0.02578125 0.0484375
2 0.7890625 0.278125 0.0265625 0.04140625
2 0.85 0.31015625 0.02578125 0.046875
2 0.90546875 0.1484375 0.01875 0.02734375
2 0.93671875 0.1578125 0.021875 0.04296875
2 0.56953125 0.134375 0.0234375 0.03125
2 0.59609375 0.11640625 0.01953125 0.0359375
2 0.4171875 0.16328125 0.02421875 0.0328125