2 0.81484375 0.4453125 0.09765625 0.14375
2 0.178125 0.44140625 0.09609375 0.15234375
2 0.26875 0.43828125 0.06171875 0.109375
2 0.72578125 0.4078125 0.06015625 0.1015625
2 0.32578125 0.4015625 0.06015625 0.09296875
2 0.484375 0.384375 0.05234375 0.075
2 0.60390625 0.3890625 0.03984375 0.075
2 0.68671875 0.4015625 0.03828125 0.08828125
2 0.96484375 0.509375 0.065625 0.25625
1 0.75234375 0.5765625 0.1375 0.14765625
1 0.73046875 0.76328125 0.21484375 0.26484375
1 0.9109375 0.75 0.178125 0.23046875