2 0.184375 0.46640625 0.046875 0.08203125
2 0.3625 0.2796875 0.02578125 0.05703125
2 0.38984375 0.32578125 0.034375 0.078125
2 0.26796875 0.21953125 0.0171875 0.02890625
2 0.34296875 0.1875 0.0140625 0.03203125
2 0.36484375 0.1875 0.01484375 0.02890625
2 0.36484375 0.21796875 0.0171875 0.025
2 0.34140625 0.2375 0.02109375 0.034375
2 0.4078125 0.2046875 0.015625 0.02890625
2 0.39375 0.1875 0.0125 0.025
2 0.3796875 0.18359375 0.0125 0.025
2 0.44296875 0.21796875 0.015625 0.0359375
2 0.4140625 0.2578125 0.0203125 0.03984375
2 0.47109375 0.2078125 0.0234375 0.03984375
2 0.43984375 0.171875 0.0140625 0.03203125
2 0.4375 0.13984375 0.0140625 0.02890625
2 0.471875 0.16796875 0.015625 0.02109375
2 0.509375 0.18046875 0.01796875 0.03828125
2 0.5421875 0.1921875 0.01796875 0.0421875
2 0.51796875 0.1640625 0.01796875 0.0359375
2 0.50625 0.1328125 0.0140625 0.03046875
2 0.51953125 0.12578125 0.0140625 0.0265625
2 0.47734375 0.14765625 0.01796875 0.02109375
2 0.534375 0.134375 0.0140625 0.02890625
2 0.578125 0.1671875 0.015625 0.034375
2 0.60859375 0.11484375 0.01953125 0.0359375
2 0.58671875 0.12109375 0.01171875 0.02890625
2 0.65 0.11796875 0.015625 0.03046875
2 0.66328125 0.10078125 0.0171875 0.03046875
2 0.6703125 0.128125 0.0125 0.03203125
2 0.6890625 0.10703125 0.01484375 0.0359375
2 0.7140625 0.11875 0.0140625 0.025
2 0.59609375 0.2453125 0.01953125 0.0421875
2 0.62734375 0.25078125 0.02265625 0.04921875
2 0.72109375 0.240625 0.0203125 0.0359375
2 0.66640625 0.30234375 0.02109375 0.03828125
2 0.66953125 0.178125 0.01953125 0.03203125
2 0.7625 0.34921875 0.02421875 0.0625
2 0.78671875 0.3234375 0.02109375 0.0609375
2 0.759375 0.284375 0.0234375 0.0625
2 0.77265625 0.2734375 0.0203125 0.053125
2 0.76953125 0.20078125 0.0171875 0.0359375
2 0.740625 0.19375 0.0140625 0.0265625
2 0.7609375 0.17890625 0.0125 0.02265625
2 0.74375 0.15078125 0.0171875 0.02109375
2 0.71875 0.16328125 0.01796875 0.02265625
2 0.75546875 0.13515625 0.0140625 0.02265625
2 0.77734375 0.153125 0.01171875 0.025
2 0.796875 0.15625 0.0140625 0.03046875
2 0.8109375 0.14609375 0.0125 0.03046875
2 0.80390625 0.12265625 0.0125 0.025
2 0.825 0.13125 0.01171875 0.0265625
2 0.83828125 0.15 0.01171875 0.03046875
2 0.853125 0.1484375 0.01171875 0.03046875
2 0.82890625 0.18359375 0.0140625 0.02890625
2 0.8515625 0.225 0.0171875 0.03984375
2 0.8453125 0.203125 0.0125 0.03046875
2 0.85625 0.18515625 0.01171875 0.02890625
2 0.8734375 0.1625 0.01484375 0.0359375
2 0.88359375 0.14296875 0.01484375 0.034375
2 0.909375 0.1484375 0.01484375 0.034375
2 0.83671875 0.35703125 0.0265625 0.0453125
2 0.90703125 0.38984375 0.0234375 0.04921875
2 0.90859375 0.31953125 0.02109375 0.0453125
2 0.8828125 0.2546875 0.0234375 0.04921875
2 0.934375 0.28515625 0.02265625 0.04921875
2 0.93046875 0.2421875 0.015625 0.02890625
2 0.89921875 0.20078125 0.0140625 0.025
2 0.89140625 0.2265625 0.01953125 0.03828125
2 0.9515625 0.20234375 0.0140625 0.03203125
2 0.94140625 0.19140625 0.0109375 0.02890625
2 0.95234375 0.16953125 0.0125 0.0265625