2 0.14765625 0.33828125 0.0265625 0.05625
2 0.1671875 0.37578125 0.034375 0.0859375
2 0.22265625 0.32421875 0.02734375 0.0703125
2 0.2296875 0.271875 0.021875 0.0546875
2 0.2671875 0.2546875 0.0234375 0.040625
2 0.29375 0.2265625 0.01875 0.04375
2 0.31796875 0.23671875 0.02265625 0.05234375
2 0.3421875 0.23828125 0.02265625 0.0546875
2 0.3140625 0.34765625 0.0375 0.07421875
2 0.3609375 0.440625 0.0515625 0.10390625
2 0.33828125 0.53828125 0.0578125 0.1078125
2 0.39609375 0.21328125 0.021875 0.05625
2 0.41875 0.22109375 0.02734375 0.065625