2 0.18671875 0.44375 0.04140625 0.08046875
2 0.33984375 0.2484375 0.02109375 0.04375
2 0.38515625 0.246875 0.025 0.040625
2 0.4421875 0.26015625 0.01796875 0.040625
2 0.49609375 0.22421875 0.02265625 0.03515625
2 0.440625 0.21875 0.0171875 0.03359375
2 0.38984375 0.19453125 0.0171875 0.03125
2 0.36484375 0.19296875 0.01484375 0.028125
2 0.42109375 0.18359375 0.015625 0.03359375
2 0.46953125 0.1859375 0.01875 0.03125
2 0.46484375 0.14375 0.0140625 0.02421875
2 0.4984375 0.1296875 0.01171875 0.02421875
2 0.525 0.13046875 0.0109375 0.02265625
2 0.540625 0.13046875 0.0125 0.01953125
2 0.51171875 0.18828125 0.0171875 0.0296875
2 0.53671875 0.1984375 0.02109375 0.03125
2 0.58515625 0.17578125 0.01484375 0.03125
2 0.57734375 0.1234375 0.01015625 0.0296875
2 0.615625 0.1125 0.0109375 0.02109375
2 0.61953125 0.14140625 0.0140625 0.0265625
2 0.63515625 0.25703125 0.01953125 0.04375
2 0.584375 0.24296875 0.02265625 0.040625
2 0.62734375 0.21171875 0.01875 0.03359375
2 0.6546875 0.1828125 0.021875 0.03515625
2 0.74609375 0.17734375 0.0140625 0.028125
2 0.73125 0.15078125 0.01171875 0.02421875
2 0.69765625 0.1703125 0.01875 0.02421875
2 0.69609375 0.203125 0.015625 0.03515625
2 0.715625 0.2265625 0.01875 0.0453125
2 0.759375 0.2625 0.01796875 0.03359375
2 0.66640625 0.2765625 0.0265625 0.04765625
2 0.771875 0.30234375 0.02265625 0.05078125
2 0.80078125 0.30546875 0.01875 0.0453125
2 0.834375 0.31328125 0.025 0.05078125
2 0.86328125 0.28125 0.01953125 0.040625
2 0.91015625 0.34765625 0.0234375 0.059375
2 0.92578125 0.3125 0.01796875 0.0421875
2 0.9265625 0.2015625 0.0171875 0.0421875
2 0.94609375 0.178125 0.0109375 0.03359375
2 0.86171875 0.19140625 0.0140625 0.03125
2 0.8875 0.23046875 0.01875 0.040625
2 0.834375 0.23359375 0.0171875 0.03515625
2 0.846875 0.2046875 0.0171875 0.0296875
2 0.8375 0.1859375 0.0171875 0.03125
2 0.93046875 0.2859375 0.015625 0.03828125