2 0.20234375 0.46796875 0.046875 0.09453125
2 0.2921875 0.46796875 0.05078125 0.09765625
2 0.19765625 0.24453125 0.034375 0.06875
2 0.2625 0.209375 0.02265625 0.046875
2 0.3109375 0.1765625 0.0171875 0.03828125
2 0.32421875 0.20078125 0.02109375 0.0484375
2 0.32890625 0.184375 0.01875 0.04140625
2 0.42109375 0.22109375 0.0234375 0.059375
2 0.46953125 0.23671875 0.03359375 0.065625
2 0.41875 0.14453125 0.0140625 0.03515625
2 0.43984375 0.1703125 0.01796875 0.03515625
2 0.4375 0.09453125 0.01796875 0.04140625
2 0.47734375 0.146875 0.0171875 0.03046875
2 0.4703125 0.18125 0.02109375 0.0484375
2 0.51875 0.16484375 0.021875 0.03984375
2 0.5375 0.1515625 0.0171875 0.03359375
2 0.5421875 0.109375 0.0171875 0.03515625
2 0.5640625 0.071875 0.01640625 0.03203125
2 0.5703125 0.15546875 0.01796875 0.03515625
2 0.56171875 0.14921875 0.015625 0.03515625
2 0.609375 0.08828125 0.02109375 0.03828125
2 0.68125 0.10234375 0.0234375 0.0453125
2 0.5796875 0.215625 0.03671875 0.065625
2 0.71640625 0.121875 0.02265625 0.04140625
2 0.7359375 0.0609375 0.01328125 0.03203125
2 0.75234375 0.11953125 0.0234375 0.03984375