2 0.0453125 0.36953125 0.025 0.0546875
2 0.24765625 0.26484375 0.01875 0.03828125
2 0.30234375 0.23984375 0.01796875 0.03828125
2 0.31875 0.26796875 0.0171875 0.03125
2 0.303125 0.27265625 0.01484375 0.03359375
2 0.3234375 0.20546875 0.01484375 0.03125
2 0.33203125 0.21640625 0.015625 0.03125
2 0.35 0.24140625 0.015625 0.04140625
2 0.3625 0.26171875 0.02265625 0.04453125
2 0.38984375 0.28515625 0.025 0.0515625
2 0.3578125 0.2078125 0.01875 0.03984375
2 0.36484375 0.18671875 0.01796875 0.03515625
2 0.38359375 0.1765625 0.0140625 0.03828125
2 0.37890625 0.22109375 0.01953125 0.03984375
2 0.4015625 0.18671875 0.01875 0.03828125
2 0.425 0.23359375 0.02109375 0.04140625
2 0.4375 0.1828125 0.015625 0.03671875
2 0.44375 0.165625 0.01484375 0.025
2 0.46015625 0.19296875 0.01953125 0.03984375
2 0.4703125 0.2265625 0.02421875 0.04453125
2 0.45703125 0.13359375 0.0140625 0.03125
2 0.49140625 0.1921875 0.01796875 0.04140625
2 0.50078125 0.1609375 0.01484375 0.03671875
2 0.484375 0.11953125 0.0125 0.0265625
2 0.4828125 0.15625 0.01484375 0.0296875
2 0.521875 0.19765625 0.02265625 0.046875
2 0.52578125 0.16640625 0.0203125 0.03671875
2 0.54375 0.14765625 0.01953125 0.03359375
2 0.5640625 0.17109375 0.01875 0.03984375
2 0.56640625 0.21796875 0.02578125 0.05
2 0.484375 0.303125 0.02890625 0.06171875
2 0.575 0.2953125 0.0296875 0.06328125
2 0.56328125 0.1125 0.01484375 0.03515625
2 0.57734375 0.1375 0.0140625 0.0296875
2 0.59140625 0.1265625 0.01484375 0.0234375
2 0.61328125 0.1078125 0.0109375 0.0234375
2 0.61484375 0.134375 0.015625 0.0296875
2 0.63046875 0.1265625 0.0109375 0.0296875
2 0.6328125 0.10859375 0.01015625 0.025
2 0.671875 0.1109375 0.0140625 0.03359375
2 0.6609375 0.2046875 0.01953125 0.046875
2 0.64296875 0.19453125 0.015625 0.04296875
2 0.63046875 0.1921875 0.015625 0.04140625
2 0.625 0.23828125 0.02421875 0.0546875
2 0.6265625 0.31015625 0.03203125 0.06484375
2 0.6546875 0.26796875 0.025 0.06171875
2 0.7046875 0.2671875 0.02421875 0.06015625
2 0.6984375 0.20859375 0.01875 0.03828125
2 0.6859375 0.19140625 0.01875 0.04296875
2 0.6828125 0.1484375 0.01875 0.03125
2 0.7078125 0.13984375 0.01875 0.03671875
2 0.73046875 0.10390625 0.015625 0.03125
2 0.75078125 0.134375 0.01796875 0.03671875
2 0.76875 0.1171875 0.01796875 0.03125
2 0.7171875 0.1796875 0.015625 0.03984375
2 0.73125 0.19296875 0.01796875 0.05
2 0.7546875 0.2 0.0203125 0.0515625
2 0.76171875 0.1625 0.01796875 0.03359375
2 0.771875 0.20703125 0.015625 0.03515625
2 0.76484375 0.28515625 0.028125 0.06796875
2 0.83515625 0.303125 0.02890625 0.06796875
2 0.85 0.25703125 0.0234375 0.0578125
2 0.91328125 0.27265625 0.02421875 0.05625
2 0.91328125 0.2390625 0.02265625 0.03984375
2 0.88046875 0.18515625 0.01875 0.03828125
2 0.8828125 0.1609375 0.01796875 0.03984375
2 0.8890625 0.14140625 0.0125 0.0296875
2 0.85859375 0.13984375 0.0140625 0.03671875
2 0.83671875 0.1609375 0.0171875 0.03671875
2 0.8265625 0.20078125 0.01875 0.046875
2 0.80625 0.15625 0.01796875 0.03984375
2 0.7875 0.14140625 0.01484375 0.03671875
2 0.8078125 0.11640625 0.015625 0.0296875
2 0.83125 0.128125 0.0140625 0.03671875