2 0.05 0.403125 0.0296875 0.06640625
2 0.2546875 0.28359375 0.0171875 0.0296875
2 0.28828125 0.259375 0.0140625 0.028125
2 0.29453125 0.25703125 0.01953125 0.0328125
2 0.31171875 0.22109375 0.01484375 0.025
2 0.3484375 0.215625 0.0140625 0.0296875
2 0.34375 0.265625 0.0171875 0.0328125
2 0.3703125 0.2125 0.0140625 0.0296875
2 0.38125 0.2 0.01484375 0.025
2 0.409375 0.17265625 0.01328125 0.0265625
2 0.42734375 0.17109375 0.01328125 0.0265625
2 0.4375 0.2015625 0.01953125 0.03828125
2 0.4046875 0.2890625 0.01953125 0.0515625
2 0.42578125 0.21640625 0.01484375 0.025
2 0.45234375 0.140625 0.01015625 0.01953125
2 0.45625 0.165625 0.015625 0.0328125
2 0.4703125 0.1890625 0.0140625 0.0296875
2 0.45859375 0.2171875 0.0171875 0.03984375
2 0.48359375 0.225 0.01875 0.03515625
2 0.4734375 0.15390625 0.01328125 0.0296875
2 0.48671875 0.13203125 0.009375 0.025
2 0.4984375 0.14453125 0.0109375 0.01953125
2 0.534375 0.1375 0.0171875 0.0328125
2 0.5390625 0.16328125 0.01953125 0.03125
2 0.54921875 0.1921875 0.01875 0.03984375
2 0.49140625 0.19453125 0.01796875 0.03828125
2 0.47734375 0.3015625 0.0234375 0.05
2 0.56953125 0.109375 0.0125 0.0234375
2 0.5828125 0.15234375 0.01484375 0.0296875
2 0.58515625 0.12890625 0.0125 0.01796875
2 0.59375 0.1046875 0.0125 0.0234375
2 0.609375 0.1125 0.0125 0.0234375
2 0.628125 0.09609375 0.009375 0.01953125
2 0.6390625 0.10234375 0.01015625 0.021875
2 0.65 0.1078125 0.01015625 0.0234375
2 0.625 0.13828125 0.0125 0.03125
2 0.61484375 0.19453125 0.0171875 0.04140625
2 0.609375 0.24921875 0.01953125 0.04453125
2 0.5671875 0.246875 0.01953125 0.03984375
2 0.5609375 0.28828125 0.021875 0.05
2 0.61015625 0.32421875 0.0296875 0.0515625
2 0.6765625 0.321875 0.03125 0.05625
2 0.66328125 0.20703125 0.01953125 0.04609375
2 0.653125 0.17890625 0.0171875 0.0296875
2 0.6703125 0.12109375 0.01328125 0.0234375
2 0.678125 0.14609375 0.0140625 0.0296875
2 0.7015625 0.0953125 0.0140625 0.03125
2 0.70859375 0.140625 0.01328125 0.0296875
2 0.70390625 0.175 0.01484375 0.03515625
2 0.70625 0.22578125 0.01796875 0.0328125
2 0.71875 0.29375 0.0234375 0.05
2 0.78125 0.284375 0.025 0.0484375
2 0.77578125 0.21640625 0.01953125 0.04140625
2 0.74765625 0.18125 0.015625 0.03125
2 0.73515625 0.153125 0.0140625 0.03125
2 0.7375 0.11953125 0.0125 0.0265625
2 0.746875 0.13203125 0.01328125 0.028125
2 0.74609375 0.1171875 0.0109375 0.01796875
2 0.76171875 0.15703125 0.015625 0.028125
2 0.76953125 0.125 0.0140625 0.025
2 0.78671875 0.11875 0.01015625 0.025
2 0.7953125 0.13046875 0.01015625 0.028125
2 0.79765625 0.17421875 0.015625 0.0328125
2 0.81015625 0.16171875 0.0125 0.03125
2 0.8109375 0.13046875 0.0125 0.03125
2 0.828125 0.1375 0.01328125 0.0328125
2 0.84296875 0.1734375 0.0140625 0.03515625
2 0.853125 0.15078125 0.01328125 0.03671875
2 0.86328125 0.14296875 0.01328125 0.0265625
2 0.8703125 0.1234375 0.01015625 0.021875
2 0.8984375 0.1296875 0.0125 0.0265625
2 0.88671875 0.16015625 0.0125 0.028125
2 0.884375 0.19375 0.0171875 0.0328125
2 0.8703125 0.22109375 0.01796875 0.03828125
2 0.93046875 0.153125 0.0109375 0.028125
2 0.92578125 0.18984375 0.0125 0.03125
2 0.92109375 0.278125 0.01953125 0.0546875
2 0.690625 0.24921875 0.021875 0.0515625
2 0.3890625 0.2234375 0.01796875 0.03125
2 0.5109375 0.16640625 0.015625 0.03125