2 0.12890625 0.54765625 0.04375 0.0765625
2 0.21953125 0.36171875 0.01796875 0.028125
2 0.2875 0.37734375 0.01953125 0.04140625
2 0.31875 0.396875 0.025 0.0453125
2 0.29140625 0.34296875 0.021875 0.03359375
2 0.28515625 0.309375 0.0171875 0.03359375
2 0.35234375 0.340625 0.01796875 0.04140625
2 0.35703125 0.2984375 0.01796875 0.0296875
2 0.3796875 0.340625 0.015625 0.04375
2 0.403125 0.3375 0.0203125 0.04140625
2 0.384375 0.27890625 0.015625 0.03515625
2 0.40234375 0.28046875 0.01328125 0.0296875
2 0.41015625 0.2984375 0.01484375 0.03515625
2 0.4390625 0.26875 0.01484375 0.03203125
2 0.44765625 0.25859375 0.0140625 0.0296875
2 0.43984375 0.303125 0.02109375 0.04296875
2 0.45546875 0.34140625 0.021875 0.04296875
2 0.46796875 0.3140625 0.01796875 0.04140625
2 0.4578125 0.2796875 0.0140625 0.03046875
2 0.46953125 0.2359375 0.0140625 0.025
2 0.4671875 0.26015625 0.01328125 0.03203125
2 0.48125 0.28359375 0.015625 0.03828125
2 0.5125 0.32109375 0.01953125 0.04296875
2 0.47109375 0.40390625 0.03125 0.0671875
2 0.52890625 0.42109375 0.025 0.05703125
2 0.53046875 0.371875 0.02421875 0.046875
2 0.51328125 0.25546875 0.01328125 0.0265625
2 0.52265625 0.2796875 0.015625 0.03359375
2 0.5453125 0.24765625 0.01484375 0.03046875
2 0.55703125 0.2765625 0.01640625 0.03359375
2 0.57109375 0.26796875 0.0140625 0.03984375
2 0.57109375 0.24453125 0.0140625 0.025
2 0.5546875 0.22578125 0.0125 0.025
2 0.57265625 0.22109375 0.01328125 0.025
2 0.6 0.25078125 0.01328125 0.0296875
2 0.61015625 0.20546875 0.01328125 0.0265625
2 0.62421875 0.21640625 0.0140625 0.025
2 0.6421875 0.25859375 0.01484375 0.03203125
2 0.65703125 0.2171875 0.01171875 0.0265625
2 0.6703125 0.228125 0.01171875 0.028125
2 0.68046875 0.22421875 0.01171875 0.028125
2 0.7015625 0.259375 0.01796875 0.03984375
2 0.5953125 0.3328125 0.021875 0.03984375
2 0.59140625 0.39765625 0.02890625 0.05
2 0.57109375 0.46015625 0.03359375 0.06875
2 0.6359375 0.5 0.03671875 0.071875
2 0.7 0.55390625 0.034375 0.07890625
2 0.66171875 0.3921875 0.025 0.05859375
2 0.68515625 0.37421875 0.0203125 0.04375
2 0.71015625 0.42578125 0.02578125 0.05859375
2 0.7765625 0.446875 0.0296875 0.05703125
2 0.8 0.36796875 0.02421875 0.0515625
2 0.6328125 0.30703125 0.01875 0.03828125
2 0.64296875 0.340625 0.021875 0.04140625
2 0.67734375 0.3265625 0.02265625 0.03671875
2 0.6671875 0.28046875 0.015625 0.03515625
2 0.71015625 0.30078125 0.01875 0.03828125
2 0.72890625 0.24609375 0.0140625 0.03671875
2 0.7390625 0.24609375 0.015625 0.03671875
2 0.74765625 0.22734375 0.0125 0.0296875
2 0.77578125 0.22890625 0.01328125 0.03203125
2 0.7765625 0.27421875 0.0140625 0.03671875
2 0.7625 0.28984375 0.0171875 0.04296875
2 0.79921875 0.25859375 0.0140625 0.0265625
2 0.83359375 0.26640625 0.0125 0.03046875
2 0.80859375 0.27734375 0.01484375 0.0296875
2 0.80625 0.30703125 0.015625 0.04375
2 0.840625 0.30625 0.01484375 0.04296875
2 0.85390625 0.3109375 0.01328125 0.03359375
2 0.8546875 0.2734375 0.0125 0.03828125
2 0.86953125 0.2625 0.0109375 0.03359375
2 0.88125 0.2859375 0.0171875 0.03984375
2 0.92421875 0.2953125 0.01328125 0.0234375
2 0.928125 0.30859375 0.0140625 0.03203125
2 0.93515625 0.3265625 0.01640625 0.03671875
2 0.91875 0.33828125 0.01640625 0.03359375
2 0.921875 0.36015625 0.01640625 0.03984375
2 0.89765625 0.33984375 0.0171875 0.04296875
2 0.86953125 0.3796875 0.021875 0.0546875
2 0.8765625 0.41953125 0.025 0.0546875
2 0.84765625 0.4078125 0.01875 0.0515625
2 0.909375 0.4796875 0.02734375 0.06875
2 0.8390625 0.45703125 0.02734375 0.05546875
2 0.79375 0.58046875 0.0265625 0.075