2 0.1734375 0.49296875 0.04453125 0.08046875
2 0.2578125 0.2640625 0.0203125 0.034375
2 0.2796875 0.2609375 0.01875 0.034375
2 0.37421875 0.27578125 0.01875 0.04140625
2 0.4890625 0.30703125 0.03046875 0.05859375
2 0.54296875 0.3234375 0.028125 0.0390625
2 0.68671875 0.32421875 0.02421875 0.0546875
2 0.71796875 0.33984375 0.02265625 0.06875
2 0.7890625 0.37578125 0.03515625 0.06875
2 0.89140625 0.3765625 0.034375 0.0703125
2 0.90390625 0.29921875 0.0171875 0.05
2 0.82734375 0.31328125 0.02421875 0.05
2 0.76953125 0.27734375 0.0265625 0.05
2 0.70625 0.27109375 0.02734375 0.04140625
2 0.74296875 0.23671875 0.025 0.034375
2 0.7359375 0.18046875 0.01953125 0.04140625
2 0.7796875 0.196875 0.01875 0.04453125
2 0.82890625 0.2015625 0.02109375 0.04296875
2 0.6921875 0.1859375 0.025 0.0328125
2 0.65859375 0.21875 0.03046875 0.04296875
2 0.609375 0.25703125 0.0328125 0.04453125
2 0.55859375 0.26171875 0.028125 0.04609375
2 0.5390625 0.1921875 0.025 0.0375
2 0.43046875 0.23046875 0.025 0.0328125
2 0.40234375 0.22109375 0.0265625 0.02734375
2 0.36640625 0.21875 0.02265625 0.02578125
2 0.7 0.05546875 0.01171875 0.02578125
2 0.8015625 0.13828125 0.02265625 0.0359375
2 0.82734375 0.1390625 0.01640625 0.0375
2 0.84140625 0.1171875 0.01484375 0.0328125
2 0.86640625 0.12890625 0.0171875 0.03125
2 0.88515625 0.13203125 0.01171875 0.0546875
2 0.90390625 0.140625 0.009375 0.034375
2 0.92734375 0.1453125 0.02265625 0.05
2 0.875 0.1953125 0.028125 0.04765625
2 0.925 0.22265625 0.025 0.0375
2 0.8640625 0.25234375 0.0265625 0.04765625
2 0.43984375 0.1921875 0.01953125 0.02421875
2 0.47265625 0.18671875 0.0109375 0.034375
2 0.4875 0.19609375 0.015625 0.0390625
2 0.5109375 0.12421875 0.01484375 0.02890625
2 0.53203125 0.121875 0.015625 0.02734375
2 0.615625 0.14765625 0.0125 0.03125
2 0.64921875 0.140625 0.015625 0.03125
2 0.64921875 0.1109375 0.01875 0.02265625
2 0.58359375 0.1421875 0.01875 0.03125
2 0.56484375 0.13125 0.015625 0.02578125
2 0.44765625 0.1515625 0.015625 0.01875
2 0.4671875 0.15078125 0.01953125 0.02421875
2 0.5875 0.11171875 0.01640625 0.0203125
2 0.54609375 0.06875 0.0171875 0.02734375
2 0.6234375 0.09609375 0.025 0.0375
2 0.3625 0.18984375 0.01640625 0.02265625