2 0.0703125 0.403125 0.0328125 0.08515625
2 0.08125 0.50234375 0.05703125 0.10859375
2 0.13359375 0.41015625 0.0328125 0.0875
2 0.140625 0.3046875 0.015625 0.034375
2 0.24453125 0.34765625 0.0359375 0.07265625
2 0.2734375 0.265625 0.028125 0.053125
2 0.41484375 0.2609375 0.02421875 0.04453125
2 0.38515625 0.2015625 0.0203125 0.0359375
2 0.38828125 0.240625 0.0171875 0.034375
2 0.45078125 0.215625 0.015625 0.03828125
2 0.565625 0.12890625 0.009375 0.01953125
2 0.58828125 0.265625 0.0203125 0.04453125