2 0.2078125 0.36171875 0.046875 0.07578125
2 0.31953125 0.2359375 0.0203125 0.03671875
2 0.32421875 0.20859375 0.01875 0.03671875
2 0.3578125 0.1984375 0.0171875 0.03671875
2 0.4140625 0.20703125 0.0203125 0.03671875
2 0.42578125 0.1859375 0.015625 0.02578125
2 0.41796875 0.16875 0.015625 0.02578125
2 0.44765625 0.21328125 0.01484375 0.03984375
2 0.4625 0.18828125 0.0171875 0.034375
2 0.45703125 0.1546875 0.015625 0.02578125
2 0.4765625 0.16015625 0.01328125 0.0296875
2 0.5015625 0.1625 0.01484375 0.03125
2 0.484375 0.22265625 0.01953125 0.03984375
2 0.4765625 0.134375 0.0125 0.02578125
2 0.50546875 0.14375 0.01171875 0.02421875
2 0.5125 0.1296875 0.0125 0.02421875
2 0.515625 0.14296875 0.015625 0.0296875
2 0.53203125 0.1234375 0.0125 0.01875
2 0.53671875 0.15390625 0.01484375 0.03125
2 0.55078125 0.17109375 0.01328125 0.03125
2 0.55859375 0.1828125 0.01328125 0.0328125
2 0.5546875 0.128125 0.0109375 0.02421875
2 0.57578125 0.153125 0.0125 0.0328125
2 0.59375 0.1140625 0.0109375 0.02421875
2 0.60703125 0.13203125 0.01640625 0.0296875
2 0.59921875 0.1546875 0.01484375 0.03671875
2 0.5875 0.1953125 0.01875 0.03125
2 0.62109375 0.1078125 0.0125 0.02265625
2 0.64609375 0.10625 0.01171875 0.02265625
2 0.66015625 0.11171875 0.01171875 0.0296875
2 0.68828125 0.12734375 0.01171875 0.02265625
2 0.70234375 0.1296875 0.015625 0.034375
2 0.6359375 0.13515625 0.01328125 0.02734375
2 0.6578125 0.14453125 0.01328125 0.02578125
2 0.6453125 0.1515625 0.01484375 0.0296875
2 0.64296875 0.2078125 0.02109375 0.04140625
2 0.59140625 0.240625 0.0234375 0.0515625
2 0.5875 0.27421875 0.025 0.05
2 0.5296875 0.284375 0.0265625 0.05703125
2 0.60703125 0.3203125 0.0328125 0.06953125
2 0.63828125 0.25625 0.0234375 0.0453125
2 0.67109375 0.21328125 0.02109375 0.03984375
2 0.67890625 0.2625 0.025 0.046875
2 0.69765625 0.31640625 0.03125 0.0625
2 0.75078125 0.34921875 0.03125 0.06953125
2 0.828125 0.359375 0.0296875 0.0640625
2 0.896875 0.42265625 0.02890625 0.07421875
2 0.9140625 0.38203125 0.01953125 0.065625
2 0.84609375 0.31953125 0.02109375 0.05703125
2 0.7921875 0.30703125 0.02421875 0.05703125
2 0.8109375 0.271875 0.0234375 0.05859375
2 0.8734375 0.2984375 0.0203125 0.046875
2 0.934375 0.2875 0.02109375 0.0484375
2 0.925 0.2515625 0.015625 0.046875
2 0.93671875 0.2390625 0.0171875 0.0453125
2 0.93671875 0.20625 0.0171875 0.03828125
2 0.91640625 0.17109375 0.015625 0.03125
2 0.88125 0.1546875 0.0125 0.0328125
2 0.89453125 0.20390625 0.01640625 0.0515625
2 0.8828125 0.2265625 0.01875 0.0453125
2 0.875 0.17578125 0.01328125 0.0296875
2 0.8671875 0.19296875 0.01328125 0.0328125
2 0.85703125 0.196875 0.01953125 0.0453125
2 0.84453125 0.215625 0.01640625 0.03984375
2 0.79375 0.22109375 0.015625 0.0453125
2 0.81171875 0.20859375 0.01640625 0.046875
2 0.83046875 0.178125 0.01328125 0.02734375
2 0.83828125 0.16171875 0.01328125 0.0328125
2 0.803125 0.1703125 0.01328125 0.0296875
2 0.77265625 0.184375 0.01953125 0.03984375
2 0.7296875 0.2234375 0.0203125 0.0453125
2 0.7046875 0.2046875 0.01640625 0.04296875
2 0.68515625 0.1765625 0.01875 0.03828125
2 0.71015625 0.16640625 0.015625 0.034375
2 0.74375 0.17890625 0.015625 0.03984375
2 0.75625 0.13125 0.0125 0.03125
2 0.7640625 0.153125 0.015625 0.03671875
2 0.7859375 0.1390625 0.01328125 0.0328125