1 0.04921875 0.4421875 0.0296875 0.04140625
2 0.18046875 0.4140625 0.0890625 0.15
2 0.11796875 0.425 0.03203125 0.0578125
2 0.3890625 0.40078125 0.05546875 0.0859375
2 0.45078125 0.39609375 0.05546875 0.08984375
2 0.5234375 0.40546875 0.03828125 0.0703125
2 0.559375 0.41875 0.034375 0.0640625
2 0.6203125 0.40703125 0.02734375 0.04765625
2 0.6875 0.4140625 0.0421875 0.0671875
2 0.75625 0.40390625 0.040625 0.0671875
2 0.82421875 0.39140625 0.040625 0.0609375
2 0.86796875 0.39296875 0.02578125 0.0578125
2 0.91796875 0.38359375 0.040625 0.0703125
2 0.97734375 0.38515625 0.0234375 0.04765625