2 0.13359375 0.35234375 0.034375 0.065625
2 0.29765625 0.215625 0.01484375 0.0328125
2 0.30703125 0.2359375 0.0171875 0.034375
2 0.33515625 0.23515625 0.0140625 0.03671875
2 0.34921875 0.2 0.01328125 0.034375
2 0.33359375 0.175 0.01484375 0.02890625
2 0.3609375 0.23828125 0.01875 0.0421875
2 0.3890625 0.25078125 0.01875 0.034375
2 0.38828125 0.18671875 0.01484375 0.034375
2 0.4171875 0.1828125 0.01484375 0.0328125
2 0.42265625 0.2015625 0.0140625 0.034375
2 0.43203125 0.22421875 0.01875 0.04375
2 0.45546875 0.21171875 0.01640625 0.02890625
2 0.42265625 0.1421875 0.01015625 0.02578125
2 0.46171875 0.1625 0.01640625 0.0328125
2 0.47109375 0.13984375 0.0140625 0.03125
2 0.4875 0.17421875 0.01484375 0.034375
2 0.503125 0.20234375 0.01328125 0.02890625
2 0.4921875 0.1453125 0.0140625 0.02734375
2 0.48984375 0.134375 0.01328125 0.0203125
2 0.49921875 0.1234375 0.01171875 0.0234375
2 0.51484375 0.1359375 0.01171875 0.0234375
2 0.52578125 0.1203125 0.01171875 0.02578125
2 0.52265625 0.16953125 0.01484375 0.03671875
2 0.5515625 0.153125 0.01484375 0.021875
2 0.55625 0.17421875 0.01640625 0.034375
2 0.55078125 0.1359375 0.0109375 0.0203125
2 0.55703125 0.11875 0.0140625 0.02578125
2 0.584375 0.1140625 0.01171875 0.03125
2 0.5921875 0.103125 0.0109375 0.0234375
2 0.60703125 0.103125 0.01328125 0.0234375
2 0.59921875 0.13125 0.01328125 0.021875
2 0.5875 0.16953125 0.01640625 0.0328125
2 0.58125 0.22890625 0.01796875 0.0421875
2 0.55546875 0.2875 0.03125 0.053125
2 0.49453125 0.28125 0.025 0.05859375
2 0.60078125 0.32734375 0.02109375 0.0671875
2 0.621875 0.246875 0.0203125 0.0453125
2 0.6265625 0.2046875 0.01640625 0.0328125
2 0.61875 0.14140625 0.01328125 0.02734375
2 0.62421875 0.11875 0.01171875 0.02578125
2 0.6328125 0.10234375 0.01171875 0.021875
2 0.66796875 0.09921875 0.01015625 0.02734375
2 0.66484375 0.13046875 0.0109375 0.02734375
2 0.66796875 0.17578125 0.01328125 0.034375
2 0.66796875 0.28203125 0.0203125 0.06015625
2 0.6953125 0.31328125 0.02734375 0.06015625
2 0.721875 0.29140625 0.021875 0.0453125
2 0.71015625 0.225 0.01796875 0.034375
2 0.70625 0.17578125 0.0171875 0.034375
2 0.7078125 0.153125 0.0140625 0.02578125
2 0.68359375 0.1140625 0.01171875 0.02734375
2 0.69140625 0.09453125 0.0109375 0.01796875
2 0.70859375 0.10234375 0.01171875 0.02578125
2 0.74765625 0.125 0.0140625 0.03125
2 0.77890625 0.13515625 0.01484375 0.0328125
2 0.75 0.16328125 0.01640625 0.034375
2 0.75703125 0.175 0.01640625 0.0328125
2 0.8 0.1796875 0.01640625 0.034375
2 0.8015625 0.21171875 0.01796875 0.03984375
2 0.7578125 0.246875 0.021875 0.0421875
2 0.7734375 0.3046875 0.021875 0.06171875
2 0.74296875 0.3921875 0.028125 0.07265625
2 0.8234375 0.40859375 0.028125 0.06171875
2 0.8953125 0.41328125 0.02734375 0.075
2 0.91328125 0.33125 0.02421875 0.05625
2 0.9265625 0.2890625 0.0171875 0.0453125
2 0.8671875 0.265625 0.0203125 0.0453125
2 0.8390625 0.30234375 0.0234375 0.06015625
2 0.8140625 0.2546875 0.02109375 0.053125
2 0.88125 0.22109375 0.0171875 0.03671875
2 0.92421875 0.21953125 0.01875 0.0453125
2 0.8265625 0.16484375 0.01640625 0.0234375