2 0.19765625 0.45390625 0.04921875 0.09921875
2 0.253125 0.4203125 0.04375 0.0890625
2 0.2359375 0.240625 0.0171875 0.03671875
2 0.3484375 0.26796875 0.01875 0.04375
2 0.36640625 0.2625 0.0171875 0.04375
2 0.41875 0.2265625 0.01875 0.03515625
2 0.44140625 0.2296875 0.0171875 0.03515625
2 0.44921875 0.18359375 0.0140625 0.03046875
2 0.4734375 0.19296875 0.01875 0.0421875
2 0.45859375 0.15078125 0.01171875 0.01875
2 0.46796875 0.14453125 0.009375 0.0171875
2 0.48515625 0.128125 0.01171875 0.0203125
2 0.51953125 0.071875 0.01171875 0.021875
2 0.5546875 0.14921875 0.01484375 0.025
2 0.58125 0.1453125 0.01484375 0.02890625
2 0.48984375 0.29453125 0.02578125 0.05078125
2 0.42890625 0.28203125 0.02265625 0.05234375
2 0.5375 0.196875 0.028125 0.04375
2 0.7375 0.05703125 0.00859375 0.0265625
2 0.68046875 0.15625 0.01796875 0.03671875
2 0.6578125 0.24609375 0.01875 0.046875
2 0.71171875 0.28203125 0.02734375 0.05859375
2 0.7109375 0.14140625 0.01484375 0.0265625
2 0.73515625 0.15859375 0.01328125 0.0265625
2 0.7390625 0.14296875 0.01640625 0.03359375
2 0.7515625 0.1703125 0.01328125 0.03046875
2 0.75703125 0.2984375 0.02734375 0.05546875
2 0.7953125 0.1875 0.0171875 0.0390625
2 0.80859375 0.121875 0.01171875 0.025
2 0.915625 0.084375 0.009375 0.0234375
2 0.86953125 0.2265625 0.01640625 0.05234375
2 0.51875 0.1625 0.01875 0.03203125