2 0.165625 0.26640625 0.01953125 0.04453125
2 0.18984375 0.2390625 0.01953125 0.03359375
2 0.296875 0.22734375 0.01328125 0.03359375
2 0.3109375 0.22578125 0.0171875 0.0375
2 0.3625 0.2015625 0.0140625 0.0375
2 0.37421875 0.215625 0.0125 0.03515625
2 0.38515625 0.20859375 0.01640625 0.0296875
2 0.4 0.234375 0.01953125 0.046875
2 0.43828125 0.23671875 0.0171875 0.0484375
2 0.4765625 0.23046875 0.0234375 0.0578125
2 0.45234375 0.1640625 0.01875 0.0296875
2 0.484375 0.21015625 0.0234375 0.05
2 0.459375 0.134375 0.0140625 0.03359375
2 0.49140625 0.1203125 0.015625 0.03515625
2 0.47109375 0.1265625 0.0109375 0.02265625
2 0.5109375 0.14140625 0.01015625 0.02578125
2 0.52421875 0.13828125 0.01015625 0.02578125
2 0.525 0.16953125 0.015625 0.02578125
2 0.5515625 0.18203125 0.01640625 0.03515625
2 0.5484375 0.140625 0.0109375 0.02421875
2 0.5484375 0.09296875 0.01328125 0.02578125
2 0.57109375 0.12890625 0.0140625 0.03359375
2 0.58515625 0.1140625 0.01015625 0.0296875
2 0.6109375 0.12578125 0.01328125 0.02421875
2 0.5890625 0.16484375 0.0125 0.028125
2 0.609375 0.10859375 0.0125 0.02265625
2 0.62890625 0.12890625 0.0125 0.03359375
2 0.628125 0.10390625 0.01015625 0.02421875
2 0.64296875 0.1015625 0.0171875 0.0390625
2 0.66015625 0.12421875 0.0125 0.03203125
2 0.69453125 0.10234375 0.015625 0.0375
2 0.509375 0.215625 0.01953125 0.03515625
2 0.6265625 0.21640625 0.021875 0.04453125
2 0.61640625 0.28046875 0.0234375 0.05
2 0.6765625 0.3609375 0.028125 0.06875
2 0.7015625 0.20546875 0.0171875 0.04140625
2 0.71640625 0.23984375 0.025 0.05
2 0.72890625 0.30625 0.0234375 0.05234375
2 0.77421875 0.23203125 0.0203125 0.0390625
2 0.75078125 0.21171875 0.01953125 0.0390625
2 0.73515625 0.15 0.015625 0.03203125
2 0.76484375 0.15078125 0.0125 0.03359375
2 0.7875 0.13984375 0.0125 0.0296875
2 0.809375 0.159375 0.015625 0.03515625
2 0.8015625 0.22578125 0.0140625 0.0375
2 0.81484375 0.26953125 0.01953125 0.04296875
2 0.77890625 0.4125 0.02890625 0.05625
2 0.81484375 0.3953125 0.0265625 0.059375
2 0.8328125 0.434375 0.02578125 0.07109375
2 0.8328125 0.3359375 0.021875 0.05625
2 0.8671875 0.28359375 0.01875 0.0484375
2 0.88203125 0.24140625 0.01640625 0.04296875
2 0.91953125 0.30859375 0.01953125 0.046875
2 0.940625 0.23125 0.015625 0.0375
2 0.41796875 0.1640625 0.0140625 0.02578125