2 0.096875 0.5375 0.046875 0.11953125
2 0.1640625 0.2890625 0.021875 0.0515625
2 0.19140625 0.2859375 0.02578125 0.0546875
2 0.2390625 0.23984375 0.01953125 0.04453125
2 0.28203125 0.2375 0.021875 0.05
2 0.3015625 0.2234375 0.0171875 0.05
2 0.27734375 0.20703125 0.0203125 0.04453125
2 0.32421875 0.2078125 0.0171875 0.04296875
2 0.34375 0.25546875 0.01796875 0.04765625
2 0.37109375 0.240625 0.01796875 0.04609375
2 0.409375 0.32265625 0.0265625 0.06015625
2 0.36328125 0.19375 0.01796875 0.04140625
2 0.340625 0.19765625 0.01640625 0.0359375
2 0.41015625 0.18828125 0.01640625 0.04453125
2 0.4078125 0.1609375 0.01640625 0.0375
2 0.44609375 0.24609375 0.02265625 0.06015625
2 0.43046875 0.16171875 0.0140625 0.0359375
2 0.44375 0.16796875 0.015625 0.0375
2 0.45859375 0.16875 0.01796875 0.05
2 0.47265625 0.20234375 0.015625 0.04453125
2 0.47265625 0.14609375 0.0171875 0.05
2 0.49765625 0.16640625 0.01640625 0.04453125
2 0.52890625 0.21640625 0.01796875 0.0390625
2 0.54375 0.1609375 0.01640625 0.0375
2 0.55 0.2109375 0.01796875 0.04765625
2 0.53359375 0.13515625 0.0140625 0.0375
2 0.5578125 0.128125 0.015625 0.04140625
2 0.57890625 0.1234375 0.015625 0.04140625
2 0.58984375 0.15 0.015625 0.0390625
2 0.58359375 0.18515625 0.015625 0.04140625
2 0.565625 0.171875 0.0171875 0.0390625
2 0.60546875 0.1953125 0.0171875 0.04453125
2 0.61328125 0.1265625 0.015625 0.0375
2 0.6390625 0.18046875 0.01796875 0.0390625
2 0.63671875 0.14296875 0.01484375 0.0390625
2 0.65078125 0.13515625 0.0140625 0.04140625
2 0.6734375 0.1578125 0.0171875 0.04140625
2 0.675 0.1328125 0.0140625 0.0328125
2 0.7 0.14921875 0.0171875 0.04453125
2 0.6828125 0.2140625 0.01953125 0.0515625
2 0.64765625 0.25078125 0.025 0.06328125
2 0.6015625 0.28515625 0.02265625 0.05
2 0.55625 0.33359375 0.02734375 0.0546875
2 0.59140625 0.37890625 0.0265625 0.06640625
2 0.64296875 0.4 0.03203125 0.0703125
2 0.70859375 0.40390625 0.0296875 0.07890625
2 0.71875 0.26640625 0.0234375 0.05625
2 0.73984375 0.28671875 0.0234375 0.053125
2 0.72890625 0.23125 0.0203125 0.04765625
2 0.734375 0.18359375 0.015625 0.04140625
2 0.76796875 0.203125 0.0171875 0.04296875
2 0.75859375 0.17890625 0.01484375 0.04296875
2 0.8 0.18984375 0.01796875 0.04140625
2 0.81015625 0.22109375 0.01953125 0.04140625
2 0.8328125 0.2140625 0.015625 0.04453125
2 0.78515625 0.25234375 0.01953125 0.05625
2 0.80078125 0.29375 0.02421875 0.06015625
2 0.7796875 0.45 0.03203125 0.0921875
2 0.8578125 0.4921875 0.034375 0.090625
2 0.875 0.4171875 0.02578125 0.06640625
2 0.95546875 0.44453125 0.02734375 0.0734375
2 0.8390625 0.37734375 0.02734375 0.06640625
2 0.8609375 0.32109375 0.025 0.053125
2 0.88359375 0.27578125 0.0203125 0.04765625
2 0.91328125 0.34453125 0.0203125 0.0515625
2 0.94140625 0.3828125 0.0234375 0.06328125
2 0.9671875 0.3640625 0.01640625 0.06015625
2 0.8625 0.2296875 0.0140625 0.04140625
2 0.87265625 0.2265625 0.01328125 0.0328125
2 0.89765625 0.225 0.01484375 0.04296875
2 0.89453125 0.25859375 0.015625 0.04140625
2 0.9234375 0.26796875 0.01484375 0.053125
2 0.9421875 0.2421875 0.0125 0.0390625
2 0.9671875 0.31875 0.01640625 0.04140625
2 0.98359375 0.259375 0.0171875 0.04609375