1 0.44609375 0.37421875 0.08203125 0.14921875
1 0.22890625 0.3609375 0.165625 0.3328125
1 0.03125 0.40078125 0.0625 0.3296875
1 0.05078125 0.30078125 0.1015625 0.29296875
1 0.09921875 0.3484375 0.071875 0.23046875
1 0.3375 0.41796875 0.06875 0.16484375
1 0.14765625 0.39609375 0.06328125 0.1578125
2 0.61328125 0.38984375 0.0671875 0.1421875
2 0.8171875 0.37734375 0.11640625 0.21640625
2 0.925 0.4203125 0.06640625 0.1171875
2 0.9765625 0.3671875 0.04609375 0.1609375
2 0.35546875 0.36640625 0.0421875 0.09921875