2 0.9078125 0.1484375 0.01015625 0.02265625
2 0.90546875 0.17265625 0.01171875 0.02890625
2 0.90234375 0.19296875 0.0125 0.0375
2 0.94296875 0.18984375 0.01484375 0.03046875
2 0.9359375 0.209375 0.0125 0.0375
2 0.93515625 0.22578125 0.015625 0.03203125
2 0.928125 0.25546875 0.01875 0.0484375
2 0.8921875 0.23984375 0.0203125 0.040625
2 0.8921875 0.221875 0.0203125 0.040625
2 0.86640625 0.18671875 0.015625 0.03359375
2 0.8734375 0.16953125 0.01328125 0.03203125
2 0.853125 0.15703125 0.0125 0.03203125
2 0.78046875 0.140625 0.0109375 0.03203125
2 0.8046875 0.1453125 0.01015625 0.03203125
2 0.81875 0.14609375 0.01171875 0.02734375
2 0.7609375 0.1390625 0.0125 0.03515625
2 0.7859375 0.1578125 0.0109375 0.02734375
2 0.79296875 0.1765625 0.0125 0.03359375
2 0.8375 0.16875 0.01171875 0.03046875
2 0.83125 0.18203125 0.01171875 0.03046875
2 0.90859375 0.36484375 0.0234375 0.06171875
2 0.83828125 0.2296875 0.0203125 0.0421875
2 0.80234375 0.21328125 0.0203125 0.0453125
2 0.828125 0.26015625 0.0234375 0.0515625
2 0.7953125 0.2875 0.02421875 0.0546875
2 0.7609375 0.20546875 0.01484375 0.0453125
2 0.77265625 0.25390625 0.02109375 0.0453125
2 0.7375 0.24375 0.02265625 0.0484375
2 0.73046875 0.17734375 0.0171875 0.03515625
2 0.73359375 0.15390625 0.01640625 0.0375
2 0.7125 0.19296875 0.01796875 0.040625
2 0.7609375 0.3515625 0.02734375 0.06328125
2 0.6984375 0.31953125 0.03046875 0.06171875
2 0.690625 0.2609375 0.0203125 0.046875
2 0.70859375 0.12109375 0.01328125 0.03203125
2 0.68671875 0.11953125 0.01171875 0.02578125
2 0.678125 0.13515625 0.0125 0.03046875
2 0.659375 0.1875 0.01640625 0.0390625
2 0.6453125 0.16640625 0.01328125 0.03515625
2 0.65390625 0.15625 0.015625 0.03046875
2 0.63984375 0.128125 0.01015625 0.02421875
2 0.65078125 0.12578125 0.01015625 0.02265625
2 0.63203125 0.11796875 0.009375 0.01953125
2 0.625 0.1421875 0.01328125 0.02890625
2 0.57890625 0.1421875 0.01328125 0.02890625
2 0.5984375 0.165625 0.0109375 0.03046875
2 0.6078125 0.16640625 0.015625 0.0390625
2 0.56953125 0.16640625 0.01484375 0.03203125
2 0.5515625 0.1453125 0.01171875 0.02890625
2 0.553125 0.1359375 0.0125 0.02890625
2 0.54140625 0.16484375 0.01484375 0.03203125
2 0.5609375 0.19453125 0.01484375 0.0375
2 0.5265625 0.184375 0.01640625 0.03515625
2 0.515625 0.159375 0.01328125 0.02734375
2 0.48515625 0.15546875 0.01328125 0.02890625
2 0.48515625 0.14453125 0.0109375 0.02734375
2 0.5015625 0.13359375 0.01015625 0.02421875
2 0.496875 0.18671875 0.01640625 0.03359375
2 0.59765625 0.2328125 0.01875 0.0484375
2 0.6515625 0.24375 0.01796875 0.0453125
2 0.6390625 0.2546875 0.021875 0.046875
2 0.4296875 0.16171875 0.009375 0.02578125
2 0.4453125 0.1640625 0.01171875 0.03359375
2 0.41875 0.16953125 0.01484375 0.02890625
2 0.41953125 0.19140625 0.015625 0.03046875
2 0.446875 0.20546875 0.01640625 0.03515625
2 0.46640625 0.209375 0.0171875 0.0375
2 0.4453125 0.2484375 0.01875 0.0453125
2 0.41484375 0.23984375 0.0203125 0.040625
2 0.37890625 0.18359375 0.01484375 0.03046875
2 0.4015625 0.21484375 0.0171875 0.0390625
2 0.3796875 0.2375 0.01796875 0.0421875
2 0.37109375 0.2140625 0.0171875 0.03359375
2 0.35703125 0.22734375 0.01875 0.040625
2 0.35234375 0.2 0.01640625 0.02890625
2 0.35390625 0.18046875 0.01171875 0.03046875
2 0.33671875 0.2234375 0.01484375 0.03359375
2 0.3 0.2171875 0.015625 0.0375
2 0.29375 0.24609375 0.0125 0.0375
2 0.1109375 0.38203125 0.0375 0.07578125