2 0.25078125 0.20859375 0.02734375 0.0453125
2 0.28828125 0.18203125 0.0234375 0.04765625
2 0.459375 0.17890625 0.0265625 0.05703125
2 0.4953125 0.18359375 0.0265625 0.05546875
2 0.54375 0.14921875 0.025 0.05703125
2 0.56875 0.11796875 0.01953125 0.0453125
2 0.60078125 0.11953125 0.0265625 0.04921875
2 0.63046875 0.17890625 0.0265625 0.05703125
2 0.65859375 0.146875 0.021875 0.053125
2 0.68828125 0.27109375 0.03203125 0.0515625
2 0.72578125 0.27578125 0.02890625 0.0609375
2 0.81484375 0.17890625 0.0265625 0.06953125
2 0.95390625 0.22421875 0.02734375 0.05703125