2 0.109375 0.55625 0.0578125 0.10625
2 0.25078125 0.26875 0.0171875 0.03828125
2 0.27109375 0.2765625 0.0203125 0.03984375
2 0.29921875 0.271875 0.01953125 0.03671875
2 0.34765625 0.26953125 0.02109375 0.03984375
2 0.37421875 0.2703125 0.01953125 0.04140625
2 0.390625 0.29453125 0.02578125 0.05
2 0.30703125 0.2359375 0.01953125 0.03515625
2 0.3296875 0.234375 0.01953125 0.03828125
2 0.353125 0.23359375 0.0203125 0.03984375
2 0.38125 0.228125 0.01875 0.03984375
2 0.434375 0.25390625 0.02265625 0.04453125
2 0.3765625 0.184375 0.01328125 0.03125
2 0.3859375 0.1953125 0.01484375 0.0296875
2 0.41796875 0.196875 0.015625 0.0328125
2 0.44140625 0.196875 0.01875 0.0328125
2 0.44140625 0.17578125 0.0171875 0.0296875
2 0.47109375 0.23515625 0.02109375 0.04609375
2 0.48203125 0.203125 0.02109375 0.04140625
2 0.46015625 0.153125 0.015625 0.03125
2 0.4796875 0.14296875 0.0140625 0.028125
2 0.5078125 0.175 0.01796875 0.03125
2 0.534375 0.1890625 0.01796875 0.03984375
2 0.5296875 0.17265625 0.015625 0.03125
2 0.559375 0.1515625 0.01328125 0.028125
2 0.56328125 0.12421875 0.01328125 0.0296875
2 0.59296875 0.12578125 0.0109375 0.0296875
2 0.61328125 0.12421875 0.01328125 0.0296875
2 0.59375 0.14921875 0.01328125 0.0328125
2 0.56875 0.18203125 0.01796875 0.03984375
2 0.57578125 0.21875 0.01953125 0.05
2 0.61796875 0.14765625 0.0140625 0.0328125
2 0.6328125 0.14140625 0.0140625 0.03515625
2 0.67109375 0.125 0.015625 0.028125
2 0.68046875 0.16171875 0.015625 0.04140625
2 0.71953125 0.1390625 0.0140625 0.03671875
2 0.7546875 0.14296875 0.01484375 0.03125
2 0.7546875 0.13125 0.015625 0.028125
2 0.76796875 0.16171875 0.01796875 0.03515625
2 0.78671875 0.15625 0.0140625 0.03828125
2 0.796875 0.18125 0.01953125 0.04140625
2 0.83125 0.15703125 0.0171875 0.0296875
2 0.84609375 0.1640625 0.01796875 0.03984375
2 0.8921875 0.16640625 0.015625 0.03125
2 0.890625 0.1578125 0.01484375 0.03125
2 0.84296875 0.19453125 0.01875 0.04453125
2 0.88359375 0.19296875 0.01796875 0.04765625
2 0.90546875 0.2390625 0.01875 0.04765625
2 0.9265625 0.2625 0.0234375 0.0578125
2 0.84609375 0.24140625 0.025 0.059375
2 0.84609375 0.29453125 0.028125 0.059375
2 0.77421875 0.20625 0.0203125 0.04765625
2 0.75546875 0.234375 0.02578125 0.0546875
2 0.77109375 0.275 0.028125 0.06328125
2 0.71328125 0.27890625 0.02265625 0.06484375
2 0.6671875 0.2640625 0.0234375 0.0578125
2 0.609375 0.26875 0.02578125 0.0578125
2 0.6171875 0.3 0.028125 0.05625
2 0.58125 0.29296875 0.02734375 0.05625
2 0.621875 0.2109375 0.0203125 0.04140625
2 0.6671875 0.221875 0.0234375 0.05
2 0.7 0.2328125 0.02578125 0.0546875
2 0.7046875 0.190625 0.01875 0.04296875
2 0.7265625 0.20625 0.01953125 0.04765625
2 0.503125 0.29296875 0.02890625 0.05625