2 0.91328125 0.36953125 0.0203125 0.04765625
2 0.8390625 0.353125 0.03046875 0.065625
2 0.8515625 0.30703125 0.01953125 0.05390625
2 0.86875 0.28828125 0.01640625 0.04609375
2 0.92421875 0.29296875 0.02265625 0.0515625
2 0.921875 0.23984375 0.0140625 0.03828125
2 0.9328125 0.234375 0.01484375 0.03828125
2 0.9140625 0.17265625 0.01171875 0.03046875
2 0.884375 0.14765625 0.0140625 0.03046875
2 0.884375 0.2234375 0.0171875 0.04453125
2 0.8515625 0.21328125 0.0140625 0.034375
2 0.84765625 0.14140625 0.01171875 0.03671875
2 0.8296875 0.16796875 0.00859375 0.02890625
2 0.890625 0.18515625 0.0140625 0.0328125
2 0.8078125 0.18828125 0.0140625 0.03828125
2 0.79140625 0.21015625 0.01640625 0.04453125
2 0.771875 0.18046875 0.0140625 0.034375
2 0.75546875 0.1171875 0.0109375 0.03046875
2 0.7859375 0.13359375 0.01171875 0.03671875
2 0.81328125 0.26328125 0.01796875 0.04609375
2 0.80859375 0.290625 0.02265625 0.05546875
2 0.71796875 0.23515625 0.0203125 0.0515625
2 0.709375 0.18828125 0.01484375 0.034375
2 0.73671875 0.18125 0.01640625 0.040625
2 0.765625 0.14453125 0.01171875 0.0328125
2 0.7546875 0.35546875 0.03046875 0.065625
2 0.67109375 0.296875 0.0203125 0.0515625
2 0.68671875 0.3484375 0.028125 0.06328125
2 0.671875 0.17578125 0.0140625 0.040625
2 0.66796875 0.228125 0.01953125 0.04609375
2 0.68984375 0.12109375 0.0109375 0.0265625
2 0.7265625 0.07421875 0.01171875 0.02890625
2 0.63125 0.065625 0.0109375 0.02265625
2 0.60859375 0.065625 0.009375 0.02265625
2 0.578125 0.0640625 0.009375 0.02109375
2 0.63125 0.11328125 0.0109375 0.03046875
2 0.63984375 0.13984375 0.01171875 0.03046875
2 0.66171875 0.1296875 0.01328125 0.02890625
2 0.675 0.1015625 0.01171875 0.02265625
2 0.65859375 0.10234375 0.0109375 0.025
2 0.62421875 0.20546875 0.01796875 0.04609375
2 0.61640625 0.2578125 0.0171875 0.04765625
2 0.6140625 0.30625 0.0265625 0.059375
2 0.56640625 0.25234375 0.0203125 0.04453125
2 0.55078125 0.29921875 0.028125 0.06171875
2 0.54765625 0.18359375 0.01328125 0.03671875
2 0.5515625 0.159375 0.01171875 0.034375
2 0.5828125 0.1515625 0.0140625 0.03046875
2 0.53203125 0.0546875 0.00859375 0.02109375
2 0.52421875 0.15078125 0.0140625 0.0328125
2 0.49375 0.1546875 0.0140625 0.03671875
2 0.46015625 0.1375 0.01328125 0.02890625
2 0.4796875 0.171875 0.01484375 0.040625
2 0.45625 0.171875 0.01640625 0.0328125
2 0.44296875 0.15 0.01484375 0.03046875
2 0.47890625 0.22578125 0.01796875 0.04453125
2 0.41484375 0.15546875 0.01328125 0.0265625
2 0.41953125 0.175 0.0140625 0.03046875
2 0.4109375 0.21171875 0.01953125 0.03671875
2 0.44140625 0.22421875 0.0203125 0.0421875
2 0.3421875 0.17734375 0.01640625 0.0328125
2 0.35 0.190625 0.01171875 0.02890625
2 0.3078125 0.23515625 0.01640625 0.04453125
2 0.50234375 0.27265625 0.0203125 0.05
2 0.1890625 0.453125 0.03984375 0.09609375