2 0.21171875 0.46796875 0.04140625 0.096875
2 0.25234375 0.44375 0.05 0.08984375
2 0.48046875 0.3203125 0.03046875 0.05625
2 0.35078125 0.25234375 0.025 0.0390625
2 0.37109375 0.2453125 0.02578125 0.04921875
2 0.4328125 0.275 0.02734375 0.040625
2 0.42421875 0.22265625 0.021875 0.03046875
2 0.4484375 0.22890625 0.0203125 0.0375
2 0.4515625 0.18828125 0.02109375 0.0375
2 0.475 0.1953125 0.01796875 0.03359375
2 0.46328125 0.15 0.0171875 0.0421875
2 0.4734375 0.15703125 0.0171875 0.0421875
2 0.496875 0.1515625 0.01796875 0.03203125
2 0.49140625 0.13046875 0.0125 0.03046875
2 0.53359375 0.134375 0.01640625 0.03046875
2 0.5625 0.1453125 0.01875 0.0421875
2 0.5875 0.1453125 0.015625 0.0359375
2 0.5390625 0.1984375 0.01796875 0.0375
2 0.65546875 0.2625 0.0296875 0.059375
2 0.68359375 0.1578125 0.02578125 0.04765625
2 0.71171875 0.14453125 0.01640625 0.0375
2 0.8140625 0.1265625 0.01328125 0.0359375
2 0.7515625 0.13515625 0.01328125 0.0390625
2 0.7390625 0.1640625 0.0296875 0.05234375
2 0.7640625 0.17890625 0.02109375 0.05234375
2 0.80234375 0.18671875 0.01875 0.040625
2 0.72109375 0.28125 0.0265625 0.059375
2 0.771875 0.3125 0.02421875 0.0578125
2 0.878125 0.228125 0.02421875 0.04609375