2 0.07890625 0.49453125 0.059375 0.1109375
2 0.2578125 0.28203125 0.0171875 0.03984375
2 0.28671875 0.25390625 0.01484375 0.0296875
2 0.31171875 0.23359375 0.0203125 0.04140625
2 0.34765625 0.2203125 0.01953125 0.04140625
2 0.375 0.2 0.01953125 0.03515625
2 0.6515625 0.0953125 0.0125 0.03125
2 0.68984375 0.10234375 0.0171875 0.03828125
2 0.45234375 0.14296875 0.01328125 0.0296875
2 0.41015625 0.16953125 0.0125 0.0296875
2 0.5546875 0.1109375 0.0171875 0.03984375
2 0.58828125 0.09765625 0.0125 0.0265625
2 0.4828125 0.134375 0.0140625 0.0296875
2 0.87265625 0.1265625 0.01328125 0.0265625
2 0.81640625 0.12265625 0.01484375 0.03984375
2 0.7390625 0.1125 0.01796875 0.03125
2 0.74609375 0.11484375 0.01484375 0.0296875
2 0.76796875 0.115625 0.0140625 0.028125
2 0.7796875 0.1171875 0.01015625 0.025
2 0.53359375 0.13046875 0.0171875 0.03828125
2 0.52421875 0.1296875 0.0125 0.03359375
2 0.346875 0.2734375 0.015625 0.03828125
2 0.4109375 0.21875 0.01328125 0.03515625
2 0.4609375 0.19453125 0.01875 0.03984375
2 0.48671875 0.18828125 0.021875 0.04140625
2 0.49140625 0.22265625 0.0234375 0.046875
2 0.5703125 0.16875 0.02421875 0.04453125
2 0.53515625 0.19296875 0.015625 0.03359375
2 0.62734375 0.14453125 0.01953125 0.03671875
2 0.68671875 0.15234375 0.0171875 0.03515625
2 0.3984375 0.284375 0.0203125 0.05
2 0.48125 0.31328125 0.02421875 0.0546875
2 0.55 0.30625 0.02421875 0.0546875
2 0.60546875 0.2109375 0.01953125 0.053125
2 0.646875 0.17578125 0.01796875 0.03984375
2 0.6609375 0.2046875 0.01796875 0.03671875
2 0.7140625 0.1859375 0.0171875 0.046875
2 0.7453125 0.178125 0.0140625 0.03984375
2 0.6046875 0.32109375 0.02890625 0.0515625
2 0.66328125 0.2578125 0.02421875 0.03984375
2 0.678125 0.33984375 0.02421875 0.0578125
2 0.71015625 0.2796875 0.0296875 0.0546875
2 0.74609375 0.25234375 0.021875 0.046875
2 0.78359375 0.28203125 0.0296875 0.05625
2 0.8046875 0.17421875 0.01796875 0.03984375
2 0.828125 0.16875 0.015625 0.03515625
2 0.8515625 0.1859375 0.0203125 0.053125
2 0.9 0.12890625 0.0125 0.03125
2 0.9265625 0.153125 0.01328125 0.0296875
2 0.89140625 0.19296875 0.021875 0.03984375
2 0.87109375 0.225 0.021875 0.04453125
2 0.8171875 0.23203125 0.0203125 0.0484375
2 0.93125 0.28203125 0.03125 0.05
2 0.9265625 0.2015625 0.021875 0.03828125
2 0.2984375 0.26484375 0.0171875 0.04140625
2 0.375 0.22421875 0.01953125 0.03359375
2 0.371875 0.2078125 0.0234375 0.0265625
2 0.46875 0.15625 0.01796875 0.03671875
2 0.546875 0.1578125 0.01875 0.03984375
2 0.6234375 0.09453125 0.009375 0.01640625
2 0.56953125 0.23515625 0.01875 0.04453125
2 0.66796875 0.11953125 0.0171875 0.0296875
2 0.72578125 0.14140625 0.015625 0.04296875
2 0.83984375 0.1453125 0.01796875 0.03515625
2 0.70234375 0.21796875 0.02265625 0.03984375
2 0.79453125 0.13515625 0.0109375 0.03515625
2 0.4515625 0.21484375 0.0203125 0.03828125
2 0.58359375 0.15 0.01796875 0.03828125
2 0.746875 0.15390625 0.01875 0.03125
2 0.6203125 0.11484375 0.01484375 0.0265625
2 0.63984375 0.1203125 0.01328125 0.025