2 0.15703125 0.5359375 0.0421875 0.08515625
2 0.2171875 0.3609375 0.02421875 0.0453125
2 0.2625 0.34296875 0.02265625 0.04140625
2 0.28515625 0.3046875 0.01640625 0.03515625
2 0.2921875 0.35703125 0.0203125 0.04375
2 0.33125 0.36953125 0.025 0.0453125
2 0.34296875 0.33671875 0.02109375 0.0421875
2 0.3515625 0.2984375 0.0171875 0.03125
2 0.3828125 0.27578125 0.01484375 0.03125
2 0.4 0.29609375 0.0171875 0.0328125
2 0.375 0.33203125 0.01796875 0.03828125
2 0.40078125 0.34453125 0.02265625 0.05234375
2 0.40546875 0.265625 0.01875 0.03125
2 0.42109375 0.25 0.01484375 0.028125
2 0.43203125 0.27578125 0.01484375 0.03359375
2 0.43046875 0.3078125 0.01875 0.04140625
2 0.4609375 0.334375 0.02265625 0.04375
2 0.46328125 0.30234375 0.0203125 0.03515625
2 0.45546875 0.27421875 0.01484375 0.03125
2 0.44765625 0.25 0.01640625 0.02421875
2 0.4640625 0.228125 0.0140625 0.02421875
2 0.49296875 0.2640625 0.0203125 0.03515625
2 0.50625 0.23984375 0.0125 0.02421875
2 0.51171875 0.25078125 0.01328125 0.02421875
2 0.5171875 0.27109375 0.0140625 0.0328125
2 0.52734375 0.2515625 0.01640625 0.03359375
2 0.5484375 0.27890625 0.0203125 0.03671875
2 0.56328125 0.24296875 0.015625 0.03359375
2 0.55234375 0.21796875 0.01171875 0.028125
2 0.565625 0.21640625 0.01484375 0.028125
2 0.58359375 0.22421875 0.0140625 0.0296875
2 0.603125 0.20625 0.01328125 0.03125
2 0.615625 0.21328125 0.0140625 0.02265625
2 0.49765625 0.33125 0.0203125 0.0453125
2 0.45625 0.41015625 0.02734375 0.05078125
2 0.5296875 0.40390625 0.02734375 0.05546875
2 0.5296875 0.3640625 0.021875 0.04140625
2 0.58671875 0.36328125 0.02265625 0.05390625
2 0.58515625 0.32265625 0.02265625 0.0421875
2 0.56875 0.44375 0.0296875 0.0734375
2 0.62265625 0.4859375 0.03515625 0.078125
2 0.69296875 0.50234375 0.0421875 0.08203125
2 0.65234375 0.36875 0.02734375 0.0578125
2 0.63359375 0.3421875 0.01640625 0.0421875
2 0.6203125 0.30078125 0.01875 0.04140625
2 0.625 0.2546875 0.0171875 0.03359375
2 0.58828125 0.2546875 0.01171875 0.028125
2 0.646875 0.2359375 0.015625 0.02578125
2 0.6546875 0.2109375 0.01015625 0.02578125
2 0.66640625 0.22421875 0.0125 0.0296875
2 0.65625 0.278125 0.01640625 0.04140625
2 0.69140625 0.3 0.02265625 0.0421875
2 0.69296875 0.25078125 0.01328125 0.0328125
2 0.6671875 0.31953125 0.01953125 0.0421875
2 0.6765625 0.34765625 0.0203125 0.0484375
2 0.71796875 0.26171875 0.015625 0.0421875
2 0.7296875 0.24609375 0.01015625 0.02265625
2 0.725 0.2375 0.0125 0.028125
2 0.73984375 0.30390625 0.01875 0.0421875
2 0.7453125 0.2671875 0.01484375 0.03125
2 0.75546875 0.290625 0.01328125 0.0296875
2 0.765625 0.246875 0.0140625 0.0296875
2 0.79375 0.246875 0.0140625 0.0328125
2 0.7984375 0.30234375 0.01484375 0.03984375
2 0.8 0.26875 0.01640625 0.02578125
2 0.82265625 0.26328125 0.0125 0.03359375
2 0.83671875 0.26328125 0.0125 0.028125
2 0.83125 0.28671875 0.01484375 0.0328125
2 0.83125 0.321875 0.02109375 0.04140625
2 0.79140625 0.36171875 0.02109375 0.0421875
2 0.8046875 0.346875 0.0171875 0.0421875
2 0.7203125 0.4046875 0.0265625 0.0625
2 0.759375 0.44765625 0.028125 0.0609375
2 0.82421875 0.44921875 0.03203125 0.05546875
2 0.83984375 0.37890625 0.0203125 0.05390625
2 0.85546875 0.3671875 0.01953125 0.05234375
2 0.86953125 0.32578125 0.015625 0.03515625
2 0.87578125 0.278125 0.01484375 0.04140625
2 0.85546875 0.2578125 0.01328125 0.03671875
2 0.89609375 0.315625 0.0140625 0.03359375
2 0.90703125 0.28359375 0.0125 0.0296875
2 0.91171875 0.30234375 0.01484375 0.02421875
2 0.9078125 0.3203125 0.01328125 0.03515625
2 0.90390625 0.359375 0.02265625 0.0421875
2 0.89765625 0.41015625 0.0265625 0.05390625
2 0.8984375 0.47421875 0.03359375 0.075
2 0.78984375 0.53671875 0.0328125 0.078125