2 0.53203125 0.3984375 0.03046875 0.04921875
2 0.628125 0.44296875 0.034375 0.07421875
2 0.5984375 0.2078125 0.0140625 0.0328125
2 0.64453125 0.2046875 0.0140625 0.02890625
2 0.68125 0.2171875 0.015625 0.02734375
2 0.58671875 0.21640625 0.01484375 0.025
2 0.56171875 0.22421875 0.01640625 0.04140625
2 0.54609375 0.2234375 0.01484375 0.03125
2 0.625 0.2171875 0.015625 0.0359375
2 0.6125 0.21484375 0.0140625 0.0328125
2 0.459375 0.2296875 0.01640625 0.03046875
2 0.4234375 0.246875 0.01640625 0.02890625
2 0.38828125 0.2625 0.01953125 0.03828125
2 0.3484375 0.29375 0.02265625 0.034375
2 0.5296875 0.2421875 0.015625 0.0359375
2 0.49765625 0.25859375 0.01875 0.03828125
2 0.2859375 0.29375 0.0171875 0.0359375
2 0.228125 0.33203125 0.01796875 0.034375
2 0.01875 0.41484375 0.02890625 0.053125
2 0.2546875 0.36484375 0.02265625 0.03984375
2 0.28359375 0.365625 0.0203125 0.04140625
2 0.33125 0.34140625 0.0234375 0.0453125
2 0.3609375 0.3375 0.0203125 0.03671875
2 0.38046875 0.3203125 0.01640625 0.03828125
2 0.43671875 0.26484375 0.01875 0.03984375
2 0.4265625 0.365625 0.02265625 0.046875
2 0.396875 0.32890625 0.025 0.0421875
2 0.46015625 0.2953125 0.01875 0.0359375
2 0.4921875 0.3140625 0.025 0.03984375
2 0.45390625 0.4 0.03359375 0.04765625
2 0.525 0.34375 0.0296875 0.05078125
2 0.55 0.28203125 0.01484375 0.0359375
2 0.5671875 0.2609375 0.00859375 0.02890625
2 0.609375 0.2609375 0.0203125 0.03125
2 0.584375 0.25234375 0.0234375 0.034375
2 0.6609375 0.26640625 0.01875 0.0453125
2 0.690625 0.2484375 0.0125 0.02578125
2 0.5828125 0.3234375 0.01953125 0.03671875
2 0.62265625 0.30546875 0.01796875 0.034375
2 0.72265625 0.2421875 0.0171875 0.03828125
2 0.73671875 0.2296875 0.01875 0.03828125
2 0.75625 0.234375 0.0125 0.02890625
2 0.7703125 0.2390625 0.0109375 0.03671875
2 0.81953125 0.25 0.01171875 0.0328125
2 0.84765625 0.2421875 0.015625 0.03046875
2 0.79375 0.26171875 0.015625 0.03671875
2 0.871875 0.28515625 0.0171875 0.04765625
2 0.70859375 0.27890625 0.0171875 0.02734375
2 0.9078125 0.2734375 0.01640625 0.0328125
2 0.9 0.29375 0.01953125 0.034375
2 0.796875 0.29609375 0.015625 0.03125
2 0.75390625 0.2796875 0.0171875 0.0234375
2 0.734375 0.2703125 0.01796875 0.02578125
2 0.58359375 0.4390625 0.02890625 0.06875
2 0.596875 0.3546875 0.01484375 0.05078125
2 0.63828125 0.3625 0.02734375 0.06328125
2 0.67265625 0.34609375 0.021875 0.046875
2 0.7171875 0.3984375 0.0296875 0.05625
2 0.68515625 0.46953125 0.03046875 0.07109375
2 0.765625 0.41484375 0.0265625 0.04921875
2 0.79296875 0.35859375 0.0234375 0.06328125
2 0.8015625 0.51171875 0.034375 0.06875
2 0.82578125 0.45859375 0.03828125 0.0546875
2 0.83046875 0.32734375 0.021875 0.034375
2 0.8546875 0.334375 0.02890625 0.05859375
2 0.83984375 0.36640625 0.02890625 0.0546875
2 0.88828125 0.45 0.025 0.0546875
2 0.91484375 0.3546875 0.01953125 0.046875
2 0.39921875 0.2953125 0.015625 0.0328125
2 0.459375 0.2640625 0.0234375 0.0328125
2 0.509375 0.2734375 0.0171875 0.04140625
2 0.50859375 0.24609375 0.01328125 0.021875
2 0.61953125 0.24453125 0.01484375 0.03125
2 0.65625 0.2234375 0.01328125 0.03125
2 0.8328125 0.2796875 0.01640625 0.0421875
2 0.85859375 0.3046875 0.0140625 0.03984375
2 0.89296875 0.32109375 0.01796875 0.04375