2 0.2109375 0.46953125 0.04375 0.078125
2 0.38046875 0.234375 0.015625 0.0328125
2 0.40625 0.24140625 0.02265625 0.04375
2 0.45 0.25234375 0.01796875 0.03515625
2 0.375 0.196875 0.0125 0.03125
2 0.3921875 0.20625 0.01640625 0.02578125
2 0.42421875 0.20625 0.0171875 0.0296875
2 0.44296875 0.1984375 0.0125 0.028125
2 0.47265625 0.2296875 0.0203125 0.0421875
2 0.4234375 0.1546875 0.01328125 0.02421875
2 0.42578125 0.18046875 0.01171875 0.02265625
2 0.43515625 0.153125 0.01171875 0.03125
2 0.45 0.1578125 0.01171875 0.02578125
2 0.45625 0.16875 0.0125 0.028125
2 0.4734375 0.175 0.015625 0.0328125
2 0.46484375 0.14375 0.0125 0.02265625
2 0.47421875 0.14921875 0.0125 0.02265625
2 0.48984375 0.13828125 0.01015625 0.02578125
2 0.496875 0.11796875 0.01171875 0.01953125
2 0.51328125 0.1671875 0.01328125 0.02421875
2 0.50546875 0.2015625 0.0171875 0.0296875
2 0.5296875 0.19921875 0.01796875 0.0328125
2 0.55390625 0.1640625 0.015625 0.03125
2 0.58671875 0.16875 0.015625 0.03125
2 0.575 0.13828125 0.01328125 0.0328125
2 0.54453125 0.13125 0.01015625 0.02265625
2 0.53125 0.14140625 0.01328125 0.02109375
2 0.59609375 0.15 0.0140625 0.028125
2 0.61328125 0.128125 0.01171875 0.02578125
2 0.6234375 0.1203125 0.01328125 0.02421875
2 0.59921875 0.11171875 0.01328125 0.028125
2 0.6046875 0.08984375 0.0125 0.02265625
2 0.55703125 0.26796875 0.0203125 0.0453125
2 0.62109375 0.31875 0.03046875 0.05546875
2 0.66875 0.34921875 0.03125 0.0609375
2 0.6109375 0.25625 0.02578125 0.05546875
2 0.63359375 0.22421875 0.02421875 0.05078125
2 0.66640625 0.2078125 0.01640625 0.03671875
2 0.6609375 0.1421875 0.015625 0.03671875
2 0.659375 0.1109375 0.01328125 0.0328125
2 0.67734375 0.11875 0.01328125 0.028125
2 0.70078125 0.115625 0.015625 0.0296875
2 0.69375 0.15625 0.0125 0.0296875
2 0.70703125 0.1875 0.01640625 0.03671875
2 0.71875 0.1546875 0.01015625 0.028125
2 0.73125 0.171875 0.01328125 0.0296875
2 0.7546875 0.15703125 0.0125 0.03125
2 0.75859375 0.1375 0.0125 0.028125
2 0.7765625 0.13828125 0.01171875 0.0296875
2 0.790625 0.16171875 0.01328125 0.03515625
2 0.77578125 0.190625 0.015625 0.0328125
2 0.74609375 0.2 0.01328125 0.03125
2 0.7515625 0.24375 0.0203125 0.0453125
2 0.73671875 0.28046875 0.021875 0.05234375
2 0.81484375 0.28828125 0.02265625 0.05078125
2 0.79453125 0.21484375 0.0140625 0.03671875
2 0.82734375 0.16328125 0.0125 0.0328125
2 0.840625 0.1578125 0.01171875 0.03671875
2 0.86015625 0.19140625 0.0140625 0.028125
2 0.84453125 0.2203125 0.0171875 0.0328125
2 0.83984375 0.31328125 0.021875 0.05234375
2 0.875 0.28671875 0.01640625 0.05078125
2 0.9296875 0.309375 0.01875 0.046875
2 0.8890625 0.25625 0.01328125 0.03125
2 0.890625 0.23046875 0.0140625 0.0328125
2 0.8953125 0.19765625 0.0125 0.03671875
2 0.87421875 0.17734375 0.01328125 0.028125
2 0.93984375 0.2359375 0.015625 0.0328125
2 0.94375 0.2015625 0.0140625 0.0296875
2 0.93125 0.17109375 0.015625 0.03125