2 0.33828125 0.1828125 0.01953125 0.03671875
2 0.38125 0.23515625 0.02109375 0.040625
2 0.41015625 0.26484375 0.025 0.0453125
2 0.3984375 0.203125 0.0171875 0.03359375
2 0.3875 0.18828125 0.0140625 0.03046875
2 0.39609375 0.1671875 0.01640625 0.03203125
2 0.4171875 0.16015625 0.01484375 0.02890625
2 0.42734375 0.1765625 0.0140625 0.03046875
2 0.42734375 0.20859375 0.01484375 0.03671875
2 0.45 0.215625 0.01953125 0.0421875
2 0.475 0.23359375 0.021875 0.040625
2 0.475 0.18046875 0.0171875 0.0421875
2 0.4609375 0.17421875 0.0125 0.02890625
2 0.4703125 0.14375 0.01484375 0.03203125
2 0.4828125 0.140625 0.01484375 0.02890625
2 0.50390625 0.11953125 0.01015625 0.0234375
2 0.5109375 0.1953125 0.02265625 0.040625
2 0.52109375 0.16484375 0.01484375 0.03359375
2 0.54296875 0.19765625 0.02109375 0.03515625
2 0.55234375 0.16875 0.0171875 0.03203125
2 0.54765625 0.14765625 0.0140625 0.0234375
2 0.54375 0.1328125 0.0125 0.0203125
2 0.575 0.146875 0.01484375 0.03203125
2 0.60625 0.14921875 0.01484375 0.03046875
2 0.584375 0.16953125 0.01953125 0.03359375
2 0.5984375 0.1328125 0.0140625 0.03046875
2 0.5984375 0.1140625 0.0125 0.0203125
2 0.6078125 0.10703125 0.0125 0.025
2 0.62734375 0.11953125 0.01328125 0.0203125
2 0.6296875 0.1421875 0.01484375 0.03203125
2 0.66171875 0.1359375 0.01328125 0.03046875
2 0.65234375 0.10625 0.01328125 0.0265625
2 0.68515625 0.11953125 0.0140625 0.03359375
2 0.703125 0.1296875 0.01328125 0.0265625
2 0.56484375 0.2625 0.0296875 0.05390625
2 0.590625 0.32734375 0.03125 0.07421875
2 0.6125 0.25546875 0.02734375 0.05703125
2 0.63984375 0.2109375 0.02109375 0.0453125
2 0.6671875 0.19765625 0.01953125 0.0484375
2 0.71171875 0.1984375 0.02109375 0.03671875
2 0.70625 0.1578125 0.01640625 0.03359375
2 0.725 0.159375 0.01484375 0.03046875
2 0.74140625 0.16484375 0.01484375 0.03359375
2 0.75625 0.153125 0.0125 0.0265625
2 0.74921875 0.13828125 0.01640625 0.03203125
2 0.78046875 0.1359375 0.01640625 0.03359375
2 0.803125 0.1640625 0.01484375 0.03203125
2 0.784375 0.1796875 0.01640625 0.03359375
2 0.7828125 0.22265625 0.01796875 0.03828125
2 0.75546875 0.2453125 0.02265625 0.046875
2 0.746875 0.203125 0.01875 0.040625
2 0.71796875 0.278125 0.03125 0.0625
2 0.68125 0.35703125 0.034375 0.06875
2 0.82578125 0.2484375 0.02578125 0.040625
2 0.8421875 0.221875 0.021875 0.040625
2 0.83515625 0.1703125 0.01640625 0.02890625
2 0.840625 0.14765625 0.01640625 0.03671875
2 0.86484375 0.18203125 0.0171875 0.02890625
2 0.878125 0.17578125 0.01640625 0.03515625
2 0.88828125 0.23359375 0.021875 0.046875
2 0.875 0.2875 0.021875 0.05703125
2 0.84765625 0.32890625 0.03046875 0.0625
2 0.88515625 0.4 0.05859375 0.1109375
2 0.9203125 0.303125 0.02265625 0.0625
2 0.94453125 0.240625 0.01796875 0.040625
2 0.95625 0.221875 0.01875 0.040625
2 0.9421875 0.19296875 0.0171875 0.03671875
2 0.93828125 0.16484375 0.01484375 0.03046875
2 0.896875 0.2015625 0.01328125 0.03359375