2 0.0640625 0.44140625 0.0359375 0.06015625
2 0.09921875 0.425 0.0421875 0.06875
2 0.12578125 0.39609375 0.05234375 0.084375
2 0.16171875 0.43671875 0.05234375 0.08125
2 0.20390625 0.43828125 0.06015625 0.10234375
2 0.1703125 0.35 0.03984375 0.06328125
2 0.1328125 0.29296875 0.0421875 0.05703125
2 0.090625 0.25546875 0.03828125 0.05390625
2 0.08125 0.20390625 0.0296875 0.0484375
2 0.06796875 0.159375 0.03203125 0.0484375
2 0.04609375 0.01328125 0.0296875 0.0265625
2 0.01171875 0.03203125 0.0234375 0.0421875
2 0.125 0.10546875 0.034375 0.05390625
2 0.165625 0.1625 0.028125 0.0484375
2 0.18828125 0.20234375 0.028125 0.05703125
2 0.209375 0.25859375 0.034375 0.06015625
2 0.23984375 0.275 0.03203125 0.06328125
2 0.253125 0.35546875 0.034375 0.06875
2 0.30234375 0.28828125 0.03203125 0.0484375
2 0.2953125 0.20703125 0.03828125 0.06015625
2 0.234375 0.16953125 0.03203125 0.05078125
2 0.20625 0.02421875 0.028125 0.0421875
2 0.31484375 0.1625 0.034375 0.0484375
2 0.35390625 0.228125 0.0921875 0.1625
2 0.390625 0.159375 0.03828125 0.071875
2 0.43984375 0.13359375 0.03203125 0.05703125
2 0.46875 0.2296875 0.034375 0.05703125
2 0.43515625 0.309375 0.034375 0.06640625
2 0.46484375 0.353125 0.0421875 0.08125
2 0.51484375 0.40234375 0.05 0.09609375
2 0.546875 0.4234375 0.04609375 0.08984375
2 0.74375 0.7375 0.084375 0.153125
2 0.7921875 0.63984375 0.1203125 0.21640625
2 0.9078125 0.6921875 0.14765625 0.21328125
2 0.62421875 0.51953125 0.0640625 0.1078125
2 0.609375 0.459375 0.05390625 0.08984375
2 0.58671875 0.4265625 0.05390625 0.08984375
2 0.57109375 0.35546875 0.03828125 0.06875
2 0.52421875 0.3015625 0.0359375 0.05703125
2 0.47734375 0.2015625 0.02578125 0.0421875
2 0.471875 0.18046875 0.03203125 0.0421875
2 0.47734375 0.02890625 0.0296875 0.0453125
2 0.52421875 0.04921875 0.03203125 0.0453125
2 0.559375 0.040625 0.0296875 0.05078125
2 0.54765625 0.1125 0.02421875 0.0453125
2 0.55234375 0.1546875 0.028125 0.05078125
2 0.5546875 0.20703125 0.0296875 0.05390625
2 0.57109375 0.25390625 0.03828125 0.06875
2 0.61171875 0.3046875 0.03203125 0.06328125
2 0.6390625 0.3828125 0.04609375 0.075
2 0.61875 0.36171875 0.03828125 0.06328125
2 0.68203125 0.37265625 0.03984375 0.071875
2 0.72578125 0.40546875 0.05234375 0.084375
2 0.70703125 0.4296875 0.03828125 0.06015625
2 0.70625 0.309375 0.0359375 0.05390625
2 0.665625 0.24453125 0.03203125 0.05703125
2 0.64921875 0.20234375 0.02578125 0.0453125
2 0.6421875 0.159375 0.03203125 0.05390625
2 0.6046875 0.15 0.0296875 0.05390625
2 0.6609375 0.05078125 0.02578125 0.0421875
2 0.68125 0.13984375 0.02578125 0.05078125
2 0.728125 0.159375 0.0359375 0.06015625
2 0.7421875 0.125 0.0359375 0.05078125
2 0.75 0.02890625 0.02421875 0.0390625
2 0.77109375 0.01953125 0.02578125 0.0390625
2 0.75234375 0.2 0.03203125 0.05703125
2 0.74375 0.2609375 0.0359375 0.06640625
2 0.76484375 0.3515625 0.03828125 0.06640625
2 0.79375 0.3171875 0.0359375 0.075
2 0.78515625 0.41875 0.05 0.09921875
2 0.815625 0.44140625 0.04375 0.084375
2 0.80078125 0.52109375 0.078125 0.10546875
2 0.86796875 0.48359375 0.06796875 0.14453125
2 0.92265625 0.51171875 0.0859375 0.14140625
2 0.93203125 0.390625 0.05234375 0.071875
2 0.96328125 0.3515625 0.04609375 0.078125
2 0.9140625 0.3015625 0.03203125 0.06875
2 0.921875 0.24765625 0.0359375 0.06875
2 0.9078125 0.17734375 0.04375 0.071875
2 0.95625 0.21171875 0.03203125 0.05703125
2 0.98125 0.1828125 0.02578125 0.0484375
2 0.9609375 0.13046875 0.02578125 0.05078125
2 0.94921875 0.0484375 0.021875 0.0484375
2 0.875 0.340625 0.04609375 0.06875
2 0.86171875 0.40390625 0.05625 0.06875
2 0.85078125 0.36328125 0.03828125 0.05390625
2 0.82109375 0.26875 0.03828125 0.06875
2 0.834375 0.2 0.0359375 0.06328125
2 0.82578125 0.1609375 0.0359375 0.05703125