2 0.034375 0.5453125 0.06796875 0.13984375
2 0.1265625 0.52421875 0.05546875 0.0875
2 0.21171875 0.38671875 0.0375 0.05625
2 0.35703125 0.50234375 0.03359375 0.0703125
2 0.378125 0.49375 0.02265625 0.05859375
2 0.43359375 0.47109375 0.06796875 0.1171875
2 0.58125 0.34375 0.07578125 0.12578125
2 0.50078125 0.5203125 0.03359375 0.06015625
2 0.7265625 0.46875 0.02890625 0.05
2 0.79140625 0.4734375 0.03515625 0.04609375
2 0.77890625 0.45546875 0.02421875 0.0421875
2 0.89140625 0.471875 0.02890625 0.0625
2 0.98515625 0.4828125 0.02890625 0.05078125