2 0.2015625 0.4859375 0.04609375 0.0875
2 0.303125 0.24296875 0.01953125 0.034375
2 0.340625 0.27578125 0.02109375 0.04140625
2 0.43359375 0.28046875 0.02265625 0.04140625
2 0.38984375 0.20546875 0.015625 0.0328125
2 0.43203125 0.21640625 0.0140625 0.034375
2 0.45234375 0.221875 0.0171875 0.0359375
2 0.4546875 0.18828125 0.0171875 0.03125
2 0.4359375 0.171875 0.015625 0.03125
2 0.48359375 0.19140625 0.015625 0.028125
2 0.46171875 0.15703125 0.0125 0.028125
2 0.4796875 0.15625 0.0140625 0.0296875
2 0.509375 0.16640625 0.01328125 0.0328125
2 0.49296875 0.134375 0.0125 0.025
2 0.5671875 0.14921875 0.0125 0.025
2 0.58984375 0.1578125 0.01640625 0.0296875
2 0.54296875 0.1453125 0.0125 0.028125
2 0.55 0.125 0.01328125 0.0265625
2 0.571875 0.125 0.01640625 0.01953125
2 0.60625 0.06015625 0.01171875 0.02109375
2 0.6484375 0.05859375 0.0125 0.028125
2 0.63203125 0.11640625 0.015625 0.0265625
2 0.62109375 0.1421875 0.01171875 0.025
2 0.6 0.1234375 0.0125 0.02265625
2 0.4890625 0.325 0.025 0.04453125
2 0.5671875 0.3015625 0.028125 0.05078125
2 0.57265625 0.24765625 0.02109375 0.0375
2 0.615625 0.24921875 0.01796875 0.0375
2 0.63046875 0.3015625 0.02578125 0.05390625
2 0.67421875 0.2625 0.02109375 0.05078125
2 0.63359375 0.19765625 0.021875 0.0359375
2 0.67890625 0.20859375 0.02109375 0.0328125
2 0.7171875 0.2015625 0.0171875 0.04140625
2 0.7 0.159375 0.01640625 0.0328125
2 0.70703125 0.10546875 0.0140625 0.0296875
2 0.7296875 0.14453125 0.01328125 0.0265625
2 0.74140625 0.178125 0.01328125 0.03125
2 0.76171875 0.18984375 0.01796875 0.028125
2 0.77109375 0.1515625 0.01328125 0.0265625
2 0.753125 0.11875 0.0140625 0.0296875
2 0.76953125 0.1125 0.0125 0.03125
2 0.775 0.18125 0.0125 0.0265625
2 0.8171875 0.1890625 0.0203125 0.03984375
2 0.83203125 0.13203125 0.0125 0.02109375
2 0.84921875 0.15234375 0.01328125 0.028125
2 0.8703125 0.1859375 0.015625 0.0296875
2 0.89453125 0.2328125 0.0171875 0.03125
2 0.9078125 0.19296875 0.015625 0.04140625
2 0.94453125 0.1984375 0.0171875 0.034375
2 0.7921875 0.31484375 0.021875 0.04765625
2 0.73359375 0.2828125 0.02109375 0.05234375
2 0.47890625 0.21484375 0.0203125 0.0375