2 0.57265625 0.334375 0.04296875 0.09140625
2 0.5671875 0.2375 0.02265625 0.04609375
2 0.53515625 0.21328125 0.01796875 0.03515625
2 0.5015625 0.18828125 0.01796875 0.03203125
2 0.46640625 0.20859375 0.02265625 0.0265625
2 0.325 0.21484375 0.01015625 0.0390625
2 0.37578125 0.196875 0.02109375 0.025
2 0.3765625 0.17578125 0.01953125 0.03203125
2 0.4109375 0.17265625 0.01484375 0.03203125
2 0.43671875 0.171875 0.01953125 0.0265625
2 0.4265625 0.14453125 0.0109375 0.025
2 0.475 0.13203125 0.0171875 0.025
2 0.47421875 0.1578125 0.01875 0.02265625
2 0.6328125 0.20859375 0.02265625 0.04765625
2 0.67734375 0.22109375 0.01875 0.03671875
2 0.70546875 0.225 0.015625 0.0421875
2 0.7890625 0.22890625 0.0171875 0.03203125
2 0.8671875 0.2703125 0.021875 0.05078125
2 0.8515625 0.20078125 0.01484375 0.03515625
2 0.91796875 0.2515625 0.01875 0.04609375
2 0.796875 0.12734375 0.0140625 0.0265625
2 0.821875 0.1328125 0.0171875 0.0265625
2 0.84921875 0.14296875 0.0125 0.028125
2 0.875 0.1578125 0.01484375 0.0265625
2 0.91171875 0.17421875 0.01796875 0.025
2 0.92890625 0.15703125 0.0171875 0.03203125
2 0.93359375 0.19140625 0.0140625 0.0265625
2 0.92109375 0.2140625 0.02109375 0.03671875
2 0.89765625 0.203125 0.021875 0.0296875
2 0.8234375 0.1828125 0.01796875 0.03515625
2 0.7015625 0.1171875 0.0140625 0.0296875
2 0.67578125 0.1109375 0.01875 0.03203125
2 0.65 0.11875 0.01484375 0.0265625
2 0.6171875 0.1046875 0.0109375 0.0265625
2 0.70703125 0.18828125 0.0171875 0.03203125
2 0.73125 0.178125 0.0125 0.03203125
2 0.7671875 0.178125 0.0140625 0.025
2 0.790625 0.171875 0.01171875 0.02265625
2 0.77578125 0.1484375 0.0125 0.02265625
2 0.7578125 0.1375 0.0140625 0.028125
2 0.7375 0.15 0.01171875 0.03203125
2 0.7171875 0.15 0.0140625 0.028125
2 0.6921875 0.1734375 0.01484375 0.03359375
2 0.59453125 0.13671875 0.0140625 0.0265625
2 0.578125 0.11953125 0.0125 0.02109375
2 0.54140625 0.1375 0.0125 0.02109375
2 0.52109375 0.16796875 0.0140625 0.0265625
2 0.49296875 0.134375 0.0125 0.01953125
2 0.61796875 0.165625 0.01484375 0.025
2 0.54296875 0.17265625 0.0140625 0.025
2 0.6546875 0.1953125 0.01484375 0.03515625
2 0.56875 0.17578125 0.01796875 0.028125
2 0.6296875 0.12265625 0.0140625 0.0296875
2 0.56875 0.146875 0.0125 0.0265625
2 0.440625 0.153125 0.01484375 0.028125
2 0.46015625 0.171875 0.0140625 0.0296875
2 0.80390625 0.15703125 0.015625 0.03203125
2 0.80703125 0.20234375 0.0171875 0.03515625
2 0.878125 0.24140625 0.015625 0.0421875
2 0.6796875 0.14609375 0.0125 0.025
2 0.66015625 0.13671875 0.0140625 0.0296875
2 0.56640625 0.13046875 0.01484375 0.025
2 0.5265625 0.12578125 0.0171875 0.0265625