2 0.2078125 0.3203125 0.03203125 0.06640625
2 0.2734375 0.23125 0.0171875 0.03828125
2 0.3734375 0.1953125 0.0171875 0.03671875
2 0.35703125 0.23828125 0.01953125 0.03515625
2 0.38671875 0.16875 0.015625 0.028125
2 0.4125 0.1625 0.0171875 0.0328125
2 0.46796875 0.13203125 0.01171875 0.02421875
2 0.390625 0.20234375 0.0171875 0.03671875
2 0.37578125 0.26796875 0.01796875 0.03828125
2 0.42109375 0.2203125 0.0203125 0.03984375
2 0.42578125 0.1703125 0.01953125 0.0453125
2 0.48671875 0.14375 0.0125 0.04375
2 0.49765625 0.1296875 0.0125 0.02578125
2 0.4890625 0.17890625 0.01640625 0.03828125
2 0.5203125 0.13515625 0.009375 0.02265625
2 0.51328125 0.18125 0.0171875 0.03828125
2 0.4703125 0.2015625 0.02109375 0.03828125
2 0.44765625 0.26171875 0.0203125 0.05078125
2 0.48359375 0.24140625 0.0203125 0.04140625
2 0.5609375 0.18515625 0.01796875 0.03671875
2 0.553125 0.14296875 0.01171875 0.03125
2 0.56171875 0.146875 0.009375 0.0296875
2 0.5828125 0.1203125 0.0109375 0.028125
2 0.59296875 0.1296875 0.01328125 0.0328125
2 0.60703125 0.1140625 0.0109375 0.02578125
2 0.625 0.11875 0.0125 0.02578125
2 0.58359375 0.17890625 0.015625 0.04140625
2 0.61640625 0.171875 0.01953125 0.03828125
2 0.65390625 0.1109375 0.0140625 0.03125
2 0.6734375 0.11640625 0.0125 0.028125
2 0.69140625 0.1171875 0.0109375 0.02265625
2 0.70546875 0.1109375 0.0125 0.02421875
2 0.56796875 0.28203125 0.028125 0.0484375
2 0.590625 0.24140625 0.02421875 0.03828125
2 0.63359375 0.2046875 0.0140625 0.04375
2 0.63046875 0.25859375 0.03046875 0.05390625
2 0.66953125 0.2171875 0.01640625 0.03828125
2 0.67734375 0.28515625 0.02109375 0.0484375
2 0.70546875 0.1875 0.01796875 0.03125
2 0.72265625 0.1515625 0.01953125 0.04140625
2 0.75703125 0.12578125 0.0140625 0.02578125
2 0.746875 0.1546875 0.01796875 0.02421875
2 0.73828125 0.18984375 0.01640625 0.03515625
2 0.7578125 0.18203125 0.01953125 0.02265625
2 0.75078125 0.21875 0.01953125 0.04140625
2 0.73515625 0.26328125 0.02265625 0.05078125
2 0.77265625 0.28515625 0.025 0.0484375
2 0.77421875 0.14140625 0.0109375 0.02265625
2 0.8 0.1375 0.01171875 0.02421875
2 0.7875 0.16015625 0.0203125 0.028125
2 0.78984375 0.2125 0.0171875 0.03828125
2 0.81796875 0.14375 0.01171875 0.0296875
2 0.8296875 0.15625 0.0203125 0.028125
2 0.83515625 0.17421875 0.0171875 0.03125
2 0.83671875 0.20234375 0.01640625 0.03984375
2 0.83984375 0.23984375 0.021875 0.03515625
2 0.8328125 0.30703125 0.03046875 0.046875
2 0.86484375 0.2703125 0.01796875 0.05390625
2 0.85390625 0.19375 0.01328125 0.02578125
2 0.8515625 0.1515625 0.0140625 0.03125
2 0.87890625 0.17265625 0.01328125 0.0328125
2 0.89140625 0.15625 0.0109375 0.02109375
2 0.9078125 0.1671875 0.009375 0.03515625
2 0.8984375 0.215625 0.0109375 0.03515625
2 0.90703125 0.378125 0.02265625 0.05078125
2 0.91875 0.30234375 0.0203125 0.0484375
2 0.92265625 0.2453125 0.01796875 0.0453125
2 0.93203125 0.23359375 0.0171875 0.046875
2 0.946875 0.22421875 0.0171875 0.04140625
2 0.94609375 0.1828125 0.01171875 0.02109375
2 0.8078125 0.14921875 0.01328125 0.028125
2 0.7265625 0.19296875 0.02109375 0.03828125
2 0.653125 0.1359375 0.0109375 0.02109375
2 0.72578125 0.2328125 0.028125 0.04140625