2 0.1515625 0.40078125 0.0421875 0.078125
2 0.29296875 0.25703125 0.01953125 0.0375
2 0.33203125 0.2453125 0.02265625 0.0421875
2 0.33046875 0.21015625 0.01796875 0.03046875
2 0.34765625 0.20625 0.015625 0.03671875
2 0.36484375 0.2109375 0.015625 0.03515625
2 0.3765625 0.2203125 0.0171875 0.03515625
2 0.38515625 0.253125 0.01796875 0.04453125
2 0.36015625 0.25078125 0.01640625 0.03046875
2 0.3953125 0.21640625 0.0140625 0.03203125
2 0.428125 0.21875 0.01796875 0.03671875
2 0.42265625 0.2515625 0.0203125 0.0375
2 0.446875 0.184375 0.0125 0.0296875
2 0.4203125 0.19140625 0.015625 0.03515625
2 0.45 0.16484375 0.0140625 0.0265625
2 0.45703125 0.1390625 0.0125 0.0265625
2 0.4734375 0.13984375 0.01328125 0.028125
2 0.47734375 0.175 0.01796875 0.028125
2 0.49765625 0.17578125 0.01484375 0.03515625
2 0.4796875 0.21328125 0.021875 0.040625
2 0.5078125 0.153125 0.0125 0.0296875
2 0.5171875 0.12109375 0.01171875 0.0234375
2 0.53125 0.13671875 0.0125 0.0234375
2 0.546875 0.16015625 0.0171875 0.040625
2 0.5328125 0.1234375 0.0125 0.0171875
2 0.55078125 0.128125 0.0125 0.03515625
2 0.55859375 0.11640625 0.01484375 0.03359375
2 0.5765625 0.1515625 0.0171875 0.03359375
2 0.5828125 0.13046875 0.01484375 0.03046875
2 0.58515625 0.11171875 0.01171875 0.0265625
2 0.60390625 0.13984375 0.01484375 0.03359375
2 0.60625 0.1203125 0.01640625 0.03046875
2 0.6125 0.109375 0.009375 0.025
2 0.615625 0.09609375 0.009375 0.0234375
2 0.628125 0.11796875 0.0140625 0.03046875
2 0.64375 0.12890625 0.015625 0.03359375
2 0.6484375 0.090625 0.01171875 0.0234375
2 0.6609375 0.10390625 0.01015625 0.02265625
2 0.6625 0.1265625 0.01171875 0.0265625
2 0.68984375 0.09453125 0.0125 0.0296875
2 0.55859375 0.22890625 0.025 0.04921875
2 0.53515625 0.27734375 0.02734375 0.06171875
2 0.5859375 0.31328125 0.0296875 0.0546875
2 0.61484375 0.234375 0.021875 0.04609375
2 0.625 0.1890625 0.01796875 0.03671875
2 0.65078125 0.221875 0.0203125 0.04609375
2 0.68046875 0.23984375 0.02421875 0.0515625
2 0.675 0.18515625 0.0171875 0.0390625
2 0.70234375 0.1390625 0.0125 0.0296875
2 0.71171875 0.15859375 0.01484375 0.03359375
2 0.72265625 0.175 0.02109375 0.04765625
2 0.70390625 0.23515625 0.02265625 0.05078125
2 0.74453125 0.1359375 0.015625 0.03359375
2 0.7265625 0.1296875 0.015625 0.0265625
2 0.75 0.16953125 0.0171875 0.03671875
2 0.77734375 0.1453125 0.0140625 0.0296875
2 0.7671875 0.13203125 0.00859375 0.02109375
2 0.77421875 0.1203125 0.01015625 0.02265625
2 0.79921875 0.11796875 0.01484375 0.0296875
2 0.75546875 0.2234375 0.02265625 0.03515625
2 0.7421875 0.24375 0.0234375 0.04453125
2 0.75546875 0.30390625 0.025 0.05859375
2 0.83125 0.33984375 0.028125 0.0796875
2 0.8359375 0.3046875 0.028125 0.0546875
2 0.80859375 0.23828125 0.0203125 0.04453125
2 0.821875 0.1984375 0.015625 0.040625
2 0.7890625 0.17890625 0.0203125 0.0375
2 0.81171875 0.14453125 0.01171875 0.03359375
2 0.82109375 0.128125 0.01328125 0.0296875
2 0.8296875 0.11796875 0.0109375 0.0234375
2 0.84453125 0.1546875 0.0140625 0.0296875
2 0.8390625 0.17890625 0.01328125 0.03671875
2 0.84140625 0.2390625 0.02109375 0.04609375
2 0.87109375 0.40234375 0.0328125 0.09140625
2 0.9015625 0.3515625 0.02734375 0.0703125
2 0.89375 0.2984375 0.02109375 0.03671875
2 0.86875 0.2109375 0.0171875 0.040625
2 0.88515625 0.17578125 0.01484375 0.03515625
2 0.89453125 0.1515625 0.01484375 0.03359375
2 0.85546875 0.13828125 0.0140625 0.03359375
2 0.8625 0.12890625 0.0140625 0.028125
2 0.8984375 0.12578125 0.01484375 0.025
2 0.91328125 0.22109375 0.0203125 0.05078125
2 0.92734375 0.19375 0.01640625 0.0296875
2 0.92421875 0.15546875 0.0140625 0.03359375
2 0.93671875 0.1546875 0.0125 0.0296875