2 0.0828125 0.325 0.015625 0.03203125
2 0.1296875 0.29921875 0.0203125 0.04921875
2 0.22421875 0.27109375 0.0296875 0.05859375
2 0.18671875 0.48828125 0.04453125 0.08515625
2 0.29921875 0.2640625 0.02578125 0.053125
2 0.33046875 0.253125 0.02109375 0.04921875
2 0.36796875 0.25625 0.02578125 0.04609375
2 0.4296875 0.2125 0.0171875 0.0359375
2 0.4515625 0.22890625 0.01875 0.0421875
2 0.43046875 0.271875 0.02578125 0.0546875
2 0.4890625 0.309375 0.0296875 0.05703125
2 0.54296875 0.35234375 0.02890625 0.04453125
2 0.7171875 0.140625 0.01953125 0.04296875
2 0.75078125 0.1484375 0.01640625 0.040625
2 0.8859375 0.2140625 0.02109375 0.04609375