2 0.0765625 0.36171875 0.03984375 0.07890625
2 0.27421875 0.19453125 0.01875 0.03515625
2 0.2984375 0.2015625 0.01875 0.0421875
2 0.31015625 0.18671875 0.02265625 0.0453125
2 0.40546875 0.17421875 0.02578125 0.0609375
2 0.4890625 0.17734375 0.03046875 0.0578125
2 0.50390625 0.1578125 0.02265625 0.0546875
2 0.53984375 0.1484375 0.0234375 0.0453125
2 0.56953125 0.1625 0.025 0.0515625
2 0.571875 0.28046875 0.03046875 0.0609375
2 0.62734375 0.25703125 0.034375 0.06640625
2 0.68125 0.28515625 0.04453125 0.08984375
2 0.78671875 0.22578125 0.02890625 0.0640625
2 0.5984375 0.240625 0.02421875 0.05