2 0.2046875 0.35625 0.04453125 0.0859375
2 0.28984375 0.21953125 0.01796875 0.04140625
2 0.30390625 0.24609375 0.0203125 0.04453125
2 0.3328125 0.18359375 0.0171875 0.03984375
2 0.353125 0.18671875 0.01953125 0.03671875
2 0.34921875 0.22734375 0.01796875 0.04140625
2 0.36796875 0.24765625 0.01953125 0.04140625
2 0.3734375 0.23125 0.0171875 0.03984375
2 0.384375 0.190625 0.015625 0.03515625
2 0.4078125 0.19296875 0.015625 0.03671875
2 0.41953125 0.20546875 0.01953125 0.03515625
2 0.41640625 0.2296875 0.0203125 0.04296875
2 0.41953125 0.14921875 0.0140625 0.03203125
2 0.440625 0.1703125 0.01796875 0.03515625
2 0.4421875 0.21328125 0.01875 0.03828125
2 0.4625 0.23984375 0.021875 0.04140625
2 0.46640625 0.18984375 0.0203125 0.04609375
2 0.471875 0.153125 0.0140625 0.03046875
2 0.4578125 0.13984375 0.0140625 0.03203125
2 0.49296875 0.15546875 0.015625 0.03203125
2 0.5046875 0.13828125 0.01328125 0.02890625
2 0.4875 0.13671875 0.01328125 0.02578125
2 0.51953125 0.13125 0.015625 0.03046875
2 0.51171875 0.18203125 0.0140625 0.03359375
2 0.51875 0.1703125 0.0140625 0.03203125
2 0.5484375 0.18203125 0.0171875 0.03671875
2 0.5421875 0.1421875 0.0140625 0.02734375
2 0.55078125 0.12890625 0.01328125 0.02578125
2 0.55546875 0.15078125 0.0125 0.03203125
2 0.5828125 0.171875 0.01875 0.03828125
2 0.56796875 0.12890625 0.01796875 0.03515625
2 0.5828125 0.11484375 0.01328125 0.02890625
2 0.59765625 0.1265625 0.0140625 0.03359375
2 0.609375 0.16015625 0.0171875 0.03671875
2 0.6234375 0.13203125 0.015625 0.03515625
2 0.64921875 0.140625 0.0171875 0.03046875
2 0.65234375 0.11015625 0.015625 0.02734375
2 0.67265625 0.103125 0.01875 0.03515625
2 0.67265625 0.12734375 0.015625 0.03203125
2 0.70859375 0.11171875 0.015625 0.03359375
2 0.51875 0.2640625 0.02578125 0.05390625
2 0.553125 0.290625 0.028125 0.06015625
2 0.56796875 0.25078125 0.02421875 0.04609375
2 0.6 0.3125 0.03125 0.06875
2 0.621875 0.25390625 0.02734375 0.05234375
2 0.62890625 0.21171875 0.01875 0.04140625
2 0.6625 0.190625 0.01953125 0.03828125
2 0.696875 0.171875 0.01875 0.04453125
2 0.7125 0.18046875 0.01953125 0.04296875
2 0.67578125 0.25390625 0.0328125 0.06484375
2 0.6953125 0.3078125 0.03359375 0.06171875
2 0.72265625 0.30234375 0.021875 0.05390625
2 0.72578125 0.23984375 0.021875 0.04765625
2 0.740625 0.20703125 0.01953125 0.03828125
2 0.74296875 0.17265625 0.01875 0.03671875
2 0.7484375 0.13125 0.01796875 0.03671875
2 0.76796875 0.13828125 0.01484375 0.03515625
2 0.7859375 0.1546875 0.0203125 0.03671875
2 0.76328125 0.22734375 0.025 0.04765625
2 0.7515625 0.35703125 0.03046875 0.06484375
2 0.7890625 0.2328125 0.0234375 0.04609375
2 0.78125 0.29453125 0.028125 0.06484375
2 0.81171875 0.39921875 0.03125 0.0703125
2 0.82578125 0.3046875 0.02890625 0.06484375
2 0.81484375 0.25703125 0.0234375 0.05234375
2 0.86171875 0.2734375 0.0265625 0.05078125
2 0.8703125 0.22578125 0.02421875 0.05078125
2 0.90078125 0.33359375 0.02734375 0.05703125
2 0.878125 0.42265625 0.0453125 0.0859375
2 0.9078125 0.2875 0.02109375 0.04765625
2 0.91484375 0.24296875 0.02109375 0.04453125
2 0.8046875 0.1671875 0.01484375 0.03203125