2 0.115625 0.553125 0.03984375 0.0796875
2 0.21953125 0.340625 0.01953125 0.03671875
2 0.25546875 0.34609375 0.0234375 0.04375
2 0.2765625 0.36953125 0.021875 0.046875
2 0.28203125 0.30546875 0.01875 0.03515625
2 0.33046875 0.36015625 0.02421875 0.046875
2 0.35234375 0.32578125 0.01875 0.0375
2 0.35 0.296875 0.0171875 0.03359375
2 0.4109375 0.33203125 0.02265625 0.0390625
2 0.4453125 0.33671875 0.02421875 0.0421875
2 0.4234375 0.29140625 0.015625 0.025
2 0.40625 0.2953125 0.02109375 0.03515625
2 0.38984375 0.26171875 0.01796875 0.03203125
2 0.4265625 0.259375 0.01640625 0.02734375
2 0.4703125 0.265625 0.01640625 0.03046875
2 0.47734375 0.30546875 0.02109375 0.03515625
2 0.5078125 0.3234375 0.025 0.0453125
2 0.46875 0.240625 0.01640625 0.03359375
2 0.515625 0.2640625 0.0171875 0.03671875
2 0.5265625 0.27421875 0.015625 0.03671875
2 0.54609375 0.29296875 0.01796875 0.0390625
2 0.54921875 0.253125 0.01640625 0.03515625
2 0.56328125 0.225 0.0140625 0.02890625
2 0.57734375 0.21953125 0.0140625 0.02578125
2 0.58359375 0.221875 0.0109375 0.021875
2 0.59140625 0.2328125 0.015625 0.02578125
2 0.5890625 0.26328125 0.01796875 0.03515625
2 0.61328125 0.246875 0.0171875 0.02890625
2 0.609375 0.221875 0.01484375 0.025
2 0.60859375 0.20390625 0.015625 0.021875
2 0.63828125 0.2140625 0.0140625 0.02734375
2 0.65 0.22109375 0.0140625 0.02578125
2 0.653125 0.24453125 0.0140625 0.02734375
2 0.68515625 0.2296875 0.01796875 0.02890625
2 0.69921875 0.22421875 0.01640625 0.03359375
2 0.684375 0.20703125 0.01484375 0.02734375
2 0.68359375 0.278125 0.02265625 0.0421875
2 0.646875 0.30390625 0.01953125 0.040625
2 0.6109375 0.328125 0.025 0.040625
2 0.6109375 0.3765625 0.028125 0.05546875
2 0.54453125 0.359375 0.02578125 0.04921875
2 0.55625 0.41328125 0.03515625 0.059375
2 0.48125 0.40625 0.03515625 0.065625
2 0.6046875 0.45546875 0.03515625 0.07109375
2 0.64765625 0.46875 0.03515625 0.0796875
2 0.66171875 0.36953125 0.03125 0.059375
2 0.70234375 0.35859375 0.02421875 0.05390625
2 0.7375 0.4015625 0.034375 0.065625
2 0.7203125 0.52734375 0.0390625 0.084375
2 0.8359375 0.5140625 0.03828125 0.07109375
2 0.8046875 0.43125 0.0296875 0.065625
2 0.83515625 0.36015625 0.0265625 0.04921875
2 0.88125 0.390625 0.03359375 0.0609375
2 0.9484375 0.4640625 0.03046875 0.06796875
2 0.71015625 0.29921875 0.01875 0.04375
2 0.7203125 0.2984375 0.0171875 0.03046875
2 0.7203125 0.24921875 0.0171875 0.03359375
2 0.746875 0.25078125 0.01796875 0.03671875
2 0.7625 0.23984375 0.0140625 0.03203125
2 0.790625 0.26015625 0.0140625 0.02890625
2 0.8 0.2359375 0.01640625 0.03046875
2 0.79765625 0.28203125 0.01953125 0.03515625
2 0.83515625 0.296875 0.01796875 0.0375
2 0.8671875 0.321875 0.01875 0.0390625
2 0.89453125 0.33515625 0.01953125 0.0453125
2 0.91171875 0.31875 0.01640625 0.03671875
2 0.93984375 0.32890625 0.01796875 0.03671875
2 0.96015625 0.35859375 0.02265625 0.05078125
2 0.959375 0.30625 0.015625 0.0390625
2 0.96484375 0.27578125 0.01328125 0.03046875
2 0.92578125 0.284375 0.015625 0.0390625
2 0.9375 0.303125 0.01640625 0.03046875
2 0.903125 0.2546875 0.0140625 0.03515625
2 0.88125 0.27265625 0.01796875 0.03359375
2 0.86796875 0.2734375 0.0171875 0.03203125
2 0.8640625 0.2515625 0.015625 0.02890625
2 0.82890625 0.2421875 0.01875 0.03671875