2 0.06796875 0.56484375 0.0453125 0.10390625
2 0.18359375 0.303125 0.0234375 0.04140625
2 0.21328125 0.27890625 0.01796875 0.05546875
2 0.253125 0.240625 0.0203125 0.04140625
2 0.28984375 0.2453125 0.01875 0.046875
2 0.29453125 0.2078125 0.01640625 0.0453125
2 0.3140625 0.23125 0.01875 0.04296875
2 0.3328125 0.21484375 0.01484375 0.0484375
2 0.3578125 0.2609375 0.01796875 0.05
2 0.384375 0.23984375 0.01328125 0.046875
2 0.35234375 0.19296875 0.01953125 0.04296875
2 0.378125 0.190625 0.01796875 0.0453125
2 0.421875 0.32421875 0.02578125 0.0484375
2 0.45859375 0.25078125 0.01875 0.05390625
2 0.421875 0.19296875 0.01328125 0.0328125
2 0.41015625 0.1671875 0.01171875 0.0296875
2 0.4484375 0.16171875 0.0125 0.03671875
2 0.4765625 0.209375 0.015625 0.0453125
2 0.51953125 0.2296875 0.0171875 0.046875
2 0.4765625 0.15859375 0.01640625 0.04296875
2 0.509375 0.171875 0.01796875 0.0484375
2 0.540625 0.13515625 0.0109375 0.02734375
2 0.5484375 0.1609375 0.01328125 0.03828125
2 0.5671875 0.2 0.0140625 0.04296875
2 0.6140625 0.1984375 0.01484375 0.03984375
2 0.65 0.18125 0.0140625 0.02578125
2 0.6 0.15625 0.015625 0.03828125
2 0.57109375 0.13046875 0.01484375 0.03984375
2 0.58984375 0.11796875 0.0125 0.034375
2 0.62265625 0.125 0.01328125 0.034375
2 0.64140625 0.14921875 0.01171875 0.03125
2 0.6515625 0.12578125 0.01328125 0.03984375
2 0.68046875 0.1578125 0.01328125 0.03828125
2 0.6890625 0.13203125 0.0125 0.03125
2 0.70703125 0.15078125 0.0125 0.03828125
2 0.54296875 0.3703125 0.0203125 0.05703125
2 0.58984375 0.38359375 0.025 0.0640625
2 0.59765625 0.2921875 0.0203125 0.0609375
2 0.64765625 0.26953125 0.01796875 0.05
2 0.65703125 0.409375 0.02578125 0.05234375
2 0.71875 0.40625 0.02578125 0.0640625
2 0.79375 0.4515625 0.0265625 0.08515625
2 0.878125 0.50703125 0.02734375 0.07109375
2 0.8796875 0.43671875 0.02109375 0.05859375
2 0.95859375 0.47265625 0.025 0.06796875
2 0.71640625 0.2640625 0.0171875 0.046875
2 0.70625 0.2125 0.01328125 0.03671875
2 0.73515625 0.23203125 0.01875 0.05234375
2 0.7484375 0.19296875 0.01015625 0.0328125
2 0.74375 0.29609375 0.01484375 0.0453125
2 0.8109375 0.3046875 0.015625 0.05234375
2 0.79140625 0.26171875 0.01796875 0.034375
2 0.77578125 0.21328125 0.015625 0.034375
2 0.76953125 0.18203125 0.01484375 0.03125
2 0.80546875 0.18515625 0.01171875 0.03828125
2 0.8265625 0.21328125 0.0125 0.04140625
2 0.81328125 0.228125 0.01484375 0.04296875
2 0.865625 0.23046875 0.01171875 0.034375
2 0.85390625 0.3421875 0.01796875 0.05
2 0.86796875 0.31484375 0.01796875 0.05390625
2 0.88984375 0.2796875 0.01640625 0.04296875
2 0.89921875 0.26015625 0.01328125 0.034375
2 0.90546875 0.2359375 0.01484375 0.04140625
2 0.94921875 0.24296875 0.01484375 0.04140625
2 0.934375 0.27890625 0.0140625 0.03125
2 0.93125 0.34296875 0.0171875 0.0484375
2 0.946875 0.38671875 0.021875 0.065625
2 0.9765625 0.37890625 0.015625 0.05703125
2 0.97109375 0.325 0.0140625 0.046875
2 0.9765625 0.30703125 0.01171875 0.034375
2 0.98203125 0.259375 0.01328125 0.046875