2 0.11875 0.54296875 0.040625 0.07734375
2 0.22734375 0.33671875 0.01875 0.034375
2 0.2578125 0.33828125 0.021875 0.03984375
2 0.290625 0.359375 0.021875 0.04609375
2 0.28671875 0.303125 0.01796875 0.0328125
2 0.33671875 0.35859375 0.02265625 0.05
2 0.353125 0.3234375 0.01796875 0.03046875
2 0.35703125 0.2921875 0.0203125 0.034375
2 0.38984375 0.33125 0.01953125 0.0375
2 0.41328125 0.32890625 0.02265625 0.04140625
2 0.41171875 0.29765625 0.01796875 0.0390625
2 0.4 0.25546875 0.01953125 0.0328125
2 0.42890625 0.2546875 0.01640625 0.02890625
2 0.44921875 0.25859375 0.0140625 0.0328125
2 0.4390625 0.30390625 0.021875 0.034375
2 0.446875 0.33203125 0.021875 0.04609375
2 0.47734375 0.3015625 0.02109375 0.0390625
2 0.4796875 0.2609375 0.01640625 0.03125
2 0.465625 0.24296875 0.01484375 0.0328125
2 0.475 0.23125 0.01328125 0.02734375
2 0.51171875 0.325 0.021875 0.04609375
2 0.503125 0.25703125 0.01484375 0.0359375
2 0.51328125 0.2546875 0.0140625 0.02734375
2 0.51953125 0.23671875 0.01640625 0.02890625
2 0.534375 0.25625 0.01796875 0.0375
2 0.55 0.24296875 0.01484375 0.03046875
2 0.56484375 0.28046875 0.01796875 0.034375
2 0.58515625 0.25078125 0.01796875 0.0375
2 0.575 0.2125 0.01328125 0.02421875
2 0.57890625 0.2328125 0.01171875 0.021875
2 0.60546875 0.24609375 0.01484375 0.034375
2 0.6140625 0.21484375 0.01171875 0.02578125
2 0.61796875 0.2015625 0.0125 0.02734375
2 0.64453125 0.2421875 0.01640625 0.03125
2 0.6359375 0.2140625 0.01640625 0.03046875
2 0.65078125 0.21796875 0.0140625 0.03125
2 0.684375 0.2265625 0.0125 0.02578125
2 0.696875 0.21953125 0.01484375 0.03046875
2 0.67890625 0.20625 0.01328125 0.02890625
2 0.4953125 0.3921875 0.0296875 0.06015625
2 0.55703125 0.3953125 0.03125 0.0515625
2 0.5578125 0.3546875 0.0265625 0.04453125
2 0.60078125 0.37265625 0.02421875 0.0546875
2 0.60625 0.321875 0.025 0.0359375
2 0.6203125 0.4203125 0.0328125 0.06484375
2 0.64453125 0.46171875 0.04140625 0.0703125
2 0.71328125 0.53671875 0.03828125 0.07578125
2 0.6421875 0.29765625 0.01953125 0.04140625
2 0.65703125 0.3328125 0.02265625 0.04765625
2 0.6765625 0.375 0.02890625 0.05859375
2 0.703125 0.35625 0.0265625 0.05
2 0.6796875 0.2734375 0.0171875 0.034375
2 0.7015625 0.28203125 0.0171875 0.034375
2 0.71796875 0.24765625 0.01484375 0.0375
2 0.7234375 0.29921875 0.01640625 0.0375
2 0.74375 0.234375 0.0109375 0.02421875
2 0.7515625 0.25234375 0.0140625 0.02890625
2 0.76171875 0.2265625 0.01328125 0.03125
2 0.77734375 0.25859375 0.0140625 0.0359375
2 0.78828125 0.27890625 0.01640625 0.0359375
2 0.7984375 0.2609375 0.01328125 0.034375
2 0.79375 0.2328125 0.01328125 0.02734375
2 0.82578125 0.23828125 0.0140625 0.0328125
2 0.8328125 0.27265625 0.01796875 0.03046875
2 0.82734375 0.29609375 0.01875 0.0328125
2 0.86171875 0.30625 0.01953125 0.0375
2 0.8625 0.2703125 0.01328125 0.0328125
2 0.871875 0.26953125 0.0125 0.034375
2 0.88671875 0.25703125 0.01328125 0.0328125
2 0.85625 0.25390625 0.0125 0.02578125
2 0.90859375 0.271875 0.0171875 0.0359375
2 0.8265625 0.35078125 0.0203125 0.0515625
2 0.7953125 0.42109375 0.03046875 0.0515625
2 0.7390625 0.396875 0.025 0.0515625
2 0.84765625 0.51328125 0.0390625 0.0671875
2 0.86171875 0.43359375 0.03046875 0.05859375
2 0.8765625 0.36875 0.0234375 0.05625
2 0.88359375 0.33125 0.0203125 0.04296875
2 0.9203125 0.3234375 0.01953125 0.04296875
2 0.9296875 0.30859375 0.0140625 0.0359375
2 0.9484375 0.35 0.01953125 0.04140625
2 0.93125 0.39140625 0.021875 0.04609375
2 0.93984375 0.459375 0.0296875 0.05859375
2 0.95078125 0.3046875 0.0140625 0.0359375
2 0.95546875 0.275 0.01640625 0.03125