2 0.3859375 0.41015625 0.04453125 0.0921875
2 0.2703125 0.2203125 0.01640625 0.03359375
2 0.29296875 0.2140625 0.01796875 0.03359375
2 0.32578125 0.2078125 0.015625 0.03125
2 0.34296875 0.165625 0.01171875 0.02734375
2 0.34765625 0.20703125 0.01640625 0.0296875
2 0.36640625 0.20078125 0.01328125 0.02734375
2 0.37109375 0.2203125 0.01875 0.03671875
2 0.384375 0.24140625 0.01953125 0.0421875
2 0.3875 0.2015625 0.01796875 0.0296875
2 0.378125 0.16171875 0.0125 0.02421875
2 0.40859375 0.15703125 0.01328125 0.02578125
2 0.41484375 0.17734375 0.01328125 0.0296875
2 0.4171875 0.15 0.01015625 0.01875
2 0.440625 0.140625 0.01328125 0.02578125
2 0.4359375 0.1921875 0.01640625 0.03359375
2 0.46328125 0.19296875 0.01875 0.0390625
2 0.440625 0.17578125 0.0125 0.02578125
2 0.43984375 0.234375 0.01796875 0.03671875
2 0.48046875 0.1265625 0.01171875 0.02421875
2 0.48359375 0.13828125 0.01484375 0.02578125
2 0.4890625 0.1703125 0.01484375 0.0296875
2 0.4953125 0.11796875 0.01015625 0.021875
2 0.51015625 0.1421875 0.0125 0.02578125
2 0.52109375 0.1703125 0.01328125 0.0296875
2 0.5390625 0.15546875 0.01484375 0.0296875
2 0.546875 0.125 0.0125 0.03125
2 0.56953125 0.1265625 0.01328125 0.02421875
2 0.5515625 0.1765625 0.01796875 0.03125
2 0.5171875 0.1265625 0.01015625 0.01640625
2 0.584375 0.15703125 0.01640625 0.03359375
2 0.596875 0.146875 0.0125 0.02734375
2 0.6171875 0.13125 0.015625 0.02578125
2 0.59765625 0.1296875 0.01171875 0.021875
2 0.59296875 0.1125 0.01015625 0.01484375
2 0.628125 0.10703125 0.01015625 0.01875
2 0.6359375 0.10703125 0.01171875 0.02578125
2 0.6453125 0.1046875 0.01171875 0.02734375
2 0.6515625 0.13671875 0.01328125 0.0296875
2 0.63984375 0.1484375 0.01171875 0.02734375
2 0.59140625 0.21875 0.01796875 0.03515625
2 0.59453125 0.20859375 0.01953125 0.02578125
2 0.63515625 0.24296875 0.01875 0.03515625
2 0.65078125 0.23671875 0.01875 0.0296875
2 0.6609375 0.17109375 0.015625 0.03125
2 0.684375 0.10078125 0.01015625 0.0203125
2 0.6890625 0.1171875 0.015625 0.02734375
2 0.70859375 0.10546875 0.01328125 0.0296875
2 0.69921875 0.1734375 0.015625 0.03359375
2 0.715625 0.17578125 0.015625 0.0296875
2 0.7328125 0.13984375 0.0125 0.02734375
2 0.74296875 0.15546875 0.01328125 0.03359375
2 0.753125 0.190625 0.01484375 0.03359375
2 0.734375 0.22890625 0.01875 0.040625
2 0.69140625 0.2484375 0.01953125 0.0421875
2 0.6953125 0.30390625 0.028125 0.05703125
2 0.7640625 0.33984375 0.028125 0.059375
2 0.79765625 0.28203125 0.02421875 0.04609375
2 0.8296875 0.2421875 0.01875 0.04453125
2 0.77265625 0.24140625 0.02265625 0.0390625
2 0.80078125 0.19765625 0.015625 0.03671875
2 0.7921875 0.16015625 0.01015625 0.02421875
2 0.78125 0.11953125 0.01015625 0.02734375
2 0.8078125 0.13046875 0.01015625 0.02421875
2 0.821875 0.13046875 0.009375 0.02421875
2 0.8390625 0.14765625 0.0125 0.02578125
2 0.83203125 0.16484375 0.01171875 0.0296875
2 0.81953125 0.196875 0.01484375 0.02734375
2 0.84140625 0.21328125 0.01640625 0.0421875
2 0.85546875 0.21015625 0.015625 0.03515625
2 0.871875 0.1765625 0.01328125 0.03125
2 0.8765625 0.1578125 0.01171875 0.03125
2 0.85546875 0.1453125 0.01015625 0.02734375
2 0.909375 0.1421875 0.0125 0.02578125
2 0.909375 0.1625 0.01171875 0.02578125
2 0.9015625 0.178125 0.0125 0.03125
2 0.903125 0.2109375 0.01484375 0.0296875
2 0.896875 0.22578125 0.01796875 0.04453125
2 0.9453125 0.17265625 0.01015625 0.0203125
2 0.95703125 0.17578125 0.01171875 0.01875
2 0.9328125 0.1984375 0.0125 0.02734375
2 0.928125 0.23828125 0.01640625 0.03359375
2 0.9125 0.34921875 0.02421875 0.059375