2 0.1984375 0.34140625 0.0375 0.075
2 0.21796875 0.25 0.02421875 0.04765625
2 0.2515625 0.2109375 0.02109375 0.0375
2 0.26015625 0.253125 0.02421875 0.0484375
2 0.28125 0.24375 0.02265625 0.04609375
2 0.33515625 0.2546875 0.02890625 0.0515625
2 0.33046875 0.22421875 0.025 0.0421875
2 0.32421875 0.30078125 0.03125 0.0484375
2 0.34140625 0.384375 0.05078125 0.0875
2 0.353125 0.4359375 0.04921875 0.08515625
2 0.4546875 0.5640625 0.0796875 0.1265625
2 0.43203125 0.23671875 0.028125 0.0671875
2 0.41875 0.2015625 0.021875 0.0546875