2 0.27578125 0.4015625 0.06171875 0.12890625
2 0.39375 0.5 0.08125 0.14609375
2 0.34296875 0.1875 0.02578125 0.0546875
2 0.41484375 0.19765625 0.02265625 0.04453125
2 0.44375 0.196875 0.02265625 0.0390625
2 0.4640625 0.22734375 0.025 0.05234375
2 0.44609375 0.246875 0.02421875 0.05625
2 0.5921875 0.24765625 0.02734375 0.046875
2 0.640625 0.228125 0.02734375 0.06640625
2 0.58359375 0.11328125 0.0140625 0.02734375
2 0.6109375 0.103125 0.0140625 0.02734375
2 0.64453125 0.12109375 0.01484375 0.02734375
2 0.6671875 0.1140625 0.01328125 0.025