2 0.0328125 0.39453125 0.0640625 0.196875
2 0.0359375 0.22890625 0.0375 0.084375
2 0.06171875 0.196875 0.0265625 0.05
2 0.1171875 0.1953125 0.0265625 0.0625
2 0.13515625 0.1875 0.02265625 0.05234375
2 0.26796875 0.22109375 0.03359375 0.0796875
2 0.2828125 0.25 0.0359375 0.08671875
2 0.33671875 0.2203125 0.0390625 0.08203125
2 0.34375 0.165625 0.0328125 0.05703125
2 0.38359375 0.1703125 0.02734375 0.071875
2 0.4078125 0.21640625 0.04765625 0.09921875
2 0.42890625 0.184375 0.025 0.0546875
2 0.32734375 0.42890625 0.1046875 0.24140625
2 0.60703125 0.45859375 0.14140625 0.32578125
2 0.5390625 0.121875 0.0921875 0.22890625
2 0.6203125 0.2203125 0.0390625 0.096875
2 0.64375 0.14140625 0.03515625 0.06484375
2 0.6859375 0.0359375 0.0296875 0.0671875
2 0.83984375 0.6390625 0.24765625 0.4578125