2 0.1359375 0.559375 0.046875 0.0921875
2 0.23203125 0.340625 0.015625 0.0359375
2 0.26171875 0.34921875 0.021875 0.0390625
2 0.28046875 0.37890625 0.01953125 0.040625
2 0.2875 0.31015625 0.01796875 0.0359375
2 0.3296875 0.37734375 0.02265625 0.04921875
2 0.353125 0.3234375 0.0171875 0.0328125
2 0.35390625 0.2984375 0.01796875 0.02890625
2 0.38671875 0.34296875 0.02109375 0.0375
2 0.409375 0.3375 0.021875 0.040625
2 0.40703125 0.3015625 0.0171875 0.0328125
2 0.3953125 0.25859375 0.015625 0.0359375
2 0.425 0.2640625 0.0140625 0.02578125
2 0.43671875 0.275 0.01640625 0.03203125
2 0.43671875 0.31171875 0.01953125 0.0390625
2 0.446875 0.340625 0.025 0.04140625
2 0.471875 0.3109375 0.015625 0.0375
2 0.50078125 0.32890625 0.025 0.040625
2 0.521875 0.2796875 0.01640625 0.0375
2 0.49921875 0.26875 0.0171875 0.0390625
2 0.47734375 0.26796875 0.01796875 0.034375
2 0.46640625 0.24375 0.01953125 0.03203125
2 0.5203125 0.24765625 0.01796875 0.034375
2 0.54140625 0.25 0.015625 0.0359375
2 0.5546875 0.2859375 0.01640625 0.0359375
2 0.57421875 0.2546875 0.0140625 0.03046875
2 0.56796875 0.2203125 0.01171875 0.02578125
2 0.58359375 0.23828125 0.0140625 0.0328125
2 0.5984375 0.25859375 0.0171875 0.0359375
2 0.6015625 0.228125 0.01328125 0.02734375
2 0.6078125 0.209375 0.01171875 0.02421875
2 0.6265625 0.21796875 0.0171875 0.02890625
2 0.63984375 0.2265625 0.015625 0.034375
2 0.64296875 0.24921875 0.01171875 0.02890625
2 0.6703125 0.23125 0.01484375 0.02421875
2 0.6703125 0.20859375 0.015625 0.02890625
2 0.68671875 0.2328125 0.0140625 0.0359375
2 0.53984375 0.35546875 0.0296875 0.04765625
2 0.4921875 0.38984375 0.034375 0.05625
2 0.54296875 0.41015625 0.0265625 0.059375
2 0.5859375 0.45 0.034375 0.06171875
2 0.6015625 0.38125 0.0296875 0.059375
2 0.59921875 0.3359375 0.0265625 0.04609375
2 0.64296875 0.30546875 0.025 0.0546875
2 0.646875 0.35546875 0.02109375 0.04140625
2 0.66328125 0.3875 0.02578125 0.06640625
2 0.63671875 0.4765625 0.03515625 0.0734375
2 0.69921875 0.54765625 0.0421875 0.06640625
2 0.6859375 0.36640625 0.0265625 0.059375
2 0.66953125 0.28203125 0.02265625 0.04140625
2 0.6953125 0.30234375 0.0203125 0.040625
2 0.7078125 0.3046875 0.01875 0.04140625
2 0.70625 0.25078125 0.0140625 0.0375
2 0.73515625 0.25234375 0.01875 0.0375
2 0.7484375 0.23203125 0.0125 0.02890625
2 0.7671875 0.27890625 0.0171875 0.0359375
2 0.7796875 0.2453125 0.015625 0.02578125
2 0.7796875 0.27109375 0.0140625 0.034375
2 0.81484375 0.30546875 0.01875 0.034375
2 0.815625 0.27265625 0.01484375 0.03203125
2 0.80859375 0.2453125 0.015625 0.03046875
2 0.80859375 0.359375 0.02265625 0.053125
2 0.72734375 0.40390625 0.02734375 0.053125
2 0.79140625 0.4375 0.03203125 0.06796875
2 0.83046875 0.5109375 0.0359375 0.06796875
2 0.8453125 0.43984375 0.02890625 0.06484375
2 0.85859375 0.37578125 0.0203125 0.0515625
2 0.92109375 0.471875 0.03203125 0.05625
2 0.9109375 0.39453125 0.0234375 0.04609375
2 0.93125 0.3578125 0.01875 0.04140625
2 0.925 0.31484375 0.01875 0.0390625
2 0.9390625 0.2734375 0.015625 0.02890625
2 0.91171875 0.30234375 0.0171875 0.040625
2 0.8890625 0.32734375 0.01875 0.040625
2 0.86796875 0.33984375 0.01953125 0.04609375
2 0.84296875 0.315625 0.021875 0.040625
2 0.85546875 0.27734375 0.01796875 0.0359375
2 0.8421875 0.26015625 0.0171875 0.0359375
2 0.875 0.25859375 0.01640625 0.0390625
2 0.89453125 0.2734375 0.01484375 0.0375