2 0.1421875 0.3953125 0.0296875 0.08125
2 0.31640625 0.23359375 0.01953125 0.03984375
2 0.33828125 0.2265625 0.02265625 0.04453125
2 0.3734375 0.19765625 0.01796875 0.03671875
2 0.36171875 0.2265625 0.02265625 0.04140625
2 0.3703125 0.3046875 0.0265625 0.04140625
2 0.3984375 0.2890625 0.0234375 0.0546875
2 0.396875 0.18671875 0.01875 0.03828125
2 0.4140625 0.1953125 0.02421875 0.0328125
2 0.41171875 0.2296875 0.02421875 0.04140625
2 0.459375 0.17890625 0.02265625 0.0328125
2 0.47578125 0.24140625 0.02265625 0.04140625
2 0.50078125 0.19765625 0.021875 0.03671875
2 0.49609375 0.153125 0.01953125 0.028125
2 0.53203125 0.16953125 0.0234375 0.03984375
2 0.5765625 0.11796875 0.01875 0.0328125
2 0.55546875 0.1609375 0.02265625 0.03984375
2 0.540625 0.20390625 0.02265625 0.03984375
2 0.59765625 0.13203125 0.01640625 0.021875
2 0.59921875 0.1671875 0.01875 0.0328125
2 0.628125 0.1453125 0.01953125 0.03828125
2 0.51015625 0.2859375 0.02578125 0.0546875
2 0.5515625 0.3109375 0.0328125 0.06796875
2 0.609375 0.26171875 0.02734375 0.05
2 0.63671875 0.19453125 0.0171875 0.04140625
2 0.64296875 0.303125 0.0265625 0.05
2 0.6703125 0.27109375 0.021875 0.04453125
2 0.68046875 0.2125 0.03046875 0.05625
2 0.6703125 0.18125 0.021875 0.04453125
2 0.7 0.15703125 0.02265625 0.0484375
2 0.71796875 0.06796875 0.01640625 0.03671875
2 0.81015625 0.07734375 0.0171875 0.03828125
2 0.75546875 0.1921875 0.028125 0.05
2 0.71328125 0.23125 0.03046875 0.06171875
2 0.7359375 0.265625 0.02421875 0.053125
2 0.78671875 0.26796875 0.0265625 0.0484375
2 0.7765625 0.2171875 0.03046875 0.05625
2 0.7796875 0.165625 0.0171875 0.05
2 0.86875 0.159375 0.01484375 0.04609375
2 0.85078125 0.30859375 0.0296875 0.05625
2 0.8734375 0.25234375 0.02578125 0.04609375
2 0.92734375 0.28046875 0.0234375 0.05
2 0.93046875 0.23984375 0.01953125 0.0484375
2 0.9328125 0.12734375 0.0171875 0.04609375
2 0.94453125 0.1390625 0.01953125 0.05