2 0.1328125 0.4765625 0.05234375 0.11484375
2 0.25625 0.278125 0.01640625 0.03671875
2 0.2703125 0.26640625 0.01796875 0.03671875
2 0.2890625 0.27734375 0.01640625 0.03515625
2 0.30390625 0.24453125 0.01953125 0.03671875
2 0.31484375 0.27890625 0.01953125 0.04140625
2 0.34375 0.278125 0.0203125 0.03671875
2 0.4015625 0.2875 0.025 0.053125
2 0.31640625 0.21953125 0.01796875 0.03359375
2 0.33671875 0.23125 0.015625 0.03359375
2 0.3609375 0.21484375 0.015625 0.0296875
2 0.37109375 0.21015625 0.01796875 0.03828125
2 0.38828125 0.1953125 0.01640625 0.03515625
2 0.40703125 0.225 0.02109375 0.03671875
2 0.4390625 0.2171875 0.0203125 0.04140625
2 0.4625 0.2296875 0.02265625 0.046875
2 0.44921875 0.18828125 0.01953125 0.03671875
2 0.43125 0.18515625 0.015625 0.028125
2 0.4109375 0.1671875 0.01328125 0.028125
2 0.44453125 0.153125 0.01484375 0.0296875
2 0.47734375 0.15859375 0.01484375 0.03125
2 0.47578125 0.1375 0.01171875 0.025
2 0.5078125 0.18046875 0.01875 0.03515625
2 0.5359375 0.18984375 0.0203125 0.03671875
2 0.553125 0.14921875 0.015625 0.03515625
2 0.5296875 0.13359375 0.015625 0.03125
2 0.484375 0.125 0.01171875 0.0203125
2 0.559375 0.1125 0.01171875 0.025
2 0.5734375 0.153125 0.01640625 0.03671875
2 0.58515625 0.1390625 0.01484375 0.03125
2 0.5828125 0.12109375 0.01171875 0.0234375
2 0.59296875 0.090625 0.01484375 0.03125
2 0.609375 0.1203125 0.01484375 0.03125
2 0.621875 0.13828125 0.015625 0.03671875
2 0.62421875 0.096875 0.01171875 0.0234375
2 0.65078125 0.09375 0.0140625 0.03125
2 0.6453125 0.1109375 0.01328125 0.03125
2 0.6703125 0.10703125 0.01484375 0.03515625
2 0.56015625 0.24765625 0.0203125 0.046875
2 0.484375 0.3078125 0.028125 0.06328125
2 0.53828125 0.31171875 0.03046875 0.06171875
2 0.584375 0.36953125 0.02890625 0.06640625
2 0.67109375 0.334375 0.03359375 0.06640625
2 0.6125 0.24296875 0.02578125 0.046875
2 0.60703125 0.2078125 0.0203125 0.03984375
2 0.64609375 0.16875 0.01953125 0.04140625
2 0.6625 0.1890625 0.02109375 0.0453125
2 0.6609375 0.25859375 0.0234375 0.05859375
2 0.69609375 0.21796875 0.02421875 0.05
2 0.6953125 0.17734375 0.01953125 0.03125
2 0.68046875 0.1515625 0.01875 0.03984375
2 0.70234375 0.1328125 0.0140625 0.03359375
2 0.725 0.2796875 0.025 0.06015625
2 0.74921875 0.24375 0.0234375 0.0484375
2 0.72578125 0.190625 0.02265625 0.0546875
2 0.73984375 0.1578125 0.01484375 0.03359375
2 0.7421875 0.12734375 0.01484375 0.03515625
2 0.7296875 0.11171875 0.0140625 0.03671875
2 0.746875 0.11015625 0.0140625 0.0296875
2 0.76328125 0.12421875 0.01484375 0.03125
2 0.771875 0.115625 0.0140625 0.03515625
2 0.79375 0.13125 0.01484375 0.0296875
2 0.77421875 0.153125 0.01484375 0.03359375
2 0.79375 0.175 0.01796875 0.03984375
2 0.8140625 0.1625 0.015625 0.03515625
2 0.7984375 0.1125 0.01171875 0.025
2 0.828125 0.1328125 0.01640625 0.03359375
2 0.84140625 0.184375 0.01796875 0.04296875
2 0.78203125 0.26953125 0.028125 0.06015625
2 0.81640625 0.2484375 0.0203125 0.0546875
2 0.86875 0.2171875 0.01875 0.0484375
2 0.92109375 0.2859375 0.02421875 0.05625
2 0.88359375 0.1890625 0.01796875 0.0453125
2 0.859375 0.15 0.0140625 0.03671875
2 0.8875 0.15625 0.01328125 0.03359375
2 0.89296875 0.13515625 0.01484375 0.0296875
2 0.921875 0.19453125 0.01875 0.04296875
2 0.92265625 0.1609375 0.015625 0.03125