2 0.18828125 0.41796875 0.04296875 0.08203125
2 0.278125 0.2484375 0.01328125 0.028125
2 0.28984375 0.25078125 0.0171875 0.0390625
2 0.3078125 0.2703125 0.0171875 0.0390625
2 0.31484375 0.23828125 0.01875 0.0390625
2 0.33359375 0.275 0.025 0.04296875
2 0.3359375 0.2484375 0.01953125 0.0390625
2 0.33046875 0.2125 0.01953125 0.03359375
2 0.3984375 0.25859375 0.021875 0.04609375
2 0.41484375 0.2609375 0.021875 0.05
2 0.39453125 0.2203125 0.02109375 0.04453125
2 0.40625 0.18828125 0.0171875 0.03203125
2 0.3984375 0.17578125 0.01484375 0.02890625
2 0.421875 0.178125 0.01875 0.0375
2 0.43359375 0.225 0.021875 0.04453125
2 0.4640625 0.22421875 0.02265625 0.04296875
2 0.465625 0.153125 0.0203125 0.034375
2 0.4796875 0.20234375 0.01953125 0.0390625
2 0.5015625 0.1859375 0.01875 0.0359375
2 0.44140625 0.16171875 0.01484375 0.0265625
2 0.44375 0.146875 0.0125 0.021875
2 0.4953125 0.1265625 0.0140625 0.02890625
2 0.51328125 0.15078125 0.01484375 0.02890625
2 0.52109375 0.1265625 0.0140625 0.028125
2 0.546875 0.1421875 0.01484375 0.0265625
2 0.5625 0.16171875 0.021875 0.04296875
2 0.54609375 0.19921875 0.01953125 0.04609375
2 0.5859375 0.1484375 0.015625 0.03046875
2 0.62109375 0.14375 0.01484375 0.03203125
2 0.58984375 0.1078125 0.01171875 0.02890625
2 0.60078125 0.10703125 0.0140625 0.028125
2 0.621875 0.125 0.01171875 0.021875
2 0.64453125 0.11640625 0.0171875 0.03359375
2 0.6640625 0.12109375 0.01484375 0.03203125
2 0.65546875 0.1671875 0.0203125 0.04296875
2 0.6234375 0.1984375 0.02109375 0.046875
2 0.60078125 0.24765625 0.028125 0.059375
2 0.5546875 0.2578125 0.02578125 0.046875
2 0.5390625 0.3125 0.03359375 0.05703125
2 0.48984375 0.296875 0.034375 0.05234375
2 0.66328125 0.2375 0.0234375 0.05
2 0.66953125 0.20234375 0.0203125 0.04453125
2 0.68671875 0.15859375 0.0171875 0.0375
2 0.71953125 0.15234375 0.01953125 0.0390625
2 0.73828125 0.18515625 0.02109375 0.04296875
2 0.7390625 0.23046875 0.021875 0.046875
2 0.7125 0.2625 0.0296875 0.05859375
2 0.7109375 0.215625 0.0234375 0.03984375
2 0.70546875 0.31171875 0.0328125 0.06484375
2 0.75625 0.36875 0.03828125 0.06953125
2 0.78125 0.2921875 0.03671875 0.059375
2 0.76640625 0.1546875 0.01953125 0.034375
2 0.74921875 0.1375 0.0171875 0.0359375
2 0.78515625 0.1390625 0.01640625 0.02890625
2 0.803125 0.17109375 0.01484375 0.0375
2 0.81015625 0.2359375 0.02265625 0.05234375
2 0.7828125 0.21015625 0.02109375 0.03984375
2 0.82578125 0.21328125 0.01953125 0.03984375
2 0.8390625 0.18046875 0.01640625 0.0359375
2 0.875 0.146875 0.01640625 0.03359375
2 0.88359375 0.18359375 0.015625 0.034375
2 0.88203125 0.2171875 0.02109375 0.0375
2 0.88203125 0.26015625 0.025 0.0484375
2 0.85546875 0.31171875 0.02890625 0.0640625
2 0.9203125 0.26171875 0.02421875 0.0625