2 0.1171875 0.2953125 0.0203125 0.0375
2 0.228125 0.1875 0.01875 0.03046875
2 0.16171875 0.2359375 0.0125 0.02890625
2 0.3609375 0.1765625 0.01640625 0.03515625
2 0.39140625 0.25625 0.021875 0.03515625
2 0.41328125 0.153125 0.0125 0.02890625
2 0.45390625 0.21796875 0.0171875 0.040625
2 0.48125 0.31328125 0.02578125 0.05234375
2 0.5328125 0.31875 0.025 0.05234375
2 0.60234375 0.25 0.02109375 0.04375
2 0.61640625 0.09296875 0.015625 0.0375
2 0.5796875 0.11640625 0.0125 0.02734375
2 0.52890625 0.13359375 0.01171875 0.03046875
2 0.559375 0.1234375 0.01640625 0.03046875
2 0.6703125 0.18125 0.02421875 0.05234375
2 0.66171875 0.30234375 0.0265625 0.0609375
2 0.77421875 0.259375 0.02265625 0.05546875
2 0.7984375 0.29609375 0.02265625 0.05234375
2 0.890625 0.1375 0.01875 0.0421875
2 0.9171875 0.14609375 0.009375 0.025
2 0.89609375 0.28515625 0.021875 0.05078125