2 0.2046875 0.32578125 0.04296875 0.06953125
2 0.2953125 0.19453125 0.0125 0.03203125
2 0.31328125 0.19921875 0.015625 0.03203125
2 0.33203125 0.19609375 0.015625 0.0265625
2 0.35703125 0.15703125 0.01171875 0.021875
2 0.35546875 0.18125 0.0171875 0.0265625
2 0.3828125 0.20390625 0.01640625 0.03203125
2 0.384375 0.17578125 0.015625 0.028125
2 0.40859375 0.20703125 0.0171875 0.03203125
2 0.4125 0.16953125 0.01640625 0.03359375
2 0.42109375 0.14765625 0.01484375 0.028125
2 0.4421875 0.2015625 0.0203125 0.03671875
2 0.43125 0.121875 0.01171875 0.028125
2 0.4546875 0.13203125 0.01171875 0.0234375
2 0.48046875 0.14609375 0.01484375 0.028125
2 0.4796875 0.11328125 0.009375 0.0203125
2 0.49609375 0.11875 0.0109375 0.021875
2 0.5015625 0.15078125 0.01171875 0.025
2 0.5109375 0.18125 0.01640625 0.03203125
2 0.52578125 0.11640625 0.01171875 0.0234375
2 0.53203125 0.15703125 0.01640625 0.03046875
2 0.5515625 0.10703125 0.0125 0.0234375
2 0.565625 0.13359375 0.01640625 0.02890625
2 0.56796875 0.1609375 0.0171875 0.02890625
2 0.59765625 0.1390625 0.015625 0.03046875
2 0.57890625 0.10703125 0.0109375 0.0265625
2 0.58984375 0.096875 0.009375 0.01875
2 0.60546875 0.1125 0.0125 0.025
2 0.621875 0.09921875 0.0109375 0.0265625
2 0.63515625 0.1109375 0.01328125 0.025
2 0.703125 0.08828125 0.0109375 0.0203125
2 0.69453125 0.1078125 0.01171875 0.028125
2 0.71953125 0.08984375 0.009375 0.0203125
2 0.49765625 0.24296875 0.0234375 0.05390625
2 0.5484375 0.25 0.02421875 0.05546875
2 0.5703125 0.21484375 0.0203125 0.04453125
2 0.609375 0.22578125 0.02421875 0.05390625
2 0.60859375 0.3046875 0.025 0.05390625
2 0.64296875 0.19296875 0.0171875 0.03984375
2 0.6734375 0.165625 0.0171875 0.03515625
2 0.69296875 0.21171875 0.0234375 0.04453125
2 0.6890625 0.26796875 0.02734375 0.04921875
2 0.71953125 0.20078125 0.0234375 0.03828125
2 0.73984375 0.25234375 0.01953125 0.04296875
2 0.72265625 0.15703125 0.01875 0.03671875
2 0.7484375 0.1421875 0.0171875 0.02890625
2 0.76484375 0.1203125 0.0125 0.028125
2 0.78203125 0.13046875 0.01328125 0.0234375
2 0.8046875 0.13203125 0.01484375 0.03515625
2 0.765625 0.2078125 0.01875 0.04296875
2 0.79765625 0.190625 0.0203125 0.03515625
2 0.78984375 0.26171875 0.02265625 0.05546875
2 0.75859375 0.3234375 0.0328125 0.05859375
2 0.82421875 0.22890625 0.02265625 0.04453125
2 0.84296875 0.26796875 0.028125 0.04609375
2 0.840625 0.31484375 0.0328125 0.05703125
2 0.8765625 0.23515625 0.02109375 0.04453125
2 0.89453125 0.19921875 0.0171875 0.03828125
2 0.94296875 0.2 0.01875 0.03671875
2 0.9328125 0.24921875 0.02109375 0.04140625
2 0.9296875 0.2921875 0.0265625 0.04765625
2 0.9125 0.3734375 0.03515625 0.07265625
2 0.73984375 0.1234375 0.0125 0.028125
2 0.66875 0.1265625 0.015625 0.028125
2 0.665625 0.0921875 0.0109375 0.025
2 0.66171875 0.10390625 0.0109375 0.0234375
2 0.62734375 0.13515625 0.01484375 0.02890625
2 0.44921875 0.171875 0.015625 0.03203125
2 0.45625 0.190625 0.01484375 0.03515625
2 0.50859375 0.13046875 0.0125 0.0234375
2 0.51015625 0.10546875 0.01171875 0.0234375
2 0.5328125 0.1078125 0.009375 0.021875