2 0.20625 0.3921875 0.0484375 0.109375
2 0.2875 0.28125 0.021875 0.05078125
2 0.328125 0.2421875 0.01796875 0.0375
2 0.31953125 0.29921875 0.0203125 0.053125
2 0.3375 0.30703125 0.02265625 0.05078125
2 0.4359375 0.303125 0.0265625 0.053125
2 0.4296875 0.23828125 0.02421875 0.04453125
2 0.38984375 0.21875 0.01796875 0.0328125
2 0.38203125 0.2453125 0.01796875 0.03984375
2 0.36484375 0.246875 0.0171875 0.0421875
2 0.35 0.24453125 0.01796875 0.0421875
2 0.4296875 0.190625 0.01484375 0.0375
2 0.4453125 0.21484375 0.0203125 0.04453125
2 0.46015625 0.18984375 0.0171875 0.03515625
2 0.45078125 0.1640625 0.01796875 0.03046875
2 0.47109375 0.25 0.021875 0.053125
2 0.4828125 0.18046875 0.0171875 0.03984375
2 0.50625 0.2046875 0.0171875 0.0421875
2 0.5265625 0.22421875 0.021875 0.03984375
2 0.490625 0.140625 0.01171875 0.03046875
2 0.5203125 0.16640625 0.0171875 0.03984375
2 0.55 0.17421875 0.01796875 0.0421875
2 0.5421875 0.14296875 0.0171875 0.03046875
2 0.571875 0.18359375 0.0203125 0.0421875
2 0.5640625 0.128125 0.01171875 0.028125
2 0.5875 0.1625 0.015625 0.0421875
2 0.6265625 0.1546875 0.015625 0.03515625
2 0.60078125 0.10703125 0.015625 0.0328125
2 0.62890625 0.1140625 0.015625 0.0375
2 0.65 0.11484375 0.01484375 0.03515625
2 0.68515625 0.1171875 0.01171875 0.03515625
2 0.703125 0.10546875 0.01484375 0.03515625
2 0.6921875 0.16640625 0.01953125 0.03515625
2 0.7421875 0.13125 0.0203125 0.03984375
2 0.6234375 0.228125 0.02265625 0.05078125
2 0.61171875 0.2859375 0.025 0.05546875
2 0.5703125 0.28125 0.03125 0.05546875
2 0.55390625 0.33046875 0.0328125 0.07421875
2 0.50546875 0.33515625 0.03046875 0.07890625
2 0.61796875 0.37109375 0.0328125 0.0765625
2 0.6828125 0.36171875 0.03046875 0.0765625
2 0.66875 0.28046875 0.02265625 0.0625
2 0.68125 0.22421875 0.02421875 0.053125
2 0.72734375 0.3140625 0.03046875 0.06015625
2 0.709375 0.22578125 0.02265625 0.05078125
2 0.71875 0.16484375 0.01953125 0.0375
2 0.759375 0.19921875 0.0203125 0.04453125
2 0.74453125 0.1765625 0.01796875 0.0421875
2 0.7609375 0.15703125 0.0171875 0.03984375
2 0.76171875 0.1171875 0.01484375 0.03984375
2 0.77578125 0.1453125 0.015625 0.03984375
2 0.8140625 0.14765625 0.0171875 0.03984375
2 0.84140625 0.15 0.015625 0.03984375
2 0.80859375 0.19921875 0.01796875 0.053125
2 0.83125 0.1859375 0.01796875 0.0421875
2 0.853125 0.21171875 0.01796875 0.046875
2 0.86875 0.18359375 0.01796875 0.0375
2 0.87890625 0.16953125 0.01796875 0.0375
2 0.87734375 0.146875 0.015625 0.0328125
2 0.903125 0.2078125 0.015625 0.04453125
2 0.909375 0.16875 0.01171875 0.03515625
2 0.9109375 0.1421875 0.01328125 0.028125
2 0.934375 0.15703125 0.01796875 0.03984375
2 0.953125 0.1234375 0.01796875 0.046875
2 0.925 0.2171875 0.021875 0.04921875
2 0.9296875 0.29453125 0.021875 0.0578125
2 0.87734375 0.2625 0.025 0.06015625
2 0.778125 0.3234375 0.0328125 0.06484375