2 0.13203125 0.51640625 0.03671875 0.0671875
2 0.22265625 0.3328125 0.015625 0.03203125
2 0.2765625 0.36875 0.01484375 0.03359375
2 0.32421875 0.3578125 0.02265625 0.0390625
2 0.27734375 0.3015625 0.0140625 0.03359375
2 0.34375 0.31953125 0.01484375 0.025
2 0.34453125 0.2921875 0.01171875 0.02421875
2 0.37890625 0.25546875 0.0125 0.01953125
2 0.39765625 0.26640625 0.0109375 0.025
2 0.42578125 0.26953125 0.01328125 0.025
2 0.4140625 0.2515625 0.0109375 0.02421875
2 0.39765625 0.32265625 0.01640625 0.03671875
2 0.39453125 0.296875 0.0125 0.0265625
2 0.4296875 0.328125 0.01640625 0.03359375
2 0.41875 0.3046875 0.0140625 0.03203125
2 0.45546875 0.31171875 0.01640625 0.0265625
2 0.48671875 0.3265625 0.02109375 0.03671875
2 0.46015625 0.26640625 0.01328125 0.02265625
2 0.45 0.2390625 0.0125 0.0296875
2 0.45546875 0.2265625 0.0125 0.02421875
2 0.49296875 0.25703125 0.01328125 0.025
2 0.51015625 0.2703125 0.01484375 0.0296875
2 0.509375 0.2421875 0.0109375 0.0265625
2 0.528125 0.2453125 0.0109375 0.028125
2 0.53984375 0.27265625 0.0125 0.0296875
2 0.5609375 0.259375 0.01171875 0.028125
2 0.54140625 0.215625 0.00859375 0.02421875
2 0.553125 0.21328125 0.01015625 0.01953125
2 0.559375 0.228125 0.0109375 0.02109375
2 0.58515625 0.2203125 0.009375 0.02265625
2 0.58828125 0.2453125 0.01171875 0.025
2 0.59296875 0.20234375 0.01171875 0.02421875
2 0.61015625 0.209375 0.0140625 0.0265625
2 0.6171875 0.24296875 0.0125 0.028125
2 0.65625 0.22890625 0.01171875 0.025
2 0.65078125 0.20234375 0.01015625 0.01796875
2 0.665625 0.21328125 0.0125 0.028125
2 0.4625 0.39765625 0.025 0.04921875
2 0.525 0.35234375 0.02265625 0.04453125
2 0.515625 0.4234375 0.0265625 0.053125
2 0.571875 0.44140625 0.0296875 0.0578125
2 0.61640625 0.4578125 0.0296875 0.0546875
2 0.68515625 0.5296875 0.03359375 0.065625
2 0.59453125 0.3625 0.02265625 0.04375
2 0.58203125 0.3203125 0.02109375 0.0375
2 0.61484375 0.29609375 0.015625 0.03359375
2 0.65 0.26953125 0.01328125 0.02265625
2 0.65859375 0.29375 0.01484375 0.03515625
2 0.6828125 0.29375 0.01796875 0.03203125
2 0.628125 0.33515625 0.0171875 0.0390625
2 0.6390625 0.3578125 0.01953125 0.04453125
2 0.67109375 0.353125 0.01953125 0.0421875
2 0.70078125 0.39609375 0.025 0.0515625
2 0.75390625 0.41875 0.02265625 0.0546875
2 0.684375 0.24453125 0.01328125 0.03515625
2 0.7140625 0.2515625 0.0171875 0.0375
2 0.7125 0.23359375 0.01328125 0.02421875
2 0.7234375 0.225 0.0125 0.0265625
2 0.759375 0.23125 0.01328125 0.03046875
2 0.75546875 0.27265625 0.015625 0.0375
2 0.7640625 0.25703125 0.01328125 0.0265625
2 0.746875 0.25703125 0.01328125 0.0296875
2 0.7859375 0.57578125 0.03125 0.06875
2 0.815625 0.45859375 0.02265625 0.053125
2 0.8828125 0.45 0.0234375 0.053125
2 0.83046875 0.39140625 0.0203125 0.04453125
2 0.79140625 0.35546875 0.0171875 0.040625
2 0.8015625 0.33046875 0.015625 0.03515625
2 0.7921875 0.28828125 0.015625 0.0296875
2 0.78515625 0.2390625 0.0125 0.02421875
2 0.821875 0.2546875 0.0125 0.03203125
2 0.83203125 0.271875 0.0125 0.03359375
2 0.8359375 0.2625 0.0109375 0.028125
2 0.8546875 0.25 0.01015625 0.03046875
2 0.82109375 0.32265625 0.0109375 0.03046875
2 0.84453125 0.3296875 0.01328125 0.0390625
2 0.86171875 0.3171875 0.015625 0.03359375
2 0.86953125 0.29296875 0.0140625 0.03046875
2 0.89609375 0.31953125 0.0125 0.028125
2 0.8953125 0.36875 0.01328125 0.0390625
2 0.90234375 0.2984375 0.01171875 0.028125
2 0.909375 0.29765625 0.009375 0.03046875
2 0.91015625 0.2765625 0.0140625 0.025
2 0.3703125 0.3359375 0.015625 0.0375