2 0.1375 0.5328125 0.04375 0.08046875
2 0.23515625 0.33984375 0.0171875 0.03125
2 0.25859375 0.39140625 0.02421875 0.03984375
2 0.2875 0.38125 0.02421875 0.0515625
2 0.28984375 0.3203125 0.01875 0.0328125
2 0.346875 0.36015625 0.02578125 0.05
2 0.328125 0.3359375 0.01875 0.0390625
2 0.36328125 0.33125 0.01953125 0.03125
2 0.36328125 0.30234375 0.01640625 0.02890625
2 0.4 0.2640625 0.0171875 0.03046875
2 0.42109375 0.3390625 0.02421875 0.0390625
2 0.3921875 0.3484375 0.02578125 0.04609375
2 0.45546875 0.33671875 0.02109375 0.04296875
2 0.44140625 0.31015625 0.0203125 0.0328125
2 0.41875 0.30234375 0.01953125 0.034375
2 0.4203125 0.27265625 0.0171875 0.03046875
2 0.43828125 0.26328125 0.01484375 0.03046875
2 0.45078125 0.28203125 0.01796875 0.03984375
2 0.48125 0.31640625 0.02265625 0.04296875
2 0.484375 0.27109375 0.01953125 0.0375
2 0.478125 0.24140625 0.015625 0.03046875
2 0.5234375 0.2640625 0.021875 0.0390625
2 0.51484375 0.3390625 0.02734375 0.04453125
2 0.540625 0.2796875 0.0171875 0.04296875
2 0.5625 0.25546875 0.015625 0.0390625
2 0.575 0.28671875 0.01640625 0.034375
2 0.59453125 0.26796875 0.01796875 0.03125
2 0.571875 0.225 0.01171875 0.02578125
2 0.58671875 0.2203125 0.01328125 0.03125
2 0.590625 0.24453125 0.0171875 0.03046875
2 0.61953125 0.253125 0.0171875 0.03046875
2 0.6328125 0.2109375 0.01328125 0.03125
2 0.64765625 0.2109375 0.01484375 0.03125
2 0.6546875 0.25390625 0.01875 0.034375
2 0.64296875 0.23671875 0.0171875 0.02890625
2 0.6921875 0.21015625 0.01640625 0.02421875
2 0.69765625 0.240625 0.01796875 0.03125
2 0.70859375 0.22421875 0.01640625 0.0328125
2 0.6921875 0.275 0.01640625 0.034375
2 0.49375 0.4125 0.03359375 0.065625
2 0.5546875 0.36171875 0.02890625 0.053125
2 0.5484375 0.43203125 0.0375 0.06484375
2 0.61015625 0.45546875 0.03515625 0.071875
2 0.6578125 0.46015625 0.03984375 0.07734375
2 0.62890625 0.3703125 0.03046875 0.05625
2 0.61953125 0.32578125 0.02421875 0.04765625
2 0.653125 0.3 0.021875 0.04765625
2 0.6671875 0.3484375 0.02109375 0.04296875
2 0.67890625 0.36640625 0.028125 0.05625
2 0.703125 0.315625 0.01796875 0.04140625
2 0.72578125 0.30546875 0.01953125 0.03984375
2 0.728125 0.2546875 0.015625 0.0359375
2 0.7125 0.36328125 0.02265625 0.05
2 0.7453125 0.40546875 0.0296875 0.0546875
2 0.72578125 0.5375 0.0390625 0.07421875
2 0.83515625 0.58671875 0.0375 0.08203125
2 0.796875 0.4265625 0.03359375 0.06171875
2 0.86875 0.46875 0.03359375 0.06328125
2 0.7609375 0.25390625 0.01796875 0.034375
2 0.77109375 0.24375 0.0125 0.03125
2 0.803125 0.284375 0.0171875 0.0390625
2 0.79765625 0.2671875 0.01484375 0.03046875
2 0.8109375 0.2671875 0.015625 0.0359375
2 0.80625 0.2453125 0.01328125 0.03046875
2 0.8359375 0.24609375 0.0171875 0.0375
2 0.85078125 0.27421875 0.01875 0.0390625
2 0.84140625 0.296875 0.015625 0.03125
2 0.85703125 0.33984375 0.01953125 0.04296875
2 0.84375 0.36328125 0.025 0.053125
2 0.8875 0.40234375 0.03046875 0.05703125
2 0.93828125 0.45546875 0.03046875 0.065625
2 0.95390625 0.36484375 0.02109375 0.053125
2 0.9546875 0.325 0.01640625 0.03984375
2 0.9640625 0.30625 0.0171875 0.0375
2 0.9703125 0.28984375 0.01640625 0.0328125
2 0.909375 0.2609375 0.01328125 0.03125
2 0.87265625 0.26328125 0.015625 0.0328125
2 0.8875 0.27734375 0.01875 0.0390625
2 0.87265625 0.33203125 0.021875 0.04453125
2 0.9 0.34375 0.0203125 0.0484375
2 0.9171875 0.32578125 0.01875 0.04140625
2 0.9265625 0.303125 0.0171875 0.0328125