2 0.09921875 0.59453125 0.0453125 0.11953125
2 0.23359375 0.2609375 0.01796875 0.046875
2 0.24140625 0.26171875 0.01796875 0.04453125
2 0.28515625 0.23515625 0.0171875 0.04140625
2 0.3171875 0.21015625 0.01796875 0.04453125
2 0.3140625 0.234375 0.01484375 0.03984375
2 0.33984375 0.22578125 0.01796875 0.03984375
2 0.3546875 0.203125 0.0140625 0.04140625
2 0.36953125 0.196875 0.01484375 0.03125
2 0.42109375 0.17421875 0.0125 0.03359375
2 0.425 0.16640625 0.01640625 0.03984375
2 0.40390625 0.2359375 0.01796875 0.046875
2 0.37421875 0.26171875 0.01796875 0.0515625
2 0.4390625 0.19296875 0.0140625 0.03984375
2 0.4453125 0.29453125 0.021875 0.0546875
2 0.4796875 0.23359375 0.02109375 0.0484375
2 0.4734375 0.1390625 0.01328125 0.03125
2 0.4828125 0.16640625 0.01640625 0.04296875
2 0.4984375 0.14921875 0.0125 0.03671875
2 0.52890625 0.1609375 0.015625 0.03671875
2 0.5171875 0.16328125 0.01796875 0.04140625
2 0.5046875 0.2078125 0.01796875 0.03984375
2 0.55859375 0.134375 0.01484375 0.03984375
2 0.56875 0.15703125 0.015625 0.03828125
2 0.58125 0.1359375 0.0125 0.04296875
2 0.60078125 0.1265625 0.0140625 0.03359375
2 0.6109375 0.14921875 0.0140625 0.0296875
2 0.6390625 0.128125 0.0140625 0.03359375
2 0.6671875 0.12578125 0.01875 0.03515625
2 0.65390625 0.14765625 0.0125 0.03984375
2 0.6625 0.17890625 0.0140625 0.03515625
2 0.69453125 0.13359375 0.01796875 0.03125
2 0.69453125 0.15546875 0.01484375 0.04140625
2 0.71953125 0.15078125 0.0140625 0.03359375
2 0.609375 0.2078125 0.015625 0.03984375
2 0.61640625 0.27890625 0.02265625 0.05
2 0.57890625 0.33125 0.0171875 0.04453125
2 0.66640625 0.23125 0.01875 0.046875
2 0.68984375 0.21328125 0.01640625 0.04140625
2 0.61171875 0.36640625 0.0265625 0.0515625
2 0.66328125 0.39765625 0.02265625 0.06484375
2 0.7203125 0.27421875 0.01953125 0.04296875
2 0.7421875 0.2265625 0.01875 0.04453125
2 0.7546875 0.19375 0.0140625 0.03515625
2 0.7765625 0.18125 0.01484375 0.03671875
2 0.8109375 0.19453125 0.01875 0.053125
2 0.79453125 0.2453125 0.01875 0.0546875
2 0.81875 0.21796875 0.0140625 0.03359375
2 0.82890625 0.20859375 0.01640625 0.04140625
2 0.753125 0.28984375 0.01875 0.0515625
2 0.72109375 0.40078125 0.02578125 0.06171875
2 0.79609375 0.45703125 0.025 0.0828125
2 0.80078125 0.303125 0.02109375 0.0515625
2 0.86171875 0.2328125 0.01640625 0.04296875
2 0.9015625 0.2203125 0.01171875 0.03828125
2 0.90234375 0.25546875 0.01328125 0.03359375
2 0.86484375 0.34140625 0.02109375 0.0546875
2 0.890625 0.290625 0.0171875 0.03984375
2 0.8875 0.39765625 0.021875 0.0484375
2 0.86640625 0.50546875 0.02890625 0.08828125
2 0.95078125 0.434375 0.025 0.07109375
2 0.928125 0.26640625 0.0140625 0.0484375
2 0.946875 0.240625 0.0125 0.046875
2 0.98046875 0.2578125 0.0125 0.04296875
2 0.92734375 0.3171875 0.0171875 0.046875
2 0.9734375 0.30859375 0.0203125 0.05
2 0.953125 0.36875 0.01953125 0.06015625
2 0.971875 0.35546875 0.015625 0.053125
2 0.590625 0.19765625 0.01328125 0.03359375
2 0.53046875 0.22421875 0.01953125 0.04296875
2 0.6171875 0.17421875 0.01640625 0.04296875