2 0.20234375 0.45859375 0.05 0.09375
2 0.259375 0.4203125 0.04375 0.0984375
2 0.225 0.2328125 0.0171875 0.0296875
2 0.3515625 0.26875 0.01484375 0.03125
2 0.375 0.26953125 0.01875 0.0296875
2 0.42421875 0.23046875 0.01484375 0.034375
2 0.44765625 0.23671875 0.01953125 0.0328125
2 0.45703125 0.19296875 0.01484375 0.034375
2 0.47890625 0.20078125 0.01484375 0.03125
2 0.434375 0.29140625 0.0234375 0.04140625
2 0.484375 0.16796875 0.01171875 0.01796875
2 0.47265625 0.1578125 0.0140625 0.01953125
2 0.490625 0.13203125 0.01328125 0.02109375
2 0.5375 0.1453125 0.01015625 0.02109375
2 0.525 0.171875 0.01328125 0.03125
2 0.546875 0.2046875 0.0171875 0.025
2 0.56328125 0.15703125 0.0140625 0.025
2 0.59375 0.15859375 0.0125 0.025
2 0.5578125 0.08125 0.01328125 0.01796875
2 0.490625 0.290625 0.02578125 0.0390625
2 0.66796875 0.24765625 0.02265625 0.04609375
2 0.7234375 0.28828125 0.0234375 0.05390625
2 0.771875 0.29921875 0.02421875 0.04296875
2 0.68984375 0.17109375 0.01484375 0.0296875
2 0.72265625 0.15390625 0.01328125 0.025
2 0.74453125 0.1609375 0.01484375 0.0328125
2 0.7546875 0.15390625 0.01484375 0.03125
2 0.76328125 0.071875 0.01328125 0.02265625
2 0.76640625 0.18125 0.0171875 0.034375
2 0.80859375 0.190625 0.01484375 0.0359375
2 0.821875 0.1296875 0.01328125 0.0328125
2 0.96953125 0.10390625 0.01171875 0.028125
2 0.88515625 0.2328125 0.0171875 0.04296875