2 0.16875 0.50390625 0.0390625 0.071875
2 0.2515625 0.27109375 0.01328125 0.0265625
2 0.27265625 0.2765625 0.0171875 0.03203125
2 0.29765625 0.2734375 0.0171875 0.03828125
2 0.3109375 0.240625 0.01328125 0.0265625
2 0.35546875 0.2234375 0.01640625 0.03515625
2 0.3734375 0.19921875 0.0140625 0.03671875
2 0.390625 0.1953125 0.01640625 0.03046875
2 0.39140625 0.2265625 0.01328125 0.028125
2 0.41796875 0.20078125 0.01328125 0.03359375
2 0.44765625 0.175 0.01328125 0.025
2 0.4671875 0.15078125 0.01171875 0.0265625
2 0.4359375 0.23984375 0.02109375 0.03515625
2 0.3921875 0.2875 0.02265625 0.04375
2 0.37578125 0.28359375 0.0171875 0.03828125
2 0.3515625 0.3046875 0.025 0.04375
2 0.30234375 0.31171875 0.02109375 0.03203125
2 0.45859375 0.2 0.0171875 0.03828125
2 0.478125 0.23828125 0.01875 0.03828125
2 0.4828125 0.16796875 0.01328125 0.03515625
2 0.48828125 0.14453125 0.0125 0.021875
2 0.63515625 0.30703125 0.02578125 0.0515625
2 0.68515625 0.11953125 0.0125 0.028125
2 0.6234375 0.12578125 0.0140625 0.0265625
2 0.603125 0.128125 0.0140625 0.028125
2 0.57265625 0.12421875 0.0140625 0.025
2 0.56875 0.1515625 0.0140625 0.028125
2 0.60546875 0.15390625 0.01328125 0.0265625
2 0.6265625 0.14921875 0.0140625 0.0265625
2 0.64375 0.14375 0.01796875 0.03671875
2 0.57890625 0.18046875 0.0171875 0.03359375
2 0.534375 0.1703125 0.021875 0.0234375
2 0.5125 0.20390625 0.01796875 0.03046875
2 0.746875 0.1234375 0.0125 0.03046875
2 0.7203125 0.15546875 0.01484375 0.03046875
2 0.6984375 0.1578125 0.01640625 0.03828125
2 0.65078125 0.2078125 0.01640625 0.03828125
2 0.6796875 0.21171875 0.0171875 0.0421875
2 0.61328125 0.240625 0.025 0.05
2 0.56875 0.24921875 0.021875 0.04375
2 0.58359375 0.2890625 0.02578125 0.05703125
2 0.51953125 0.3109375 0.0265625 0.046875
2 0.68671875 0.26875 0.02578125 0.05546875
2 0.7125 0.22421875 0.01953125 0.053125
2 0.74375 0.20078125 0.02109375 0.04375
2 0.76484375 0.14375 0.0140625 0.03046875
2 0.778125 0.1375 0.01484375 0.03359375
2 0.78203125 0.1640625 0.0140625 0.03359375
2 0.7984375 0.1625 0.01484375 0.03046875
2 0.8140625 0.18046875 0.0171875 0.03359375
2 0.8453125 0.15703125 0.01328125 0.03046875
2 0.85859375 0.16953125 0.01484375 0.03203125
2 0.85625 0.19765625 0.0171875 0.03359375
2 0.85 0.22421875 0.01796875 0.05
2 0.9078125 0.16484375 0.0140625 0.03203125
2 0.9 0.1875 0.01953125 0.03671875
2 0.93671875 0.28125 0.01875 0.053125
2 0.94140625 0.26640625 0.02109375 0.0453125
2 0.853125 0.28359375 0.02109375 0.0453125
2 0.853125 0.3375 0.021875 0.05703125
2 0.78359375 0.296875 0.02578125 0.0515625
2 0.76875 0.23984375 0.01875 0.0453125
2 0.78515625 0.2125 0.0171875 0.03984375
2 0.73203125 0.28125 0.02265625 0.046875