2 0.0796875 0.50703125 0.08203125 0.0890625
2 0.1703125 0.51796875 0.08203125 0.08203125
2 0.34140625 0.56171875 0.10078125 0.1109375
2 0.7234375 0.5671875 0.115625 0.11796875
2 0.86875 0.490625 0.05546875 0.06015625
2 0.921875 0.4671875 0.05546875 0.0671875
2 0.19609375 0.44609375 0.05546875 0.053125
2 0.81875 0.4984375 0.06484375 0.07734375
2 0.03125 0.4828125 0.0578125 0.06953125
2 0.3140625 0.44453125 0.0453125 0.06015625
2 0.4046875 0.43984375 0.0453125 0.05078125
2 0.4796875 0.4328125 0.03125 0.040625
2 0.49765625 0.41484375 0.02421875 0.03359375
2 0.5421875 0.43046875 0.03125 0.04609375
2 0.678125 0.42421875 0.03359375 0.03828125
2 0.81875 0.44375 0.0359375 0.03359375
2 0.7609375 0.4328125 0.0453125 0.04609375