2 0.18984375 0.24609375 0.0171875 0.04296875
2 0.36171875 0.2859375 0.02109375 0.034375
2 0.390625 0.28359375 0.01875 0.04921875
2 0.49375 0.3 0.02421875 0.04609375
2 0.6125 0.25703125 0.0234375 0.04609375
2 0.71640625 0.18046875 0.0171875 0.0390625
2 0.76171875 0.2328125 0.0234375 0.04296875
2 0.7609375 0.05546875 0.01171875 0.01953125
2 0.5796875 0.13515625 0.01171875 0.028125
2 0.36640625 0.1953125 0.0140625 0.0296875
2 0.39296875 0.18203125 0.01640625 0.0296875
2 0.40859375 0.21171875 0.0171875 0.0328125
2 0.45 0.184375 0.01484375 0.034375
2 0.4625 0.1953125 0.0140625 0.0328125
2 0.49375 0.190625 0.0171875 0.03125
2 0.4625 0.22890625 0.01875 0.040625
2 0.4921875 0.221875 0.0171875 0.040625
2 0.41328125 0.1875 0.01328125 0.02421875