2 0.20859375 0.45390625 0.04375 0.10078125
2 0.24375 0.3765625 0.04375 0.09921875
2 0.28671875 0.2546875 0.01796875 0.04296875
2 0.3 0.18203125 0.01640625 0.0328125
2 0.3328125 0.284375 0.01875 0.04921875
2 0.43046875 0.28359375 0.021875 0.04765625
2 0.38984375 0.1921875 0.01640625 0.028125
2 0.4265625 0.21875 0.0140625 0.03125
2 0.4515625 0.22890625 0.0171875 0.03828125
2 0.45625 0.14140625 0.01171875 0.025
2 0.4515625 0.1890625 0.01640625 0.03125
2 0.47421875 0.2015625 0.01484375 0.0296875
2 0.52421875 0.2078125 0.0171875 0.03125
2 0.51015625 0.175 0.01484375 0.0265625
2 0.48359375 0.16796875 0.01484375 0.021875
2 0.47421875 0.15234375 0.0140625 0.0234375
2 0.4875 0.1328125 0.0140625 0.021875
2 0.53125 0.13671875 0.01484375 0.025
2 0.5640625 0.1515625 0.0125 0.028125
2 0.584375 0.16328125 0.01484375 0.0296875
2 0.57734375 0.11328125 0.0140625 0.025
2 0.69765625 0.0953125 0.01171875 0.03125
2 0.715625 0.05546875 0.0140625 0.028125
2 0.48515625 0.32265625 0.02578125 0.04296875
2 0.615625 0.24765625 0.0171875 0.03984375
2 0.665625 0.2625 0.0265625 0.04921875
2 0.721875 0.28125 0.0265625 0.053125
2 0.7796875 0.30625 0.0296875 0.04453125
2 0.8796875 0.2296875 0.02109375 0.04921875
2 0.8546875 0.19921875 0.01796875 0.03828125
2 0.80546875 0.18359375 0.01953125 0.03671875
2 0.81875 0.12578125 0.01328125 0.0328125
2 0.76171875 0.1046875 0.01875 0.03125
2 0.75546875 0.14921875 0.0171875 0.03125
2 0.7671875 0.171875 0.0171875 0.0296875
2 0.71328125 0.184375 0.01875 0.04140625
2 0.71953125 0.1578125 0.01328125 0.03125
2 0.6890625 0.15703125 0.0171875 0.0328125