2 0.10078125 0.2203125 0.01015625 0.02734375
2 0.1859375 0.35234375 0.0375 0.08203125
2 0.2078125 0.3203125 0.0328125 0.0734375
2 0.36484375 0.19375 0.01640625 0.0296875
2 0.409375 0.103125 0.0125 0.02734375
2 0.415625 0.0953125 0.00859375 0.01796875
2 0.421875 0.0890625 0.00625 0.01640625
2 0.40546875 0.2078125 0.025 0.053125
2 0.4484375 0.1734375 0.01484375 0.03125
2 0.4671875 0.17734375 0.01484375 0.0328125
2 0.9390625 0.18828125 0.01015625 0.021875
2 0.934375 0.16796875 0.01171875 0.02734375
2 0.946875 0.17109375 0.009375 0.0203125
2 0.9109375 0.18046875 0.01171875 0.02734375
2 0.871875 0.15 0.01328125 0.040625
2 0.8484375 0.146875 0.01484375 0.03671875
2 0.88046875 0.15625 0.01171875 0.0203125
2 0.77421875 0.1265625 0.009375 0.02578125
2 0.7890625 0.38671875 0.0421875 0.10625
2 0.60390625 0.11796875 0.01875 0.03828125
2 0.6859375 0.065625 0.01015625 0.021875
2 0.65234375 0.07109375 0.01015625 0.021875
2 0.63671875 0.06953125 0.01171875 0.021875
2 0.61171875 0.07109375 0.01015625 0.021875
2 0.59375 0.05859375 0.0125 0.021875
2 0.559375 0.0734375 0.0125 0.01796875
2 0.54609375 0.0625 0.009375 0.01484375
2 0.5296875 0.06328125 0.00703125 0.01640625
2 0.63984375 0.2125 0.01640625 0.0296875