2 0.06875 0.57109375 0.053125 0.13359375
2 0.178125 0.253125 0.02109375 0.0453125
2 0.209375 0.27734375 0.0265625 0.05234375
2 0.25234375 0.228125 0.01875 0.0453125
2 0.29140625 0.2296875 0.01875 0.04765625
2 0.31015625 0.22109375 0.02109375 0.04921875
2 0.29375 0.2015625 0.021875 0.05078125
2 0.33203125 0.20390625 0.01875 0.0453125
2 0.34765625 0.1875 0.0171875 0.04375
2 0.353125 0.259375 0.0234375 0.06171875
2 0.375 0.17578125 0.0203125 0.03828125
2 0.3828125 0.21796875 0.01796875 0.03828125
2 0.41484375 0.178125 0.0171875 0.04375
2 0.4375 0.15 0.01640625 0.04375
2 0.45546875 0.2375 0.01953125 0.05234375
2 0.41953125 0.303125 0.028125 0.06171875
2 0.47421875 0.15 0.01953125 0.04765625
2 0.48046875 0.134375 0.0171875 0.03671875
2 0.50703125 0.1578125 0.01796875 0.04921875
2 0.5171875 0.14140625 0.01875 0.04375
2 0.4859375 0.18984375 0.0203125 0.04921875
2 0.54296875 0.2046875 0.01875 0.04765625
2 0.54296875 0.1203125 0.01484375 0.04375
2 0.54765625 0.14609375 0.0171875 0.0421875
2 0.56953125 0.12265625 0.01640625 0.03828125
2 0.57109375 0.15703125 0.01875 0.04765625
2 0.56171875 0.1859375 0.01640625 0.0421875
2 0.5828125 0.10078125 0.015625 0.040625
2 0.59765625 0.14296875 0.01640625 0.040625
2 0.60078125 0.16328125 0.01484375 0.0453125
2 0.61328125 0.18203125 0.01796875 0.04375
2 0.621875 0.11171875 0.01796875 0.040625
2 0.64453125 0.13359375 0.015625 0.0453125
2 0.66015625 0.12421875 0.01484375 0.04765625
2 0.68515625 0.1203125 0.015625 0.040625
2 0.703125 0.14296875 0.01328125 0.040625
2 0.67890625 0.15078125 0.01796875 0.0453125
2 0.68984375 0.19140625 0.01953125 0.04921875
2 0.64921875 0.171875 0.01640625 0.0453125
2 0.6609375 0.21640625 0.01796875 0.059375
2 0.60625 0.27265625 0.0296875 0.059375
2 0.5640625 0.32109375 0.02578125 0.06171875
2 0.60390625 0.36328125 0.0265625 0.06171875
2 0.66015625 0.3921875 0.03125 0.06640625
2 0.71953125 0.3859375 0.0265625 0.06875
2 0.7109375 0.26640625 0.0265625 0.06171875
2 0.7328125 0.2125 0.01875 0.0453125
2 0.7234375 0.2046875 0.01796875 0.04375
2 0.74609375 0.18125 0.0171875 0.0421875
2 0.77265625 0.196875 0.0171875 0.0421875
2 0.8046875 0.17734375 0.01796875 0.0421875
2 0.81015625 0.209375 0.0171875 0.0453125
2 0.82265625 0.203125 0.015625 0.05078125
2 0.86328125 0.21640625 0.01640625 0.0453125
2 0.8984375 0.21796875 0.01640625 0.04921875
2 0.89609375 0.2484375 0.01640625 0.04375
2 0.9234375 0.25546875 0.01640625 0.04375
2 0.94765625 0.23046875 0.01484375 0.0421875
2 0.98046875 0.24765625 0.0140625 0.0421875
2 0.9734375 0.325 0.01796875 0.0421875
2 0.9734375 0.290625 0.0125 0.040625
2 0.971875 0.365625 0.01796875 0.059375
2 0.94453125 0.375 0.01875 0.06171875
2 0.92578125 0.3234375 0.01796875 0.05234375
2 0.86875 0.3015625 0.02109375 0.05078125
2 0.784375 0.246875 0.0234375 0.0546875
2 0.8078125 0.28984375 0.02265625 0.059375
2 0.8609375 0.3703125 0.021875 0.06484375
2 0.87734375 0.3984375 0.0234375 0.07578125
2 0.95390625 0.4734375 0.02109375 0.071875
2 0.865625 0.48828125 0.03125 0.09140625
2 0.775 0.45703125 0.03203125 0.09453125
2 0.746875 0.28359375 0.02421875 0.05078125