2 0.1421875 0.2390625 0.01875 0.03046875
2 0.1828125 0.265625 0.025 0.040625
2 0.2546875 0.2171875 0.0203125 0.0390625
2 0.2890625 0.2875 0.025 0.05546875
2 0.32890625 0.20234375 0.0171875 0.02734375
2 0.3625 0.259375 0.0296875 0.0515625
2 0.3640625 0.21484375 0.0203125 0.03046875
2 0.39609375 0.17421875 0.0265625 0.04375
2 0.53203125 0.2 0.02421875 0.05546875
2 0.6078125 0.2453125 0.0234375 0.0515625
2 0.63359375 0.24453125 0.015625 0.04375
2 0.35 0.2125 0.0171875 0.0390625
2 0.3546875 0.184375 0.0234375 0.03046875