2 0.2296875 0.41640625 0.0453125 0.08359375
2 0.278125 0.275 0.01796875 0.0328125
2 0.28671875 0.2625 0.01796875 0.0328125
2 0.33046875 0.2625 0.02578125 0.04140625
2 0.353125 0.25546875 0.02109375 0.03828125
2 0.33359375 0.22421875 0.01875 0.0328125
2 0.33828125 0.2140625 0.0125 0.02421875
2 0.39609375 0.25234375 0.02578125 0.04140625
2 0.41875 0.26015625 0.02421875 0.0484375
2 0.45703125 0.21640625 0.0203125 0.0421875
2 0.49296875 0.20625 0.0171875 0.03984375
2 0.39296875 0.19375 0.015625 0.03671875
2 0.409375 0.1734375 0.01484375 0.03515625
2 0.42421875 0.1796875 0.015625 0.03671875
2 0.43984375 0.16015625 0.0171875 0.03125
2 0.46640625 0.15546875 0.01328125 0.03671875
2 0.475 0.19453125 0.01640625 0.03828125
2 0.509375 0.1828125 0.01640625 0.03671875
2 0.5375 0.19296875 0.01875 0.04140625
2 0.54609375 0.15703125 0.01796875 0.0421875
2 0.5734375 0.18671875 0.0171875 0.0453125
2 0.51015625 0.1453125 0.01484375 0.03125
2 0.49609375 0.125 0.01328125 0.0296875
2 0.5875 0.14765625 0.0140625 0.0328125
2 0.61015625 0.14609375 0.01328125 0.0328125
2 0.625 0.13125 0.0140625 0.03125
2 0.64140625 0.11953125 0.0125 0.0265625
2 0.66328125 0.11875 0.0140625 0.03125
2 0.60703125 0.1015625 0.0109375 0.02265625
2 0.59453125 0.10703125 0.01328125 0.0296875
2 0.49453125 0.3015625 0.0296875 0.059375
2 0.5421875 0.309375 0.0328125 0.0609375
2 0.55390625 0.2671875 0.025 0.06484375
2 0.6078125 0.253125 0.02578125 0.05078125
2 0.62109375 0.20625 0.0234375 0.05390625
2 0.6546875 0.16796875 0.02109375 0.0453125
2 0.653125 0.225 0.0234375 0.05078125
2 0.64921875 0.26953125 0.0265625 0.05546875
2 0.6890625 0.309375 0.03203125 0.0609375
2 0.71328125 0.28203125 0.0265625 0.06328125
2 0.709375 0.23046875 0.02265625 0.0421875
2 0.69140625 0.19609375 0.0203125 0.03828125
2 0.68984375 0.16640625 0.01796875 0.03828125
2 0.7171875 0.15859375 0.01796875 0.03359375
2 0.7375 0.15234375 0.01796875 0.03515625
2 0.765625 0.13515625 0.015625 0.03515625
2 0.77890625 0.14921875 0.01328125 0.0265625
2 0.80234375 0.1328125 0.0125 0.03359375
2 0.76328125 0.16796875 0.01640625 0.028125
2 0.74140625 0.190625 0.0203125 0.03984375
2 0.740625 0.225 0.0234375 0.0421875
2 0.7546875 0.3421875 0.0296875 0.06796875
2 0.7984375 0.2765625 0.02578125 0.0609375
2 0.8140625 0.2515625 0.02265625 0.05078125
2 0.81875 0.2140625 0.02109375 0.04375
2 0.78359375 0.21015625 0.0203125 0.04140625
2 0.8046875 0.17734375 0.01796875 0.0328125
2 0.8203125 0.159375 0.01796875 0.03828125
2 0.84609375 0.1453125 0.01484375 0.03671875
2 0.8390625 0.18828125 0.01796875 0.03984375
2 0.87421875 0.14765625 0.01640625 0.03515625
2 0.884375 0.190625 0.015625 0.04140625
2 0.8734375 0.2125 0.01953125 0.046875
2 0.8640625 0.2703125 0.025 0.05625
2 0.91796875 0.29765625 0.02734375 0.0609375
2 0.8484375 0.309375 0.028125 0.06328125