2 0.1015625 0.45234375 0.0421875 0.0890625
2 0.1859375 0.271875 0.015625 0.03515625
2 0.21328125 0.28671875 0.02109375 0.0484375
2 0.2546875 0.2359375 0.01640625 0.03359375
2 0.29296875 0.24375 0.01640625 0.040625
2 0.2984375 0.19921875 0.01328125 0.0390625
2 0.31953125 0.23046875 0.01328125 0.04375
2 0.33671875 0.215625 0.01484375 0.046875
2 0.3609375 0.25625 0.015625 0.046875
2 0.35 0.196875 0.01484375 0.03359375
2 0.37890625 0.1875 0.01328125 0.02890625
2 0.38125 0.2421875 0.01640625 0.040625
2 0.42265625 0.19296875 0.01328125 0.03515625
2 0.43359375 0.16953125 0.01015625 0.03515625
2 0.45 0.18046875 0.01484375 0.0265625
2 0.48515625 0.20390625 0.0109375 0.03359375
2 0.46015625 0.2484375 0.0171875 0.0484375
2 0.42265625 0.3125 0.015625 0.0453125
2 0.54453125 0.2203125 0.015625 0.03359375
2 0.4859375 0.15 0.01171875 0.0265625
2 0.5125 0.16796875 0.01484375 0.04375
2 0.55 0.15625 0.0125 0.03046875
2 0.546875 0.12890625 0.0140625 0.025
2 0.5734375 0.13125 0.0140625 0.0265625
2 0.57421875 0.165625 0.01328125 0.02890625
2 0.565625 0.19921875 0.01484375 0.03515625
2 0.60546875 0.1734375 0.0125 0.03046875
2 0.58671875 0.1203125 0.01484375 0.02890625
2 0.61796875 0.1953125 0.01328125 0.03671875
2 0.653125 0.18359375 0.0125 0.03359375
2 0.6453125 0.14453125 0.0125 0.03046875
2 0.62734375 0.12734375 0.0125 0.03515625
2 0.6015625 0.14609375 0.0125 0.0203125
2 0.659375 0.1265625 0.0140625 0.03359375
2 0.68359375 0.13046875 0.01328125 0.025
2 0.68359375 0.1640625 0.0140625 0.03515625
2 0.7109375 0.153125 0.01171875 0.03359375
2 0.6609375 0.23125 0.01875 0.0390625
2 0.56640625 0.3390625 0.021875 0.0453125
2 0.60859375 0.2890625 0.01953125 0.05234375
2 0.70546875 0.215625 0.01328125 0.03671875
2 0.72265625 0.26015625 0.01875 0.0484375
2 0.7390625 0.22734375 0.0125 0.03359375
2 0.77578125 0.209375 0.01328125 0.03203125
2 0.746875 0.19140625 0.01484375 0.03203125
2 0.77578125 0.178125 0.0109375 0.0234375
2 0.8109375 0.18671875 0.01328125 0.03359375
2 0.815625 0.2265625 0.01328125 0.03515625
2 0.79453125 0.24609375 0.01328125 0.04375
2 0.74296875 0.29296875 0.01484375 0.046875
2 0.60546875 0.371875 0.02421875 0.05703125
2 0.6609375 0.39921875 0.028125 0.05390625
2 0.71953125 0.40703125 0.02421875 0.0609375
2 0.78359375 0.44609375 0.0265625 0.07734375
2 0.86875 0.515625 0.02890625 0.0828125
2 0.875 0.4234375 0.02109375 0.06875
2 0.8125 0.2953125 0.0171875 0.05234375
2 0.87421875 0.31328125 0.01875 0.046875
2 0.89296875 0.2859375 0.0140625 0.03671875
2 0.82890625 0.21484375 0.015625 0.0390625
2 0.86875 0.2265625 0.0140625 0.03515625
2 0.90546875 0.221875 0.01328125 0.03046875
2 0.90625 0.25625 0.0109375 0.03046875
2 0.934375 0.26796875 0.01328125 0.040625
2 0.9265625 0.31484375 0.01484375 0.046875
2 0.8609375 0.37265625 0.015625 0.05234375
2 0.9625 0.45390625 0.0203125 0.0625
2 0.953125 0.37734375 0.01484375 0.05078125
2 0.97890625 0.36796875 0.01328125 0.0484375
2 0.9796875 0.31953125 0.0140625 0.046875
2 0.9875 0.2546875 0.01171875 0.0421875
2 0.95390625 0.24140625 0.01328125 0.0390625