2 0.046875 0.42734375 0.0734375 0.11484375
2 0.14375 0.37890625 0.05859375 0.1109375
2 0.15703125 0.6859375 0.1421875 0.20703125
2 0.3171875 0.5515625 0.08984375 0.16328125
2 0.3015625 0.453125 0.08515625 0.115625
2 0.27265625 0.36015625 0.05625 0.08515625
2 0.44921875 0.40390625 0.06484375 0.109375
2 0.50390625 0.353125 0.05703125 0.0921875
2 0.5625 0.48359375 0.0828125 0.1328125
2 0.64375 0.6984375 0.146875 0.19375
2 0.84140625 0.60625 0.13671875 0.19453125
2 0.81953125 0.478125 0.09453125 0.13515625
2 0.64453125 0.31015625 0.05 0.08203125
2 0.68984375 0.29453125 0.05 0.07109375
2 0.6640625 0.21484375 0.03984375 0.06328125
2 0.7671875 0.29453125 0.0453125 0.06875
2 0.77421875 0.221875 0.040625 0.05390625
2 0.859375 0.22734375 0.05234375 0.06484375
2 0.84453125 0.34375 0.05390625 0.08515625
2 0.93515625 0.334375 0.0515625 0.0703125
2 0.971875 0.41015625 0.05546875 0.090625
2 0.925 0.2859375 0.0515625 0.0640625