2 0.0671875 0.32734375 0.015625 0.03515625
2 0.10703125 0.3078125 0.02109375 0.040625
2 0.159375 0.2765625 0.0296875 0.05234375
2 0.24453125 0.23203125 0.03046875 0.05390625
2 0.19921875 0.47890625 0.0484375 0.09921875
2 0.35078125 0.2578125 0.0171875 0.040625
2 0.3703125 0.259375 0.0234375 0.04375
2 0.42734375 0.2140625 0.021875 0.040625
2 0.453125 0.23828125 0.0203125 0.0421875
2 0.434375 0.27109375 0.03046875 0.046875
2 0.4859375 0.3171875 0.034375 0.05546875
2 0.5703125 0.2921875 0.034375 0.0625
2 0.5421875 0.19375 0.02109375 0.03359375
2 0.50234375 0.18359375 0.02421875 0.03671875
2 0.4640625 0.14375 0.015625 0.03203125
2 0.4640625 0.18671875 0.01796875 0.03359375
2 0.45 0.17734375 0.01953125 0.02890625
2 0.6328125 0.12421875 0.01953125 0.03671875
2 0.70390625 0.1328125 0.01953125 0.04375
2 0.73046875 0.16171875 0.0203125 0.04375
2 0.73203125 0.1328125 0.0140625 0.03359375
2 0.75546875 0.096875 0.0203125 0.0421875
2 0.81484375 0.16328125 0.02109375 0.04375
2 0.8265625 0.0859375 0.0171875 0.03671875
2 0.89296875 0.20859375 0.021875 0.046875
2 0.97265625 0.11640625 0.0203125 0.03671875