2 0.18046875 0.48515625 0.0421875 0.08828125
2 0.36640625 0.19375 0.02109375 0.0359375
2 0.39453125 0.26640625 0.01953125 0.0359375
2 0.41015625 0.21484375 0.01875 0.0328125
2 0.41875 0.159375 0.01640625 0.0328125
2 0.465625 0.21640625 0.021875 0.04296875
2 0.48828125 0.3203125 0.0328125 0.06171875
2 0.5515625 0.32421875 0.03046875 0.06171875
2 0.5171875 0.11875 0.015625 0.02734375
2 0.54375 0.11796875 0.01484375 0.0359375
2 0.575 0.121875 0.01875 0.0328125
2 0.56640625 0.1796875 0.01796875 0.034375
2 0.62265625 0.26953125 0.0265625 0.05
2 0.6296875 0.1484375 0.01796875 0.03125
2 0.60546875 0.1078125 0.0140625 0.02578125
2 0.6671875 0.21953125 0.02265625 0.04296875
2 0.6828125 0.30234375 0.03359375 0.0703125
2 0.7390625 0.26328125 0.02734375 0.06015625
2 0.75390625 0.3171875 0.0375 0.0796875
2 0.7921875 0.27734375 0.02890625 0.05859375
2 0.778125 0.209375 0.02265625 0.04296875
2 0.84296875 0.30078125 0.02734375 0.0703125
2 0.88671875 0.221875 0.01953125 0.03984375
2 0.91953125 0.28203125 0.02265625 0.06015625
2 0.94296875 0.15234375 0.0125 0.0359375
2 0.9125 0.08515625 0.0140625 0.0296875
2 0.91484375 0.14375 0.01484375 0.0296875
2 0.8734375 0.1234375 0.0125 0.0328125
2 0.85 0.1234375 0.01171875 0.02578125
2 0.76328125 0.04296875 0.0140625 0.03125