2 0.240625 0.2453125 0.02578125 0.05
2 0.3078125 0.203125 0.02265625 0.0421875
2 0.40859375 0.27578125 0.025 0.04765625
2 0.42109375 0.2140625 0.01953125 0.03671875
2 0.4703125 0.234375 0.01953125 0.03828125
2 0.49765625 0.23828125 0.02109375 0.03828125
2 0.6015625 0.25234375 0.0234375 0.04453125
2 0.65546875 0.24765625 0.025 0.06171875
2 0.5265625 0.13984375 0.0125 0.0265625
2 0.59296875 0.11484375 0.0125 0.0265625
2 0.6171875 0.09921875 0.01171875 0.02890625
2 0.628125 0.11875 0.01484375 0.02265625
2 0.6578125 0.11484375 0.0140625 0.0265625