2 0.19453125 0.47421875 0.04453125 0.08359375
2 0.33359375 0.259375 0.02578125 0.04140625
2 0.4421875 0.26953125 0.0234375 0.03984375
2 0.49140625 0.32890625 0.03515625 0.0625
2 0.459375 0.19296875 0.0171875 0.0375
2 0.43203125 0.2125 0.01953125 0.0328125
2 0.4875 0.178125 0.025 0.034375
2 0.471875 0.14609375 0.015625 0.0265625
2 0.4953125 0.13828125 0.01328125 0.0296875
2 0.5453125 0.13359375 0.01640625 0.0296875
2 0.57265625 0.14140625 0.015625 0.0265625
2 0.53671875 0.20859375 0.01640625 0.0328125
2 0.59140625 0.1546875 0.0171875 0.0296875
2 0.67890625 0.2453125 0.02109375 0.04296875
2 0.73984375 0.25859375 0.028125 0.04921875
2 0.80234375 0.26796875 0.02890625 0.05234375
2 0.70859375 0.146875 0.0125 0.03125
2 0.73359375 0.15390625 0.015625 0.034375
2 0.77109375 0.11171875 0.01640625 0.0296875
2 0.8234375 0.1265625 0.0125 0.0296875
2 0.82578125 0.16796875 0.0171875 0.0359375
2 0.8984375 0.21171875 0.0234375 0.04140625
2 0.8859375 0.4890625 0.05546875 0.1203125
2 0.37421875 0.259375 0.02109375 0.04140625
2 0.46484375 0.23046875 0.03203125 0.05234375