2 0.13828125 0.29140625 0.021875 0.04140625
2 0.3828125 0.228125 0.03046875 0.05546875
2 0.4171875 0.1953125 0.02109375 0.03671875
2 0.440625 0.25234375 0.025 0.046875
2 0.40703125 0.33203125 0.02890625 0.06015625
2 0.46640625 0.22421875 0.0296875 0.0453125
2 0.4921875 0.1875 0.02109375 0.04140625
2 0.51171875 0.18125 0.02109375 0.04140625
2 0.50234375 0.14921875 0.01640625 0.03515625
2 0.50390625 0.2859375 0.0234375 0.0515625
2 0.6453125 0.24140625 0.02578125 0.0484375
2 0.58671875 0.1375 0.01875 0.03828125
2 0.71171875 0.1828125 0.0203125 0.03828125