1 0.44609375 0.390625 0.0640625 0.11640625
1 0.1359375 0.3890625 0.04375 0.065625
1 0.0453125 0.415625 0.040625 0.0578125
1 0.2703125 0.41875 0.02734375 0.05234375
1 0.29453125 0.4234375 0.0234375 0.0421875
1 0.34609375 0.4140625 0.02890625 0.05
1 0.38046875 0.434375 0.03046875 0.0484375
1 0.71171875 0.421875 0.0234375 0.05
1 0.859375 0.41015625 0.0234375 0.0390625
1 0.92265625 0.4140625 0.02734375 0.04609375
1 0.96015625 0.42265625 0.02734375 0.04453125
1 0.98515625 0.4296875 0.02578125 0.0421875
1 0.6421875 0.4234375 0.0234375 0.03515625
1 0.56640625 0.41953125 0.02890625 0.0390625
1 0.62109375 0.42578125 0.021875 0.03515625
1 0.51328125 0.40625 0.03203125 0.0390625
1 0.4890625 0.41484375 0.0359375 0.04453125