2 0.0859375 0.5578125 0.05 0.1078125
2 0.21484375 0.3515625 0.01640625 0.028125
2 0.2546875 0.3484375 0.0171875 0.0453125
2 0.2796875 0.36875 0.02109375 0.04375
2 0.3109375 0.39609375 0.025 0.046875
2 0.28359375 0.3078125 0.01640625 0.0328125
2 0.34921875 0.3296875 0.01640625 0.0296875
2 0.35 0.29765625 0.01796875 0.0328125
2 0.4 0.33984375 0.01875 0.03984375
2 0.3984375 0.2984375 0.015625 0.03125
2 0.3953125 0.2453125 0.0125 0.0296875
2 0.4125 0.2625 0.01328125 0.0296875
2 0.41796875 0.25 0.01328125 0.02578125
2 0.43828125 0.265625 0.01328125 0.0328125
2 0.428125 0.303125 0.01796875 0.03671875
2 0.434375 0.3296875 0.01953125 0.03828125
2 0.4625 0.30625 0.01640625 0.0359375
2 0.45703125 0.27578125 0.01484375 0.028125
2 0.44296875 0.24765625 0.0140625 0.02578125
2 0.45546875 0.23828125 0.01328125 0.02734375
2 0.4796875 0.26953125 0.01484375 0.0359375
2 0.49296875 0.2578125 0.01328125 0.028125
2 0.50078125 0.24375 0.0125 0.0296875
2 0.52109375 0.25390625 0.01484375 0.0359375
2 0.50390625 0.2984375 0.01484375 0.03671875
2 0.49296875 0.3296875 0.0203125 0.04375
2 0.44453125 0.41640625 0.02734375 0.0609375
2 0.51640625 0.41796875 0.02734375 0.059375
2 0.525 0.36953125 0.01953125 0.05390625
2 0.590625 0.42421875 0.0265625 0.0609375
2 0.55703125 0.27578125 0.0171875 0.034375
2 0.5546875 0.2359375 0.01328125 0.02578125
2 0.55078125 0.221875 0.01171875 0.02265625
2 0.55859375 0.203125 0.01171875 0.02578125
2 0.56015625 0.2546875 0.0140625 0.03125
2 0.57265625 0.25078125 0.01328125 0.0296875
2 0.584375 0.2328125 0.0140625 0.02734375
2 0.59453125 0.21015625 0.0125 0.02734375
2 0.61015625 0.2125 0.0125 0.02734375
2 0.60859375 0.23125 0.01328125 0.0296875
2 0.61875 0.25625 0.0125 0.034375
2 0.615625 0.2921875 0.01640625 0.04375
2 0.5828125 0.325 0.0234375 0.04140625
2 0.628125 0.33359375 0.01953125 0.04375
2 0.6390625 0.221875 0.01015625 0.02265625
2 0.65 0.2328125 0.0125 0.0296875
2 0.66640625 0.2265625 0.0140625 0.0296875
2 0.65234375 0.265625 0.01640625 0.0328125
2 0.68671875 0.25234375 0.01484375 0.0328125
2 0.66484375 0.3296875 0.0203125 0.04375
2 0.6640625 0.36015625 0.0171875 0.04296875
2 0.634375 0.38984375 0.025 0.0484375
2 0.64296875 0.434375 0.02578125 0.0640625
2 0.7125 0.3953125 0.02265625 0.0515625
2 0.70078125 0.28671875 0.01484375 0.0359375
2 0.7078125 0.28125 0.0125 0.0296875
2 0.71328125 0.25 0.01328125 0.0328125
2 0.72421875 0.23125 0.01328125 0.0296875
2 0.75390625 0.2421875 0.0140625 0.02578125
2 0.74921875 0.2671875 0.0140625 0.03984375
2 0.73828125 0.27890625 0.0140625 0.03984375
2 0.78046875 0.2453125 0.0125 0.0296875
2 0.8109375 0.2578125 0.01171875 0.0328125
2 0.8390625 0.2546875 0.0125 0.03125
2 0.903125 0.27265625 0.01171875 0.0328125
2 0.8640625 0.28515625 0.0125 0.0359375
2 0.9015625 0.3109375 0.0125 0.0359375
2 0.89453125 0.3375 0.01328125 0.04296875
2 0.89296875 0.36171875 0.01484375 0.04375
2 0.86640625 0.3375 0.01484375 0.04296875
2 0.8296875 0.278125 0.01328125 0.04140625
2 0.82265625 0.31484375 0.01484375 0.03828125
2 0.8390625 0.3390625 0.0171875 0.046875
2 0.87890625 0.39609375 0.0203125 0.05
2 0.875 0.45078125 0.0265625 0.059375
2 0.83515625 0.40859375 0.0234375 0.05546875
2 0.7859375 0.303125 0.0140625 0.03671875
2 0.78515625 0.27421875 0.01328125 0.034375
2 0.8 0.33984375 0.0171875 0.0453125
2 0.78359375 0.35625 0.0203125 0.05234375
2 0.81484375 0.43515625 0.02421875 0.05703125
2 0.7578125 0.4296875 0.0296875 0.0515625
2 0.7890625 0.51953125 0.03046875 0.06796875
2 0.68515625 0.50390625 0.034375 0.08359375