2 0.2 0.40078125 0.0359375 0.075
2 0.14765625 0.29921875 0.021875 0.0484375
2 0.271875 0.240625 0.01796875 0.03671875
2 0.296875 0.253125 0.01875 0.03828125
2 0.3640625 0.19921875 0.01796875 0.03671875
2 0.34609375 0.21953125 0.02109375 0.03828125
2 0.38359375 0.2609375 0.02109375 0.04140625
2 0.34609375 0.2640625 0.01640625 0.0328125
2 0.36484375 0.26484375 0.0234375 0.04453125
2 0.3125 0.22734375 0.01875 0.03671875
2 0.38203125 0.20546875 0.01796875 0.0328125
2 0.40859375 0.18984375 0.01796875 0.028125
2 0.43046875 0.2390625 0.01875 0.03671875
2 0.44296875 0.17734375 0.0140625 0.03671875
2 0.47421875 0.23359375 0.0171875 0.04609375
2 0.50703125 0.19140625 0.01875 0.028125
2 0.496875 0.1546875 0.0125 0.025
2 0.5703125 0.125 0.0140625 0.028125
2 0.53046875 0.19453125 0.021875 0.04140625
2 0.5421875 0.1640625 0.0140625 0.03671875
2 0.490625 0.309375 0.02109375 0.04453125
2 0.54140625 0.31484375 0.02578125 0.06328125
2 0.61640625 0.328125 0.0265625 0.06328125
2 0.5984375 0.12265625 0.0140625 0.03671875
2 0.6140625 0.1296875 0.01171875 0.0265625
2 0.64765625 0.12109375 0.01328125 0.0328125
2 0.59453125 0.17109375 0.01171875 0.0265625
2 0.58359375 0.221875 0.0171875 0.03984375
2 0.6109375 0.26953125 0.02265625 0.04453125
2 0.62109375 0.21328125 0.025 0.04140625
2 0.690625 0.14921875 0.01875 0.04609375
2 0.671875 0.20390625 0.0265625 0.04296875
2 0.66953125 0.2546875 0.0234375 0.0484375
2 0.6984375 0.2015625 0.021875 0.03828125
2 0.7140625 0.23125 0.0203125 0.04453125
2 0.715625 0.146875 0.021875 0.03125
2 0.72421875 0.1703125 0.01640625 0.03515625
2 0.71796875 0.28359375 0.02578125 0.053125
2 0.77734375 0.13203125 0.0140625 0.028125
2 0.7703125 0.17421875 0.0140625 0.0296875
2 0.74375 0.13125 0.01484375 0.0234375
2 0.83203125 0.13984375 0.01484375 0.03515625
2 0.8140625 0.17578125 0.02109375 0.03984375
2 0.79921875 0.1953125 0.0171875 0.03984375
2 0.7484375 0.20390625 0.0171875 0.04296875
2 0.778125 0.2203125 0.02578125 0.053125
2 0.7984375 0.2453125 0.0234375 0.05
2 0.83125 0.2015625 0.02734375 0.04140625
2 0.8640625 0.1703125 0.01640625 0.03828125
2 0.85234375 0.1921875 0.03046875 0.05
2 0.9 0.15 0.01875 0.03125
2 0.89921875 0.17421875 0.0171875 0.03671875
2 0.884375 0.17890625 0.01875 0.0328125
2 0.89609375 0.20078125 0.021875 0.04296875
2 0.8671875 0.25625 0.025 0.0515625
2 0.84453125 0.3421875 0.025 0.0578125
2 0.9328125 0.2328125 0.0171875 0.0515625
2 0.92734375 0.28125 0.021875 0.04140625
2 0.62265625 0.146875 0.0125 0.03125
2 0.4015625 0.225 0.0203125 0.03125
2 0.58203125 0.14375 0.01015625 0.028125
2 0.6765625 0.18203125 0.01875 0.04296875
2 0.7953125 0.1578125 0.0140625 0.0265625