2 0.19140625 0.3375 0.04140625 0.0765625
2 0.26953125 0.22421875 0.0171875 0.0375
2 0.31953125 0.2453125 0.01953125 0.040625
2 0.3359375 0.19921875 0.0171875 0.03359375
2 0.35234375 0.19921875 0.01484375 0.0265625
2 0.365625 0.2046875 0.01484375 0.03359375
2 0.37578125 0.18359375 0.01328125 0.03046875
2 0.396875 0.175 0.01796875 0.03046875
2 0.4234375 0.1515625 0.01484375 0.03046875
2 0.41875 0.190625 0.01484375 0.0265625
2 0.4171875 0.22109375 0.01875 0.0375
2 0.4078125 0.271875 0.01875 0.0375
2 0.440625 0.21796875 0.01796875 0.0390625
2 0.45859375 0.1375 0.0109375 0.0234375
2 0.47890625 0.15 0.0140625 0.0265625
2 0.46953125 0.184375 0.01796875 0.03515625
2 0.48125 0.2375 0.01953125 0.0421875
2 0.49921875 0.19765625 0.0171875 0.03359375
2 0.51328125 0.1734375 0.0140625 0.028125
2 0.53359375 0.20546875 0.01953125 0.0390625
2 0.50234375 0.1484375 0.01171875 0.0234375
2 0.49140625 0.13125 0.00859375 0.0140625
2 0.50234375 0.13046875 0.0078125 0.015625
2 0.51484375 0.1328125 0.0109375 0.02109375
2 0.5296875 0.1390625 0.01328125 0.0234375
2 0.5453125 0.14296875 0.01171875 0.03046875
2 0.55546875 0.13984375 0.01015625 0.02109375
2 0.578125 0.184375 0.0171875 0.03203125
2 0.57421875 0.13671875 0.01171875 0.025
2 0.58203125 0.11953125 0.01171875 0.01953125
2 0.59140625 0.1375 0.01484375 0.03046875
2 0.60546875 0.11328125 0.01171875 0.02109375
2 0.61328125 0.1078125 0.0109375 0.01796875
2 0.63046875 0.1015625 0.01171875 0.01953125
2 0.62578125 0.11328125 0.01015625 0.02109375
2 0.61640625 0.1359375 0.01171875 0.0265625
2 0.61484375 0.1671875 0.01484375 0.03046875
2 0.64921875 0.1390625 0.01328125 0.03046875
2 0.65 0.10546875 0.0109375 0.01953125
2 0.6625 0.1140625 0.01171875 0.03046875
2 0.68203125 0.12109375 0.01171875 0.03046875
2 0.70625 0.1125 0.0109375 0.0234375
2 0.721875 0.13828125 0.01171875 0.025
2 0.70078125 0.16640625 0.0109375 0.02109375
2 0.696875 0.19296875 0.015625 0.0390625
2 0.65703125 0.18046875 0.0140625 0.028125
2 0.66640625 0.215625 0.01953125 0.03359375
2 0.621875 0.2109375 0.015625 0.03515625
2 0.62734375 0.2609375 0.01875 0.04609375
2 0.66171875 0.26953125 0.01875 0.05
2 0.57109375 0.278125 0.021875 0.05
2 0.5640625 0.26328125 0.01796875 0.03359375
2 0.721875 0.28125 0.021875 0.04765625
2 0.7578125 0.25859375 0.0171875 0.0421875
2 0.7921875 0.284375 0.02109375 0.0546875
2 0.84140625 0.3 0.02109375 0.05
2 0.8859375 0.3203125 0.02265625 0.0546875
2 0.909375 0.27734375 0.01796875 0.04765625
2 0.8546875 0.25625 0.02109375 0.04453125
2 0.83671875 0.2328125 0.01328125 0.0375
2 0.7828125 0.2109375 0.015625 0.03203125
2 0.7484375 0.21796875 0.0171875 0.03203125
2 0.740625 0.18046875 0.01328125 0.025
2 0.75546875 0.15625 0.01484375 0.028125
2 0.7703125 0.13125 0.01328125 0.028125
2 0.78984375 0.153125 0.01328125 0.03046875
2 0.80078125 0.14921875 0.00859375 0.01796875
2 0.8125 0.1421875 0.01328125 0.025
2 0.81953125 0.1703125 0.0109375 0.028125
2 0.83125 0.15546875 0.0140625 0.03046875
2 0.8453125 0.15234375 0.0109375 0.025
2 0.83515625 0.190625 0.0140625 0.03046875
2 0.85234375 0.19140625 0.01171875 0.028125
2 0.8640625 0.17265625 0.0140625 0.03359375
2 0.878125 0.15078125 0.0109375 0.025
2 0.90390625 0.16171875 0.01015625 0.025
2 0.89140625 0.2015625 0.01328125 0.03359375
2 0.8984375 0.18203125 0.0109375 0.0265625
2 0.93359375 0.175 0.0109375 0.0265625
2 0.92734375 0.2046875 0.0109375 0.0234375
2 0.940625 0.20859375 0.01171875 0.0234375
2 0.91953125 0.2328125 0.01171875 0.03046875
2 0.93984375 0.25703125 0.0171875 0.05