2 0.18828125 0.24453125 0.02109375 0.04375
2 0.3015625 0.2234375 0.01484375 0.02890625
2 0.34765625 0.1859375 0.0125 0.03046875
2 0.41953125 0.2546875 0.01640625 0.03828125
2 0.40625 0.19453125 0.01484375 0.0328125
2 0.4390625 0.221875 0.0171875 0.0265625
2 0.4421875 0.16875 0.01171875 0.03046875
2 0.47578125 0.17109375 0.0171875 0.03984375
2 0.45 0.13203125 0.0125 0.02265625
2 0.53671875 0.18125 0.01484375 0.0328125
2 0.54140625 0.1578125 0.01484375 0.02890625
2 0.62109375 0.1140625 0.01171875 0.02890625
2 0.6234375 0.29921875 0.0234375 0.0609375
2 0.65625 0.36015625 0.03125 0.06875
2 0.61875 0.20078125 0.01796875 0.0421875
2 0.6609375 0.20859375 0.01953125 0.03828125
2 0.65625 0.17265625 0.0140625 0.0265625
2 0.715625 0.07109375 0.0125 0.0265625
2 0.71875 0.225 0.01796875 0.03984375
2 0.6609375 0.2875 0.01796875 0.03828125
2 0.790625 0.33828125 0.040625 0.0859375
2 0.81171875 0.2515625 0.0171875 0.03984375
2 0.85390625 0.25390625 0.01953125 0.04765625
2 0.9203125 0.215625 0.01484375 0.03671875
2 0.98515625 0.23359375 0.02265625 0.06875
2 0.98671875 0.31640625 0.0203125 0.08046875