2 0.19140625 0.77578125 0.1421875 0.215625
2 0.1015625 0.525 0.034375 0.04453125
2 0.14765625 0.5234375 0.0296875 0.03828125
2 0.259375 0.47734375 0.040625 0.0625
2 0.340625 0.54375 0.05 0.06015625
2 0.40546875 0.54921875 0.0453125 0.05390625
2 0.43125 0.515625 0.021875 0.03125
2 0.36875 0.51015625 0.01875 0.025
2 0.49453125 0.58984375 0.0546875 0.071875
2 0.5140625 0.5203125 0.025 0.03125
2 0.49765625 0.51328125 0.0171875 0.03125
2 0.565625 0.51796875 0.025 0.03125
2 0.63203125 0.734375 0.1140625 0.15
2 0.92109375 0.8765625 0.1453125 0.2109375
2 0.68046875 0.5921875 0.0546875 0.08046875
2 0.6453125 0.5640625 0.03125 0.06484375
2 0.70625 0.51328125 0.040625 0.0625
2 0.01640625 0.5515625 0.0265625 0.04453125
2 0.03359375 0.53828125 0.0234375 0.040625