2 0.91640625 0.2921875 0.01875 0.05390625
2 0.85703125 0.22421875 0.0140625 0.04140625
2 0.87734375 0.19453125 0.01484375 0.0375
2 0.9140625 0.20234375 0.01484375 0.03984375
2 0.88515625 0.16484375 0.0109375 0.02265625
2 0.88828125 0.13671875 0.009375 0.0265625
2 0.9171875 0.15546875 0.00859375 0.02109375
2 0.91953125 0.17734375 0.01328125 0.0296875
2 0.85703125 0.1453125 0.0140625 0.0375
2 0.84296875 0.15546875 0.0140625 0.04140625
2 0.840625 0.18671875 0.015625 0.0375
2 0.82578125 0.14140625 0.01328125 0.0359375
2 0.79296875 0.13203125 0.01171875 0.028125
2 0.80390625 0.13125 0.0109375 0.0265625
2 0.80703125 0.17265625 0.01171875 0.0328125
2 0.7953125 0.18046875 0.015625 0.04140625
2 0.8109375 0.2515625 0.01640625 0.05234375
2 0.77421875 0.2953125 0.0203125 0.0578125
2 0.746875 0.22734375 0.01953125 0.04609375
2 0.72265625 0.3125 0.02421875 0.05625
2 0.6703125 0.35703125 0.025 0.059375
2 0.65859375 0.26796875 0.01875 0.05234375
2 0.69375 0.22734375 0.01875 0.04296875
2 0.69609375 0.18359375 0.0140625 0.034375
2 0.75703125 0.13046875 0.0109375 0.03125
2 0.77109375 0.12421875 0.01015625 0.03125
2 0.7421875 0.109375 0.01015625 0.028125
2 0.721875 0.12421875 0.01171875 0.025
2 0.703125 0.14609375 0.01328125 0.0296875
2 0.75078125 0.184375 0.0171875 0.0296875
2 0.67421875 0.16015625 0.01640625 0.0375
2 0.65625 0.203125 0.015625 0.04453125
2 0.7265625 0.20546875 0.0140625 0.0328125
2 0.66015625 0.12265625 0.00859375 0.028125
2 0.68046875 0.1125 0.009375 0.028125
2 0.59375 0.1 0.009375 0.01640625
2 0.6203125 0.1 0.00859375 0.01640625
2 0.63671875 0.10390625 0.0109375 0.01953125
2 0.63046875 0.12265625 0.01015625 0.02109375
2 0.60703125 0.12265625 0.0109375 0.02109375
2 0.6140625 0.1421875 0.0140625 0.03125
2 0.64375 0.17109375 0.015625 0.0265625
2 0.596875 0.2203125 0.0171875 0.0328125
2 0.58125 0.12578125 0.01015625 0.02109375
2 0.5734375 0.15234375 0.0140625 0.028125
2 0.609375 0.259375 0.01953125 0.04765625
2 0.5703125 0.2453125 0.0171875 0.04296875
2 0.5546875 0.11640625 0.009375 0.01953125
2 0.56171875 0.17578125 0.01171875 0.0359375
2 0.5375 0.13203125 0.0109375 0.02109375
2 0.54375 0.16484375 0.01328125 0.0328125
2 0.52578125 0.2046875 0.015625 0.034375
2 0.51875 0.16796875 0.01328125 0.0296875
2 0.50390625 0.19296875 0.01171875 0.028125
2 0.50703125 0.1515625 0.0109375 0.0265625
2 0.48671875 0.134375 0.00703125 0.01796875
2 0.47890625 0.221875 0.015625 0.03984375
2 0.45078125 0.14609375 0.009375 0.01640625
2 0.4453125 0.19375 0.0109375 0.0296875
2 0.4421875 0.23984375 0.01640625 0.03984375
2 0.47578125 0.3125 0.01953125 0.04921875
2 0.53203125 0.31796875 0.025 0.0609375
2 0.4578125 0.17421875 0.00859375 0.0265625
2 0.47421875 0.18671875 0.01015625 0.028125
2 0.4828125 0.1703125 0.0140625 0.034375
2 0.4640625 0.15625 0.0109375 0.02265625
2 0.3859375 0.20234375 0.01484375 0.0328125
2 0.41328125 0.22734375 0.01484375 0.0359375
2 0.3828125 0.23359375 0.015625 0.0296875
2 0.3515625 0.23203125 0.01484375 0.0328125
2 0.34375 0.271875 0.015625 0.0375
2 0.30703125 0.23828125 0.0109375 0.0265625
2 0.25703125 0.28359375 0.0140625 0.028125
2 0.2890625 0.2671875 0.015625 0.0375
2 0.29765625 0.2640625 0.01875 0.04140625
2 0.3265625 0.2625 0.01484375 0.034375
2 0.59609375 0.33671875 0.02421875 0.05390625
2 0.42109375 0.27265625 0.02109375 0.04609375
2 0.203125 0.36328125 0.04140625 0.0890625