2 0.18671875 0.4390625 0.053125 0.1046875
2 0.33828125 0.21796875 0.01796875 0.03515625
2 0.32890625 0.20078125 0.01875 0.03203125
2 0.34765625 0.19140625 0.01875 0.03515625
2 0.40703125 0.19921875 0.021875 0.04296875
2 0.4203125 0.175 0.01875 0.03515625
2 0.4453125 0.19140625 0.0234375 0.0390625
2 0.44296875 0.22421875 0.0265625 0.0375
2 0.475 0.22890625 0.02421875 0.046875
2 0.471875 0.19375 0.0234375 0.04296875
2 0.43828125 0.1421875 0.01640625 0.0296875
2 0.4625 0.1375 0.015625 0.028125
2 0.4625 0.14921875 0.015625 0.0296875
2 0.478125 0.1609375 0.02109375 0.0296875
2 0.49140625 0.12890625 0.01171875 0.0296875
2 0.49921875 0.11953125 0.01328125 0.02265625
2 0.51015625 0.15234375 0.02109375 0.03203125
2 0.5359375 0.1796875 0.01875 0.0296875
2 0.534375 0.15390625 0.01796875 0.03515625
2 0.53515625 0.13671875 0.01328125 0.0296875
2 0.54453125 0.12578125 0.01328125 0.02421875
2 0.52109375 0.13671875 0.0125 0.0296875
2 0.55625 0.1609375 0.01328125 0.0296875
2 0.57265625 0.24140625 0.0234375 0.04140625
2 0.51875 0.2671875 0.0234375 0.05625
2 0.5515625 0.2859375 0.025 0.06015625
2 0.575 0.13359375 0.015625 0.03515625
2 0.58515625 0.109375 0.01328125 0.028125
2 0.6109375 0.09609375 0.01015625 0.02421875
2 0.615625 0.1140625 0.0125 0.02578125
2 0.6328125 0.1 0.009375 0.02421875
2 0.65703125 0.103125 0.01015625 0.02578125
2 0.65390625 0.1171875 0.01171875 0.028125
2 0.65546875 0.13515625 0.0125 0.028125
2 0.62109375 0.14921875 0.01328125 0.03359375
2 0.62578125 0.13203125 0.0125 0.028125
2 0.59453125 0.14296875 0.01484375 0.028125
2 0.58515625 0.16640625 0.01328125 0.03359375
2 0.67421875 0.1203125 0.009375 0.0203125
2 0.6984375 0.121875 0.0125 0.03359375
2 0.71953125 0.1421875 0.01328125 0.03359375
2 0.709375 0.1609375 0.01484375 0.0375
2 0.7015625 0.19453125 0.01796875 0.04140625
2 0.6703125 0.17734375 0.01796875 0.04453125
2 0.66796875 0.21328125 0.01875 0.04453125
2 0.62421875 0.221875 0.02421875 0.046875
2 0.6234375 0.284375 0.03046875 0.06328125
2 0.66015625 0.25859375 0.02109375 0.046875
2 0.68515625 0.3203125 0.03125 0.07265625
2 0.7375 0.3609375 0.03046875 0.075
2 0.725 0.2234375 0.021875 0.05078125
2 0.7546875 0.1203125 0.0125 0.03203125
2 0.75234375 0.14375 0.01328125 0.0296875
2 0.74765625 0.16640625 0.01015625 0.0296875
2 0.76875 0.18125 0.015625 0.0375
2 0.76640625 0.13203125 0.01171875 0.03203125
2 0.784375 0.12734375 0.01328125 0.03359375
2 0.7875 0.15625 0.01796875 0.03515625
2 0.7828125 0.21015625 0.021875 0.05078125
2 0.80625 0.25703125 0.01875 0.04296875
2 0.8 0.28671875 0.0234375 0.065625
2 0.83515625 0.3515625 0.0296875 0.07109375
2 0.8421875 0.33828125 0.02421875 0.05234375
2 0.8640625 0.2828125 0.021875 0.046875
2 0.84140625 0.2125 0.01640625 0.0390625
2 0.8078125 0.18125 0.01484375 0.03359375
2 0.825 0.17109375 0.01484375 0.03203125
2 0.83984375 0.15078125 0.01484375 0.03203125
2 0.85078125 0.18671875 0.01484375 0.0375
2 0.865625 0.17421875 0.015625 0.03359375
2 0.8734375 0.1515625 0.01484375 0.0375
2 0.89765625 0.17734375 0.01171875 0.03359375
2 0.90703125 0.1671875 0.01171875 0.03203125
2 0.91328125 0.16640625 0.01171875 0.0296875
2 0.88515625 0.22265625 0.015625 0.04453125
2 0.94296875 0.18125 0.01171875 0.0296875
2 0.9421875 0.21484375 0.01328125 0.0375
2 0.92890625 0.225 0.01640625 0.04296875
2 0.925 0.23984375 0.015625 0.04296875
2 0.92265625 0.2875 0.02109375 0.0484375
2 0.91484375 0.33359375 0.01796875 0.0578125