2 0.2078125 0.34921875 0.0375 0.0796875
2 0.2765625 0.26484375 0.01796875 0.03125
2 0.325 0.278125 0.0203125 0.0375
2 0.3390625 0.253125 0.01875 0.0375
2 0.4203125 0.278125 0.01875 0.0421875
2 0.4359375 0.22421875 0.0140625 0.03359375
2 0.41640625 0.2140625 0.01875 0.0359375
2 0.3609375 0.209375 0.01640625 0.03359375
2 0.378125 0.19765625 0.0140625 0.02265625
2 0.41640625 0.17265625 0.01328125 0.02734375
2 0.45703125 0.2125 0.01640625 0.0359375
2 0.4609375 0.19375 0.015625 0.02734375
2 0.440625 0.15546875 0.0140625 0.03125
2 0.47578125 0.13203125 0.009375 0.01640625
2 0.48515625 0.171875 0.0140625 0.025
2 0.4671875 0.16875 0.0109375 0.02734375
2 0.45859375 0.15546875 0.01328125 0.02265625
2 0.53515625 0.1609375 0.015625 0.025
2 0.52421875 0.20078125 0.01640625 0.02890625
2 0.5125 0.13359375 0.01640625 0.02890625
2 0.5546875 0.16953125 0.01640625 0.02890625
2 0.57109375 0.15390625 0.01328125 0.03125
2 0.55078125 0.12265625 0.01328125 0.02265625
2 0.58125 0.10390625 0.01171875 0.02265625
2 0.6015625 0.11640625 0.0109375 0.03125
2 0.67734375 0.09921875 0.0109375 0.02265625
2 0.471875 0.32109375 0.025 0.03984375
2 0.54140625 0.3 0.02265625 0.05234375
2 0.5890625 0.334375 0.03046875 0.05
2 0.66484375 0.328125 0.03046875 0.0625
2 0.5640625 0.24296875 0.01875 0.04609375
2 0.6 0.253125 0.01875 0.0421875
2 0.6078125 0.2046875 0.01640625 0.04609375
2 0.66015625 0.20390625 0.02109375 0.04375
2 0.66640625 0.1578125 0.015625 0.0359375
2 0.6796875 0.18515625 0.01640625 0.0359375
2 0.69453125 0.2140625 0.02265625 0.04375
2 0.6984375 0.14453125 0.01328125 0.025
2 0.72578125 0.1234375 0.01640625 0.02890625
2 0.74296875 0.11171875 0.015625 0.03125
2 0.73828125 0.06484375 0.0140625 0.02890625
2 0.75625 0.13046875 0.01328125 0.02265625
2 0.740625 0.15078125 0.01640625 0.025
2 0.73046875 0.1640625 0.0140625 0.02734375
2 0.7421875 0.19140625 0.015625 0.0359375
2 0.7015625 0.27890625 0.02734375 0.05234375
2 0.65078125 0.2625 0.02109375 0.04375
2 0.76171875 0.3125 0.02578125 0.05234375
2 0.859375 0.225 0.01875 0.04375
2 0.91015625 0.1828125 0.01640625 0.03125
2 0.95546875 0.175 0.0203125 0.05234375
2 0.8921875 0.13203125 0.0109375 0.025
2 0.87421875 0.13046875 0.01328125 0.02265625
2 0.8625 0.13203125 0.015625 0.025
2 0.85234375 0.14140625 0.009375 0.02734375
2 0.8453125 0.15234375 0.0140625 0.025
2 0.83515625 0.17265625 0.01328125 0.02734375
2 0.87109375 0.1796875 0.0140625 0.02890625
2 0.8078125 0.1625 0.0109375 0.02265625
2 0.81484375 0.13359375 0.015625 0.025
2 0.803125 0.12734375 0.01171875 0.02890625
2 0.790625 0.1390625 0.01328125 0.02265625
2 0.78828125 0.18203125 0.02109375 0.0421875