2 0.04453125 0.4109375 0.0375 0.07109375
2 0.25859375 0.28515625 0.01875 0.03125
2 0.30546875 0.26484375 0.01796875 0.04140625
2 0.29609375 0.24921875 0.01875 0.0296875
2 0.31015625 0.2328125 0.01640625 0.0296875
2 0.32578125 0.2796875 0.01875 0.03828125
2 0.34609375 0.2734375 0.0171875 0.04453125
2 0.33046875 0.2484375 0.01484375 0.028125
2 0.3765625 0.2125 0.01328125 0.0296875
2 0.384375 0.21484375 0.01328125 0.03515625
2 0.40703125 0.2984375 0.02421875 0.04453125
2 0.38828125 0.19765625 0.0125 0.0296875
2 0.4140625 0.2234375 0.01484375 0.03515625
2 0.4140625 0.171875 0.01484375 0.028125
2 0.43515625 0.18984375 0.01484375 0.03125
2 0.44921875 0.19296875 0.01640625 0.03359375
2 0.45234375 0.22578125 0.01640625 0.03984375
2 0.4703125 0.228125 0.01953125 0.04453125
2 0.465625 0.19140625 0.0140625 0.0296875
2 0.46328125 0.16640625 0.0140625 0.0265625
2 0.47578125 0.1546875 0.0140625 0.0265625
2 0.4921875 0.19375 0.01484375 0.028125
2 0.48984375 0.1609375 0.01484375 0.0296875
2 0.4875 0.13671875 0.01015625 0.021875
2 0.52890625 0.13359375 0.01484375 0.028125
2 0.5234375 0.1609375 0.0140625 0.0265625
2 0.54765625 0.15703125 0.0171875 0.03828125
2 0.540625 0.19921875 0.01796875 0.04296875
2 0.559375 0.14140625 0.01328125 0.0265625
2 0.5640625 0.10859375 0.01328125 0.021875
2 0.58046875 0.1625 0.01953125 0.03984375
2 0.5953125 0.1140625 0.01484375 0.028125
2 0.60625 0.10078125 0.01328125 0.028125
2 0.6328125 0.09921875 0.0125 0.025
2 0.6578125 0.09609375 0.01328125 0.0265625
2 0.69140625 0.10234375 0.01328125 0.03515625
2 0.678125 0.12421875 0.0140625 0.03359375
2 0.64296875 0.12421875 0.01328125 0.0234375
2 0.61640625 0.12265625 0.0140625 0.0203125
2 0.6125 0.15234375 0.01640625 0.03515625
2 0.5984375 0.1453125 0.0140625 0.03515625
2 0.69609375 0.146875 0.01484375 0.03515625
2 0.71953125 0.14296875 0.0140625 0.03359375
2 0.74609375 0.12421875 0.0125 0.0296875
2 0.76015625 0.10703125 0.0125 0.03515625
2 0.778125 0.13203125 0.0125 0.03125
2 0.78515625 0.11953125 0.01171875 0.0296875
2 0.8 0.13671875 0.0140625 0.03125
2 0.81484375 0.1359375 0.01328125 0.0234375
2 0.84140625 0.14375 0.01484375 0.03125
2 0.84375 0.1640625 0.01328125 0.03671875
2 0.8609375 0.15234375 0.01328125 0.03828125
2 0.875 0.13203125 0.01328125 0.028125
2 0.878125 0.15546875 0.0140625 0.03125
2 0.8875 0.171875 0.01328125 0.03515625
2 0.9046875 0.1296875 0.0125 0.0296875
2 0.90625 0.1671875 0.0125 0.028125
2 0.93515625 0.15625 0.01015625 0.0265625
2 0.9390625 0.178125 0.01328125 0.0296875
2 0.934375 0.21015625 0.01484375 0.03515625
2 0.89375 0.2 0.01328125 0.03515625
2 0.87734375 0.21953125 0.01640625 0.05
2 0.853125 0.18828125 0.01640625 0.04140625
2 0.8109375 0.18359375 0.01484375 0.03125
2 0.77265625 0.17265625 0.0140625 0.0296875
2 0.7546875 0.15625 0.01328125 0.03359375
2 0.74765625 0.17265625 0.0171875 0.03671875
2 0.74296875 0.20234375 0.01484375 0.046875
2 0.71171875 0.1828125 0.02109375 0.03984375
2 0.65390625 0.18125 0.01640625 0.03359375
2 0.66171875 0.21015625 0.0234375 0.0484375
2 0.70078125 0.22109375 0.01953125 0.046875
2 0.75859375 0.24609375 0.02109375 0.046875
2 0.828125 0.25078125 0.021875 0.05625
2 0.9328125 0.284375 0.02109375 0.05625
2 0.790625 0.28984375 0.02421875 0.06171875
2 0.73046875 0.2796875 0.0296875 0.0546875
2 0.66953125 0.25703125 0.0234375 0.0515625
2 0.61015625 0.20546875 0.02109375 0.03828125
2 0.5859375 0.23828125 0.0234375 0.04140625
2 0.6171875 0.25859375 0.0265625 0.0515625
2 0.6171875 0.328125 0.028125 0.06796875
2 0.6921875 0.321875 0.03046875 0.06328125
2 0.490625 0.30625 0.0265625 0.0515625
2 0.56015625 0.2890625 0.02421875 0.06015625