2 0.24375 0.41015625 0.05703125 0.12109375
2 0.2609375 0.1796875 0.01875 0.03046875
2 0.39765625 0.46640625 0.0671875 0.1125
2 0.41953125 0.21015625 0.0234375 0.040625
2 0.446875 0.21171875 0.01953125 0.03671875
2 0.45625 0.259375 0.025 0.0453125
2 0.50078125 0.21953125 0.02421875 0.0421875
2 0.60390625 0.253125 0.0234375 0.0453125
2 0.6609375 0.2421875 0.028125 0.046875
2 0.60625 0.11875 0.015625 0.02890625
2 0.62734375 0.10859375 0.015625 0.025
2 0.65390625 0.13046875 0.01171875 0.02890625
2 0.68046875 0.12890625 0.0125 0.025