2 0.73828125 0.5796875 0.1140625 0.1453125
2 0.8078125 0.53046875 0.0734375 0.08359375
2 0.8609375 0.5140625 0.0609375 0.06875
2 0.90546875 0.45625 0.0515625 0.0625
2 0.66875 0.4359375 0.0375 0.0359375
2 0.58984375 0.43671875 0.03984375 0.0484375
2 0.5578125 0.4296875 0.03515625 0.0359375
2 0.5421875 0.4546875 0.0453125 0.0453125
2 0.4828125 0.49609375 0.05390625 0.05234375
2 0.5078125 0.4375 0.0453125 0.03984375
2 0.52421875 0.37109375 0.03359375 0.03515625
2 0.41796875 0.4546875 0.0515625 0.04609375
2 0.31796875 0.49375 0.0640625 0.07265625
2 0.3171875 0.4359375 0.03984375 0.0375
2 0.37109375 0.42109375 0.03984375 0.0421875
2 0.278125 0.41953125 0.04609375 0.0390625
2 0.22578125 0.4453125 0.0484375 0.0453125
2 0.228125 0.4109375 0.0390625 0.03125
2 0.165625 0.47890625 0.07109375 0.0671875
2 0.065625 0.53984375 0.0984375 0.1046875
2 0.07109375 0.45703125 0.0578125 0.06640625
2 0.11875 0.43671875 0.0421875 0.0515625
2 0.17421875 0.4265625 0.0390625 0.0390625
2 0.090625 0.42734375 0.0265625 0.03984375
2 0.0140625 0.4296875 0.02734375 0.05390625