2 0.11640625 0.5125 0.040625 0.0953125
2 0.2171875 0.24765625 0.0125 0.04140625
2 0.28359375 0.2234375 0.01796875 0.03359375
2 0.315625 0.22265625 0.01328125 0.03203125
2 0.328125 0.18671875 0.015625 0.03671875
2 0.3375 0.21015625 0.01640625 0.04609375
2 0.38359375 0.24375 0.01953125 0.05234375
2 0.40703125 0.17578125 0.01328125 0.03671875
2 0.4125 0.2171875 0.01328125 0.03203125
2 0.4453125 0.27578125 0.0203125 0.05078125
2 0.4359375 0.1578125 0.01640625 0.03203125
2 0.43984375 0.18515625 0.0140625 0.03984375
2 0.45546875 0.15703125 0.01171875 0.03984375
2 0.4859375 0.1578125 0.015625 0.03515625
2 0.4765625 0.2375 0.01484375 0.04609375
2 0.50703125 0.190625 0.01484375 0.03515625
2 0.50078125 0.14140625 0.0109375 0.0265625
2 0.5140625 0.0828125 0.0140625 0.03828125
2 0.56015625 0.20625 0.01328125 0.03515625
2 0.55703125 0.153125 0.0140625 0.03984375
2 0.5796875 0.19765625 0.01484375 0.03984375
2 0.5890625 0.128125 0.01484375 0.03359375
2 0.5890625 0.153125 0.0140625 0.03359375
2 0.6046875 0.11875 0.015625 0.03125
2 0.63984375 0.1171875 0.01484375 0.03125
2 0.61953125 0.15078125 0.0140625 0.03203125
2 0.65 0.1453125 0.015625 0.03359375
2 0.66953125 0.12265625 0.0125 0.0296875
2 0.7140625 0.14375 0.015625 0.03125
2 0.63203125 0.19140625 0.01484375 0.04296875
2 0.66484375 0.16875 0.0125 0.03203125
2 0.6203125 0.2734375 0.01875 0.05234375
2 0.56875 0.32265625 0.02578125 0.05546875
2 0.60703125 0.3453125 0.0234375 0.05859375
2 0.66171875 0.38203125 0.02734375 0.06328125
2 0.66328125 0.2296875 0.02109375 0.05234375
2 0.715625 0.19921875 0.0140625 0.03984375
2 0.72421875 0.24296875 0.01875 0.04453125
2 0.759375 0.2140625 0.01484375 0.04453125
2 0.76875 0.27109375 0.02109375 0.04765625
2 0.74765625 0.196875 0.01171875 0.03515625
2 0.7828125 0.1625 0.01484375 0.03828125
2 0.8125 0.18203125 0.01328125 0.03671875
2 0.796875 0.22265625 0.01640625 0.05078125
2 0.81796875 0.221875 0.015625 0.03671875
2 0.81953125 0.28203125 0.0203125 0.05234375
2 0.72890625 0.36875 0.025 0.06796875
2 0.803125 0.42734375 0.02734375 0.07421875
2 0.85859375 0.48125 0.021875 0.07109375
2 0.86328125 0.32578125 0.01875 0.05234375
2 0.8734375 0.38828125 0.021875 0.06015625
2 0.87734375 0.1984375 0.0140625 0.03203125
2 0.87109375 0.22265625 0.015625 0.03515625
2 0.88984375 0.25859375 0.015625 0.04453125
2 0.90234375 0.2359375 0.01328125 0.03671875
2 0.90703125 0.2125 0.0140625 0.03515625
2 0.921875 0.303125 0.0171875 0.04140625
2 0.9375 0.25546875 0.01328125 0.04453125
2 0.9484375 0.23515625 0.0125 0.03203125
2 0.98046875 0.240625 0.01328125 0.03359375
2 0.95 0.43203125 0.02109375 0.05234375
2 0.946875 0.35859375 0.01640625 0.04453125
2 0.9765625 0.34296875 0.0171875 0.04296875
2 0.9765625 0.284375 0.0171875 0.04140625
2 0.96953125 0.31484375 0.0140625 0.03984375
2 0.78671875 0.196875 0.0171875 0.04453125
2 0.69296875 0.15546875 0.01171875 0.03515625
2 0.56171875 0.1296875 0.0125 0.03359375
2 0.46796875 0.14921875 0.01328125 0.03203125
2 0.3578125 0.1984375 0.01484375 0.03203125