2 0.0140625 0.428125 0.02734375 0.05234375
2 0.23359375 0.340625 0.0171875 0.03515625
2 0.25859375 0.371875 0.0203125 0.04375
2 0.290625 0.37421875 0.021875 0.040625
2 0.29140625 0.30546875 0.01953125 0.03828125
2 0.33515625 0.36015625 0.021875 0.040625
2 0.36171875 0.33515625 0.01875 0.03828125
2 0.35703125 0.30078125 0.01328125 0.03359375
2 0.38828125 0.328125 0.01875 0.0328125
2 0.409375 0.33671875 0.02265625 0.03984375
2 0.41328125 0.30078125 0.01953125 0.0296875
2 0.41171875 0.271875 0.015625 0.03125
2 0.39765625 0.2671875 0.01484375 0.0296875
2 0.43359375 0.2515625 0.01640625 0.0328125
2 0.45234375 0.26484375 0.01640625 0.03359375
2 0.4390625 0.36484375 0.02265625 0.046875
2 0.47578125 0.3015625 0.021875 0.03671875
2 0.47890625 0.26640625 0.01484375 0.028125
2 0.47421875 0.2359375 0.015625 0.03515625
2 0.5109375 0.26796875 0.015625 0.028125
2 0.52421875 0.27890625 0.0203125 0.03515625
2 0.5234375 0.2515625 0.0140625 0.0296875
2 0.5375 0.25 0.015625 0.03515625
2 0.5046875 0.32265625 0.01953125 0.03984375
2 0.5609375 0.2796875 0.0171875 0.0328125
2 0.58515625 0.26953125 0.015625 0.03125
2 0.57734375 0.2453125 0.015625 0.028125
2 0.57890625 0.22578125 0.0171875 0.028125
2 0.5625 0.2296875 0.01484375 0.028125
2 0.60390625 0.25 0.01640625 0.028125
2 0.60390625 0.22421875 0.0140625 0.025
2 0.61484375 0.2078125 0.01640625 0.0296875
2 0.5375 0.35546875 0.02578125 0.05390625
2 0.46875 0.4109375 0.0296875 0.0609375
2 0.53359375 0.4296875 0.03515625 0.0546875
2 0.596875 0.45078125 0.0375 0.06640625
2 0.6421875 0.446875 0.034375 0.06796875
2 0.6171875 0.365625 0.021875 0.05078125
2 0.60390625 0.33671875 0.02109375 0.03515625
2 0.6390625 0.30078125 0.0203125 0.0453125
2 0.6390625 0.25 0.015625 0.0328125
2 0.63046875 0.21875 0.0125 0.03125
2 0.6453125 0.228125 0.01640625 0.0328125
2 0.6625 0.2109375 0.0125 0.0265625
2 0.678125 0.225 0.01328125 0.0265625
2 0.70234375 0.2265625 0.0140625 0.0296875
2 0.70859375 0.25 0.015625 0.03125
2 0.68046875 0.271875 0.01640625 0.040625
2 0.65859375 0.3703125 0.025 0.0578125
2 0.65234375 0.340625 0.01875 0.03515625
2 0.69296875 0.35625 0.02421875 0.04375
2 0.73828125 0.4046875 0.02890625 0.05390625
2 0.71796875 0.4828125 0.04140625 0.071875
2 0.7890625 0.42890625 0.02734375 0.05625
2 0.8171875 0.36484375 0.021875 0.0546875
2 0.73046875 0.2890625 0.0171875 0.03671875
2 0.7375 0.2609375 0.015625 0.03359375
2 0.75078125 0.23671875 0.015625 0.02265625
2 0.75234375 0.24921875 0.0125 0.02421875
2 0.7640625 0.2640625 0.0140625 0.028125
2 0.77890625 0.28515625 0.01484375 0.03359375
2 0.78203125 0.24921875 0.01328125 0.02421875
2 0.79296875 0.2484375 0.01328125 0.028125
2 0.81875 0.26796875 0.01640625 0.03125
2 0.82421875 0.31171875 0.01953125 0.03671875
2 0.84609375 0.34296875 0.01953125 0.0453125
2 0.86015625 0.284375 0.01640625 0.0296875
2 0.846875 0.25859375 0.0171875 0.03515625
2 0.8765625 0.253125 0.01171875 0.0328125
2 0.90234375 0.28671875 0.015625 0.03515625
2 0.89140625 0.31796875 0.0171875 0.0328125
2 0.865625 0.37109375 0.025 0.05390625
2 0.8734375 0.34375 0.01796875 0.040625
2 0.85 0.4703125 0.03046875 0.06328125
2 0.82890625 0.5234375 0.0375 0.0734375
2 0.91796875 0.46796875 0.03203125 0.05625
2 0.91875 0.325 0.01953125 0.046875
2 0.9375 0.35 0.02265625 0.03984375
2 0.9390625 0.284375 0.01640625 0.0296875