2 0.06171875 0.30234375 0.0203125 0.0515625
2 0.2890625 0.23359375 0.01875 0.0375
2 0.30859375 0.2328125 0.01484375 0.0359375
2 0.34921875 0.18046875 0.015625 0.03125
2 0.37109375 0.1984375 0.0171875 0.0359375
2 0.359375 0.2203125 0.0203125 0.034375
2 0.36328125 0.24453125 0.01875 0.03984375
2 0.38359375 0.24609375 0.0171875 0.04140625
2 0.41640625 0.1875 0.01875 0.0375
2 0.42734375 0.2046875 0.0171875 0.034375
2 0.42890625 0.23046875 0.0203125 0.04140625
2 0.446875 0.21796875 0.01953125 0.04140625
2 0.4171875 0.140625 0.015625 0.0375
2 0.45 0.1734375 0.0203125 0.04140625
2 0.490625 0.2203125 0.01875 0.04140625
2 0.48515625 0.1828125 0.01875 0.0328125
2 0.4765625 0.13671875 0.01484375 0.02890625
2 0.49140625 0.14609375 0.01171875 0.03125
2 0.51171875 0.121875 0.01171875 0.02421875
2 0.52265625 0.1359375 0.01171875 0.02734375
2 0.51015625 0.14609375 0.0109375 0.02421875
2 0.5125 0.17734375 0.01640625 0.0375
2 0.52578125 0.16484375 0.01640625 0.034375
2 0.5609375 0.1796875 0.01640625 0.0359375
2 0.55859375 0.15546875 0.01328125 0.02578125
2 0.55078125 0.14375 0.01171875 0.02578125
2 0.55703125 0.1203125 0.01328125 0.02734375
2 0.578125 0.12421875 0.0125 0.0328125
2 0.584375 0.1140625 0.01171875 0.02890625
2 0.58828125 0.17265625 0.015625 0.0328125
2 0.59140625 0.1515625 0.01484375 0.03125
2 0.60859375 0.12109375 0.01328125 0.02890625
2 0.62265625 0.14453125 0.0125 0.03125
2 0.63203125 0.128125 0.01328125 0.0328125
2 0.6171875 0.1109375 0.0109375 0.02578125
2 0.63359375 0.10859375 0.0109375 0.0203125
2 0.66171875 0.1390625 0.01640625 0.034375
2 0.66328125 0.11171875 0.01328125 0.02421875
2 0.67109375 0.10546875 0.0109375 0.02578125
2 0.68828125 0.11875 0.01328125 0.02734375
2 0.68984375 0.10078125 0.0125 0.02578125
2 0.7109375 0.10234375 0.0125 0.02578125
2 0.56875 0.23515625 0.0265625 0.05859375
2 0.49609375 0.28515625 0.0328125 0.065625
2 0.54375 0.29453125 0.02890625 0.0703125
2 0.609375 0.234375 0.028125 0.05
2 0.6359375 0.21640625 0.02109375 0.04453125
2 0.61953125 0.2984375 0.03671875 0.05703125
2 0.675 0.24375 0.0234375 0.05859375
2 0.6671875 0.17578125 0.0171875 0.0359375
2 0.70546875 0.15625 0.01640625 0.034375
2 0.71484375 0.1875 0.01640625 0.04140625
2 0.70859375 0.2265625 0.02109375 0.0484375
2 0.725 0.28359375 0.02734375 0.06171875
2 0.6921875 0.30390625 0.02890625 0.0546875
2 0.728125 0.1390625 0.01328125 0.03125
2 0.75078125 0.16484375 0.0171875 0.0375
2 0.75546875 0.19296875 0.01953125 0.04296875
2 0.7546875 0.1375 0.01640625 0.02734375
2 0.8015625 0.1546875 0.01640625 0.034375
2 0.7953125 0.13984375 0.01328125 0.02890625
2 0.80234375 0.22578125 0.0203125 0.05
2 0.77890625 0.2375 0.0234375 0.04453125
2 0.78515625 0.31796875 0.025 0.05859375
2 0.75625 0.37109375 0.03515625 0.06875
2 0.84375 0.371875 0.03125 0.0703125
2 0.83671875 0.30703125 0.0265625 0.06015625
2 0.82578125 0.253125 0.0203125 0.04609375
2 0.8671875 0.2578125 0.02265625 0.05859375
2 0.890625 0.2296875 0.02421875 0.04609375
2 0.940625 0.2140625 0.01640625 0.04609375
2 0.9265625 0.2828125 0.01953125 0.04609375
2 0.9203125 0.321875 0.0234375 0.06015625
2 0.9109375 0.42421875 0.0390625 0.07578125