2 0.203125 0.45078125 0.05 0.1140625
2 0.240625 0.37109375 0.04140625 0.10234375
2 0.26171875 0.20859375 0.02109375 0.03671875
2 0.33046875 0.28203125 0.025 0.04140625
2 0.34921875 0.26015625 0.0234375 0.0328125
2 0.42578125 0.27421875 0.02734375 0.04453125
2 0.42421875 0.21484375 0.01875 0.03671875
2 0.44296875 0.2203125 0.0171875 0.03984375
2 0.403125 0.190625 0.025 0.0328125
2 0.45234375 0.184375 0.01953125 0.03125
2 0.47109375 0.18671875 0.0140625 0.03984375
2 0.4828125 0.18984375 0.01875 0.03125
2 0.4546875 0.1546875 0.01640625 0.025
2 0.46796875 0.15390625 0.01640625 0.0265625
2 0.4828125 0.134375 0.0140625 0.0265625
2 0.50625 0.17109375 0.01796875 0.03125
2 0.5296875 0.14375 0.01796875 0.03671875
2 0.5203125 0.21015625 0.021875 0.03671875
2 0.55625 0.15390625 0.0140625 0.0265625
2 0.48203125 0.31796875 0.0265625 0.053125
2 0.57578125 0.1609375 0.01328125 0.0296875
2 0.565625 0.1171875 0.01484375 0.0265625
2 0.61953125 0.10234375 0.01796875 0.0296875
2 0.65546875 0.1046875 0.01796875 0.0296875
2 0.69375 0.09453125 0.0140625 0.0296875
2 0.621875 0.2453125 0.025 0.03984375
2 0.66015625 0.2546875 0.02578125 0.04609375
2 0.6828125 0.15625 0.0171875 0.03828125
2 0.69765625 0.178125 0.01953125 0.04140625
2 0.70703125 0.1484375 0.01484375 0.03515625
2 0.7265625 0.165625 0.01484375 0.0328125
2 0.74453125 0.146875 0.01328125 0.03515625
2 0.74609375 0.1078125 0.01328125 0.0265625
2 0.7546875 0.16796875 0.01484375 0.03125
2 0.715625 0.2765625 0.03046875 0.053125
2 0.76875 0.303125 0.028125 0.05625
2 0.7953125 0.18203125 0.01875 0.0328125
2 0.80703125 0.12734375 0.0125 0.0265625
2 0.84453125 0.18671875 0.01875 0.03984375
2 0.86953125 0.22578125 0.01796875 0.04765625