2 0.5421875 0.28671875 0.0265625 0.06640625
2 0.52578125 0.26796875 0.021875 0.0578125
2 0.54140625 0.19453125 0.01796875 0.040625
2 0.6171875 0.203125 0.02109375 0.04765625
2 0.6578125 0.25234375 0.02265625 0.0546875
2 0.6671875 0.22265625 0.01796875 0.04375
2 0.67109375 0.19921875 0.01484375 0.04375
2 0.70234375 0.20234375 0.0171875 0.03828125
2 0.74140625 0.21015625 0.015625 0.040625
2 0.76953125 0.23984375 0.02109375 0.05078125
2 0.81953125 0.24921875 0.01953125 0.05234375
2 0.7171875 0.3015625 0.02265625 0.0546875
2 0.73359375 0.35078125 0.025 0.07578125
2 0.83125 0.40390625 0.02890625 0.0734375
2 0.871875 0.43359375 0.0328125 0.0828125