2 0.1765625 0.478125 0.04609375 0.090625
2 0.38984375 0.2703125 0.01953125 0.0359375
2 0.3984375 0.22109375 0.01640625 0.03046875
2 0.4578125 0.22265625 0.0203125 0.04296875
2 0.41484375 0.1609375 0.01640625 0.03203125
2 0.36015625 0.19453125 0.01796875 0.02421875
2 0.35703125 0.2296875 0.01640625 0.034375
2 0.484375 0.1390625 0.01328125 0.02890625
2 0.51015625 0.12578125 0.01328125 0.034375
2 0.53046875 0.11875 0.01640625 0.02578125
2 0.5640625 0.12578125 0.01171875 0.03046875
2 0.58359375 0.121875 0.0171875 0.02890625
2 0.5609375 0.17734375 0.01640625 0.03046875
2 0.4765625 0.3375 0.028125 0.04765625
2 0.5328125 0.32265625 0.021875 0.04921875
2 0.60390625 0.25859375 0.0234375 0.0578125
2 0.653125 0.2234375 0.02578125 0.04765625
2 0.68515625 0.340625 0.0359375 0.06796875
2 0.70078125 0.253125 0.025 0.06328125
2 0.765625 0.27265625 0.02734375 0.06484375
2 0.821875 0.30234375 0.02421875 0.06328125
2 0.8984375 0.29296875 0.0234375 0.0578125
2 0.9234375 0.15234375 0.0125 0.03203125
2 0.89765625 0.1453125 0.01484375 0.02890625
2 0.86875 0.11953125 0.01328125 0.03046875
2 0.8296875 0.0765625 0.0171875 0.03046875