2 0.4125 0.2125 0.01875 0.04375
2 0.53984375 0.18203125 0.028125 0.0515625
2 0.58203125 0.23125 0.02578125 0.046875
2 0.62421875 0.12734375 0.015625 0.03046875
2 0.6390625 0.1328125 0.015625 0.03515625
2 0.64921875 0.11875 0.0140625 0.03671875
2 0.75 0.134375 0.01640625 0.03984375
2 0.76796875 0.13984375 0.0140625 0.03828125
2 0.86796875 0.18984375 0.01640625 0.03828125
2 0.8890625 0.246875 0.0203125 0.0484375
2 0.89140625 0.21171875 0.01640625 0.03515625
2 0.915625 0.2453125 0.0203125 0.0484375