2 0.40546875 0.3015625 0.021875 0.04375
2 0.35 0.259375 0.0171875 0.03203125
2 0.340625 0.22578125 0.01640625 0.03125
2 0.3125 0.23046875 0.0140625 0.03125
2 0.3984375 0.20078125 0.01640625 0.03671875
2 0.43828125 0.25 0.02265625 0.03671875
2 0.41953125 0.221875 0.01640625 0.03359375
2 0.48203125 0.20546875 0.01875 0.040625
2 0.46875 0.16328125 0.015625 0.03359375
2 0.5234375 0.1953125 0.01875 0.03671875
2 0.5234375 0.1515625 0.0140625 0.028125
2 0.56171875 0.17578125 0.01640625 0.03125
2 0.56171875 0.14296875 0.01328125 0.03125
2 0.58671875 0.15078125 0.0140625 0.03203125
2 0.58828125 0.06640625 0.0140625 0.0296875
2 0.55078125 0.2953125 0.02421875 0.0390625
2 0.584375 0.25078125 0.0234375 0.04375
2 0.6515625 0.2609375 0.02265625 0.05078125
2 0.66484375 0.209375 0.01640625 0.03671875
2 0.66015625 0.17265625 0.015625 0.025
2 0.69921875 0.253125 0.0234375 0.03671875
2 0.7328125 0.26484375 0.02421875 0.04921875
2 0.75390625 0.22578125 0.01640625 0.0390625
2 0.79765625 0.27421875 0.0265625 0.05078125
2 0.81328125 0.23671875 0.01875 0.04375
2 0.7734375 0.2 0.0140625 0.03203125
2 0.75703125 0.17734375 0.015625 0.03203125
2 0.7296875 0.16328125 0.0171875 0.03671875
2 0.76484375 0.12734375 0.0109375 0.03203125
2 0.80078125 0.12890625 0.01171875 0.03359375
2 0.8296875 0.08671875 0.01484375 0.03125
2 0.80390625 0.171875 0.0125 0.03203125
2 0.84296875 0.18828125 0.0109375 0.03359375
2 0.82578125 0.21640625 0.015625 0.03359375
2 0.8640625 0.22734375 0.01484375 0.05078125
2 0.87421875 0.21953125 0.0140625 0.04375
2 0.86640625 0.1421875 0.01171875 0.03359375
2 0.92890625 0.096875 0.01015625 0.028125
2 0.896875 0.27109375 0.03046875 0.06484375