2 0.08125 0.53125 0.06484375 0.128125
2 0.26015625 0.284375 0.02109375 0.03671875
2 0.28828125 0.26875 0.01640625 0.0453125
2 0.30078125 0.26171875 0.01953125 0.04140625
2 0.321875 0.275 0.01875 0.03828125
2 0.34375 0.2796875 0.0203125 0.03671875
2 0.4 0.28984375 0.025 0.053125
2 0.31484375 0.2234375 0.01640625 0.03828125
2 0.32578125 0.24921875 0.015625 0.0296875
2 0.346875 0.2265625 0.01953125 0.03359375
2 0.3734375 0.2328125 0.0203125 0.03671875
2 0.37421875 0.21484375 0.01484375 0.0296875
2 0.3765625 0.19765625 0.01171875 0.0234375
2 0.40859375 0.22734375 0.01875 0.03125
2 0.4484375 0.2203125 0.0171875 0.0453125
2 0.40859375 0.17421875 0.015625 0.03515625
2 0.421875 0.190625 0.01953125 0.025
2 0.46171875 0.1921875 0.015625 0.03125
2 0.484375 0.19140625 0.0234375 0.03984375
2 0.46640625 0.1578125 0.01484375 0.0296875
2 0.44765625 0.15078125 0.015625 0.028125
2 0.48046875 0.13671875 0.01171875 0.0265625
2 0.53046875 0.13515625 0.0203125 0.03984375
2 0.54609375 0.15546875 0.0171875 0.03515625
2 0.56484375 0.165625 0.01953125 0.03828125
2 0.5796875 0.14921875 0.015625 0.028125
2 0.5640625 0.1078125 0.01640625 0.0265625
2 0.584375 0.0984375 0.01484375 0.0296875
2 0.58984375 0.11640625 0.01328125 0.0265625
2 0.58671875 0.13203125 0.0140625 0.03125
2 0.61640625 0.1140625 0.01640625 0.028125
2 0.6203125 0.09453125 0.01484375 0.0296875
2 0.63515625 0.12421875 0.015625 0.03125
2 0.6484375 0.09921875 0.0171875 0.03125
2 0.684375 0.10234375 0.0140625 0.03515625
2 0.66484375 0.12265625 0.01171875 0.025
2 0.62421875 0.14921875 0.01875 0.03515625
2 0.53203125 0.20390625 0.021875 0.0453125
2 0.490625 0.22890625 0.025 0.0453125
2 0.4890625 0.309375 0.03125 0.06953125
2 0.55234375 0.3171875 0.03203125 0.06171875
2 0.603125 0.3296875 0.03359375 0.06640625
2 0.671875 0.34140625 0.03671875 0.06953125
2 0.5625 0.24375 0.0234375 0.0484375
2 0.60234375 0.259375 0.0265625 0.05625
2 0.59921875 0.19765625 0.0203125 0.04296875
2 0.640625 0.18046875 0.02421875 0.0484375
2 0.6578125 0.259375 0.02421875 0.05625
2 0.6578125 0.20625 0.0234375 0.046875
2 0.6953125 0.225 0.02421875 0.053125
2 0.70703125 0.2890625 0.02734375 0.0515625
2 0.77578125 0.2890625 0.0296875 0.06484375
2 0.74765625 0.2265625 0.02578125 0.06953125
2 0.7390625 0.18125 0.02578125 0.046875
2 0.71015625 0.18359375 0.01953125 0.0515625
2 0.6828125 0.1578125 0.02578125 0.05
2 0.71953125 0.1421875 0.02109375 0.04140625
2 0.73359375 0.12421875 0.01640625 0.03515625
2 0.74296875 0.125 0.01484375 0.03359375
2 0.765625 0.1265625 0.01484375 0.03359375
2 0.77265625 0.11953125 0.01484375 0.03359375
2 0.78984375 0.1359375 0.0140625 0.03515625
2 0.79609375 0.175 0.0265625 0.05
2 0.75625 0.159375 0.0171875 0.03359375
2 0.809375 0.24296875 0.02734375 0.05
2 0.81953125 0.1671875 0.0171875 0.03828125
2 0.809375 0.1296875 0.015625 0.03359375
2 0.82890625 0.1484375 0.01640625 0.03671875
2 0.84375 0.184375 0.01875 0.03984375
2 0.8640625 0.225 0.0234375 0.053125
2 0.92109375 0.2875 0.0296875 0.06328125
2 0.88046875 0.19453125 0.0203125 0.04296875
2 0.859375 0.159375 0.01640625 0.0296875
2 0.865625 0.12734375 0.015625 0.03515625
2 0.89140625 0.13046875 0.01171875 0.03515625
2 0.88984375 0.16953125 0.01640625 0.04296875
2 0.91796875 0.20703125 0.01875 0.04140625
2 0.9203125 0.18046875 0.01484375 0.028125
2 0.91796875 0.15546875 0.0140625 0.025