2 0.13046875 0.34921875 0.040625 0.06953125
2 0.30625 0.23671875 0.0171875 0.03515625
2 0.31171875 0.2109375 0.01640625 0.03671875
2 0.353125 0.196875 0.0171875 0.03515625
2 0.35390625 0.18125 0.01328125 0.03515625
2 0.37421875 0.1984375 0.01875 0.04140625
2 0.36328125 0.22421875 0.01953125 0.03515625
2 0.37734375 0.23984375 0.0203125 0.04140625
2 0.40859375 0.23046875 0.0203125 0.04375
2 0.41484375 0.1953125 0.01640625 0.03984375
2 0.41640625 0.15703125 0.015625 0.02578125
2 0.4296875 0.22890625 0.01875 0.04375
2 0.4453125 0.22109375 0.01640625 0.0453125
2 0.546875 0.290625 0.03046875 0.0625
2 0.5890625 0.2296875 0.02265625 0.0453125
2 0.621875 0.21640625 0.0203125 0.03671875
2 0.6328125 0.2375 0.02734375 0.05390625
2 0.56171875 0.17890625 0.0203125 0.03125
2 0.590625 0.16640625 0.015625 0.03671875
2 0.59609375 0.15234375 0.0171875 0.03671875
2 0.62265625 0.146875 0.015625 0.0296875
2 0.62734375 0.12734375 0.015625 0.028125
2 0.63828125 0.31875 0.025 0.0609375
2 0.7015625 0.3078125 0.03125 0.059375
2 0.6890625 0.24765625 0.0234375 0.05390625
2 0.67109375 0.171875 0.01875 0.03515625
2 0.703125 0.15078125 0.01328125 0.0328125
2 0.7578125 0.36015625 0.02890625 0.07265625
2 0.75078125 0.2875 0.02265625 0.0609375
2 0.71875 0.2171875 0.02265625 0.0484375
2 0.71875 0.18125 0.0171875 0.04140625
2 0.734375 0.140625 0.01484375 0.03515625
2 0.753125 0.13359375 0.01328125 0.028125
2 0.75859375 0.15390625 0.01484375 0.03671875
2 0.74765625 0.16875 0.015625 0.03515625
2 0.76171875 0.18515625 0.01875 0.03671875
2 0.77421875 0.2234375 0.0203125 0.04375
2 0.7984375 0.20234375 0.01953125 0.03671875
2 0.796875 0.13515625 0.01484375 0.0328125
2 0.81328125 0.15625 0.015625 0.03828125
2 0.82109375 0.24921875 0.01953125 0.05078125
2 0.840625 0.33046875 0.0265625 0.0625
2 0.78359375 0.30859375 0.02890625 0.05703125
2 0.828125 0.41640625 0.03046875 0.06796875
2 0.90859375 0.45234375 0.03671875 0.0796875
2 0.9265625 0.33046875 0.0265625 0.059375
2 0.87578125 0.27734375 0.02265625 0.046875
2 0.896875 0.225 0.0171875 0.04375
2 0.92890625 0.2796875 0.01875 0.0625
2 0.93671875 0.22265625 0.0171875 0.0484375
2 0.44609375 0.15859375 0.0171875 0.03125
2 0.45546875 0.1609375 0.01640625 0.03671875
2 0.48125 0.18515625 0.0171875 0.03671875
2 0.48671875 0.21328125 0.02109375 0.04375
2 0.51328125 0.18515625 0.0171875 0.03984375
2 0.471875 0.13515625 0.01328125 0.02578125
2 0.4828125 0.1375 0.01171875 0.02421875
2 0.490625 0.14296875 0.0125 0.02421875
2 0.4953125 0.1484375 0.01171875 0.0328125
2 0.5125 0.1453125 0.01328125 0.02578125
2 0.50859375 0.11796875 0.01171875 0.02421875
2 0.52890625 0.12421875 0.01328125 0.02578125
2 0.52890625 0.1625 0.01484375 0.03671875
2 0.55234375 0.14140625 0.0109375 0.0296875
2 0.5578125 0.121875 0.01328125 0.028125
2 0.5578125 0.1625 0.01328125 0.03671875
2 0.5828125 0.14296875 0.01484375 0.03515625
2 0.58203125 0.1203125 0.0109375 0.028125
2 0.5890625 0.11328125 0.0125 0.028125
2 0.6109375 0.11796875 0.01640625 0.03125
2 0.61640625 0.1109375 0.0125 0.03125
2 0.6421875 0.10703125 0.0125 0.0296875
2 0.6484375 0.13046875 0.015625 0.03125
2 0.66328125 0.1140625 0.01328125 0.0296875
2 0.67734375 0.1015625 0.0125 0.02578125
2 0.69140625 0.121875 0.01484375 0.028125
2 0.7171875 0.1171875 0.01171875 0.02578125