2 0.06015625 0.496875 0.0390625 0.07890625
2 0.2875 0.23203125 0.01796875 0.03359375
2 0.2875 0.2625 0.01640625 0.03671875
2 0.30234375 0.26328125 0.01875 0.03828125
2 0.35390625 0.259375 0.02421875 0.03828125
2 0.34140625 0.20859375 0.015625 0.03359375
2 0.35546875 0.2078125 0.01640625 0.03828125
2 0.36875 0.2203125 0.0171875 0.03671875
2 0.39921875 0.278125 0.021875 0.0421875
2 0.3890625 0.2734375 0.0203125 0.05234375
2 0.41171875 0.21171875 0.01796875 0.03671875
2 0.3984375 0.178125 0.01640625 0.03359375
2 0.3859375 0.1828125 0.01640625 0.03671875
2 0.42265625 0.1875 0.0171875 0.03515625
2 0.4546875 0.17578125 0.015625 0.03515625
2 0.4671875 0.22109375 0.0203125 0.0453125
2 0.49453125 0.2203125 0.02421875 0.040625
2 0.47109375 0.15546875 0.0171875 0.03515625
2 0.475 0.134375 0.0140625 0.0265625
2 0.50234375 0.15546875 0.0171875 0.03203125
2 0.49296875 0.125 0.0125 0.021875
2 0.4859375 0.178125 0.0171875 0.03671875
2 0.52265625 0.17890625 0.0171875 0.03515625
2 0.5390625 0.1921875 0.025 0.0421875
2 0.5484375 0.15546875 0.01640625 0.03203125
2 0.5734375 0.1375 0.01328125 0.03046875
2 0.575 0.109375 0.01640625 0.03046875
2 0.5796875 0.16171875 0.0171875 0.03046875
2 0.59921875 0.11484375 0.0140625 0.03203125
2 0.60625 0.13203125 0.01640625 0.025
2 0.6265625 0.1140625 0.0125 0.03046875
2 0.63203125 0.134375 0.01640625 0.03046875
2 0.65859375 0.11796875 0.015625 0.03671875
2 0.6953125 0.11328125 0.01328125 0.02890625
2 0.70234375 0.13984375 0.0171875 0.03671875
2 0.7234375 0.1375 0.0171875 0.03671875
2 0.684375 0.16796875 0.01796875 0.03046875
2 0.67109375 0.19921875 0.01875 0.03828125
2 0.6375 0.19765625 0.02265625 0.0484375
2 0.58984375 0.21875 0.02578125 0.05390625
2 0.590625 0.28125 0.028125 0.05546875
2 0.521875 0.28984375 0.02578125 0.0484375
2 0.6203125 0.2546875 0.028125 0.05546875
2 0.6484375 0.2984375 0.03671875 0.05859375
2 0.6953125 0.24609375 0.0296875 0.05546875
2 0.71875 0.21015625 0.021875 0.04375
2 0.72109375 0.17421875 0.01640625 0.03515625
2 0.7375 0.1671875 0.0171875 0.03515625
2 0.7625 0.184375 0.0203125 0.0421875
2 0.7859375 0.19609375 0.021875 0.0453125
2 0.7796875 0.15625 0.01640625 0.03046875
2 0.76484375 0.13984375 0.0140625 0.0265625
2 0.76640625 0.11015625 0.0140625 0.02890625
2 0.78046875 0.1203125 0.0140625 0.03203125
2 0.790625 0.13515625 0.015625 0.03515625
2 0.81171875 0.1578125 0.021875 0.03359375
2 0.828125 0.12109375 0.01796875 0.03046875
2 0.83046875 0.14296875 0.015625 0.03046875
2 0.84765625 0.14296875 0.01640625 0.03046875
2 0.8578125 0.1734375 0.01640625 0.03359375
2 0.8640625 0.15390625 0.015625 0.03515625
2 0.8484375 0.20625 0.01875 0.0421875
2 0.77109375 0.2515625 0.02578125 0.0484375
2 0.73984375 0.28125 0.028125 0.0625
2 0.7875 0.296875 0.03046875 0.05234375
2 0.8625 0.2875 0.02890625 0.05390625
2 0.88125 0.2265625 0.025 0.05078125
2 0.9109375 0.20625 0.02265625 0.0421875
2 0.90859375 0.165625 0.0140625 0.03515625
2 0.91328125 0.14765625 0.015625 0.0265625
2 0.94609375 0.23203125 0.02265625 0.040625
2 0.93984375 0.27578125 0.02421875 0.05390625