2 0.95078125 0.23203125 0.01484375 0.040625
2 0.68125 0.16875 0.01484375 0.040625
2 0.68828125 0.2234375 0.0203125 0.040625
2 0.63359375 0.21875 0.02109375 0.0453125
2 0.63359375 0.26171875 0.025 0.05078125
2 0.571875 0.16015625 0.01640625 0.03359375
2 0.57109375 0.18984375 0.01796875 0.03671875
2 0.4171875 0.225 0.01875 0.040625
2 0.4609375 0.2203125 0.01640625 0.03515625
2 0.31875 0.15078125 0.0171875 0.03515625
2 0.1921875 0.2328125 0.0203125 0.0421875
2 0.10703125 0.2453125 0.01640625 0.03828125