2 0.1453125 0.28984375 0.01640625 0.04296875
2 0.1859375 0.2734375 0.0296875 0.05703125
2 0.24765625 0.23125 0.02265625 0.0359375
2 0.271875 0.2203125 0.02421875 0.0484375
2 0.29453125 0.22421875 0.0265625 0.05
2 0.3140625 0.21796875 0.025 0.0515625
2 0.33046875 0.20703125 0.01328125 0.0359375
2 0.4 0.19296875 0.02578125 0.05
2 0.3234375 0.31015625 0.04296875 0.08828125
2 0.41953125 0.2203125 0.03046875 0.0625
2 0.49296875 0.2484375 0.03515625 0.0640625
2 0.521875 0.26640625 0.03984375 0.06953125
2 0.5890625 0.2828125 0.0375 0.06796875