2 0.140625 0.26484375 0.01875 0.0375
2 0.1421875 0.4078125 0.05546875 0.09296875
2 0.321875 0.23203125 0.01875 0.03203125
2 0.378125 0.2 0.021875 0.0359375
2 0.39140625 0.24609375 0.01953125 0.0359375
2 0.41875 0.246875 0.01875 0.040625
2 0.446875 0.26796875 0.01875 0.0375
2 0.4703125 0.20078125 0.015625 0.03046875
2 0.46640625 0.18828125 0.0140625 0.0234375
2 0.5171875 0.2234375 0.0203125 0.040625
2 0.5515625 0.228125 0.0203125 0.0390625
2 0.57265625 0.1609375 0.01640625 0.03046875
2 0.6015625 0.26953125 0.021875 0.04296875
2 0.63046875 0.284375 0.025 0.05546875
2 0.7 0.1953125 0.015625 0.03046875
2 0.70859375 0.22109375 0.01875 0.0359375
2 0.7328125 0.20703125 0.01953125 0.0359375
2 0.74921875 0.23984375 0.01953125 0.0375
2 0.7765625 0.2140625 0.01875 0.0359375
2 0.78828125 0.2484375 0.01875 0.040625
2 0.8265625 0.29609375 0.021875 0.05
2 0.8625 0.309375 0.025 0.05859375
2 0.9203125 0.3015625 0.01953125 0.04296875
2 0.94296875 0.23359375 0.015625 0.04609375