2 0.21171875 0.4546875 0.05 0.0984375
2 0.24609375 0.4296875 0.04609375 0.0890625
2 0.3078125 0.27890625 0.021875 0.0421875
2 0.359375 0.259375 0.01953125 0.03828125
2 0.4296875 0.26640625 0.025 0.05234375
2 0.415625 0.22265625 0.01953125 0.03828125
2 0.4390625 0.21875 0.0171875 0.03828125
2 0.44140625 0.178125 0.0171875 0.03828125
2 0.46484375 0.18671875 0.0203125 0.04609375
2 0.44140625 0.14140625 0.01484375 0.03203125
2 0.46328125 0.1484375 0.01484375 0.03046875
2 0.5203125 0.13515625 0.015625 0.0359375
2 0.54765625 0.1453125 0.0171875 0.0359375
2 0.56953125 0.15234375 0.0171875 0.034375
2 0.52734375 0.19765625 0.01953125 0.04453125
2 0.47109375 0.321875 0.025 0.0546875
2 0.64375 0.2546875 0.02890625 0.05859375
2 0.71796875 0.27421875 0.0296875 0.06015625
2 0.7703125 0.27890625 0.03203125 0.05859375
2 0.67421875 0.14609375 0.0203125 0.03828125
2 0.703125 0.1453125 0.0171875 0.03203125
2 0.72421875 0.15390625 0.01796875 0.0421875
2 0.7375 0.13828125 0.021875 0.0421875
2 0.75625 0.15859375 0.015625 0.03828125
2 0.7890625 0.18046875 0.01953125 0.04609375
2 0.79921875 0.11875 0.01484375 0.028125
2 0.8703125 0.2109375 0.02421875 0.05078125