2 0.4 0.24375 0.021875 0.0421875
2 0.3890625 0.23984375 0.015625 0.03359375
2 0.37578125 0.20078125 0.0234375 0.04765625
2 0.41640625 0.1984375 0.0171875 0.03515625
2 0.43046875 0.2015625 0.0171875 0.0421875
2 0.44921875 0.2484375 0.025 0.0546875
2 0.4703125 0.209375 0.01953125 0.040625
2 0.43203125 0.16875 0.0140625 0.028125
2 0.41171875 0.1625 0.0125 0.03671875
2 0.46171875 0.16484375 0.015625 0.03125
2 0.496875 0.1984375 0.021875 0.03828125
2 0.515625 0.22109375 0.02109375 0.0421875
2 0.53125 0.19765625 0.01953125 0.05078125
2 0.553125 0.165625 0.01796875 0.03671875
2 0.5359375 0.15546875 0.01484375 0.040625
2 0.528125 0.14375 0.0125 0.028125
2 0.49453125 0.1203125 0.0125 0.02265625
2 0.48515625 0.153125 0.015625 0.03671875
2 0.4640625 0.1421875 0.0140625 0.028125
2 0.490625 0.140625 0.0171875 0.02421875
2 0.55859375 0.128125 0.00859375 0.02421875
2 0.57421875 0.140625 0.0171875 0.03515625
2 0.60078125 0.16328125 0.01796875 0.03125
2 0.59921875 0.134375 0.0125 0.0265625
2 0.5984375 0.11328125 0.0140625 0.0265625
2 0.621875 0.1 0.0125 0.02109375
2 0.621875 0.12578125 0.01171875 0.02265625
2 0.64765625 0.146875 0.0171875 0.03359375
2 0.6546875 0.11015625 0.0171875 0.03125
2 0.68984375 0.12109375 0.015625 0.03125
2 0.703125 0.1140625 0.01484375 0.03125
2 0.62421875 0.2125 0.01796875 0.03828125
2 0.60546875 0.25546875 0.0296875 0.0578125
2 0.56015625 0.26953125 0.02578125 0.04765625
2 0.63203125 0.29453125 0.03671875 0.05234375
2 0.68125 0.35546875 0.034375 0.06875
2 0.75703125 0.34375 0.05078125 0.10546875
2 0.74140625 0.26875 0.03046875 0.06640625
2 0.75546875 0.24140625 0.025 0.05078125
2 0.75546875 0.19453125 0.02109375 0.03828125
2 0.74375 0.16328125 0.0171875 0.03828125
2 0.725 0.1515625 0.0171875 0.03359375
2 0.71640625 0.15859375 0.015625 0.03671875
2 0.71484375 0.19765625 0.0171875 0.03671875
2 0.678125 0.1859375 0.01953125 0.0421875
2 0.75703125 0.1375 0.0125 0.0296875
2 0.78125 0.13125 0.0125 0.03515625
2 0.79140625 0.15625 0.0140625 0.03828125
2 0.8015625 0.1765625 0.01875 0.040625
2 0.79375 0.20859375 0.0171875 0.03828125
2 0.81953125 0.27265625 0.02265625 0.05078125
2 0.8421875 0.22109375 0.015625 0.03828125
2 0.82578125 0.18125 0.015625 0.04375
2 0.8390625 0.159375 0.01875 0.03828125
2 0.85625 0.1828125 0.01484375 0.03515625
2 0.87734375 0.17421875 0.015625 0.03359375
2 0.87109375 0.259375 0.02109375 0.05234375
2 0.8578125 0.31640625 0.025 0.06171875
2 0.92421875 0.31875 0.0265625 0.0546875
2 0.88515625 0.2421875 0.01796875 0.0453125
2 0.90390625 0.21875 0.015625 0.040625
2 0.89609375 0.1921875 0.0125 0.0296875
2 0.9359375 0.1671875 0.0171875 0.03671875
2 0.93984375 0.196875 0.0140625 0.03515625
2 0.94453125 0.21875 0.01953125 0.03359375
2 0.9296875 0.24453125 0.01484375 0.040625