2 0.60625 0.10390625 0.01171875 0.02890625
2 0.4265625 0.19609375 0.0171875 0.0390625
2 0.4578125 0.19765625 0.01953125 0.0421875
2 0.64921875 0.12109375 0.01484375 0.02734375
2 0.659375 0.1421875 0.0125 0.02734375
2 0.74921875 0.14296875 0.01484375 0.02890625
2 0.765625 0.146875 0.0140625 0.03046875
2 0.821875 0.2546875 0.0203125 0.0453125
2 0.8671875 0.18359375 0.01171875 0.03046875
2 0.8875 0.2140625 0.01484375 0.03203125
2 0.88671875 0.246875 0.01640625 0.046875
2 0.91171875 0.2484375 0.015625 0.034375
2 0.93671875 0.1875 0.0125 0.03046875
2 0.61953125 0.1375 0.01484375 0.02890625