2 0.13671875 0.46328125 0.040625 0.08203125
2 0.21328125 0.3421875 0.015625 0.02734375
2 0.253125 0.3546875 0.025 0.03359375
2 0.2796875 0.29921875 0.01640625 0.03046875
2 0.31015625 0.33046875 0.02109375 0.03984375
2 0.32578125 0.34921875 0.0234375 0.05546875
2 0.3453125 0.32109375 0.01484375 0.03046875
2 0.3484375 0.28671875 0.015625 0.03046875
2 0.3765625 0.32421875 0.0171875 0.0359375
2 0.40390625 0.32421875 0.01796875 0.0359375
2 0.396875 0.29765625 0.01640625 0.03046875
2 0.3796875 0.26484375 0.01484375 0.03046875
2 0.41875 0.25703125 0.0140625 0.02109375
2 0.42734375 0.29765625 0.01328125 0.03046875
2 0.44140625 0.24609375 0.0109375 0.02109375
2 0.4609375 0.259375 0.01640625 0.03359375
2 0.48671875 0.253125 0.0125 0.02890625
2 0.49296875 0.24453125 0.0109375 0.01796875
2 0.51015625 0.2390625 0.01484375 0.0234375
2 0.509375 0.26875 0.0140625 0.02734375
2 0.490625 0.31875 0.01796875 0.0359375
2 0.4546875 0.30625 0.01484375 0.025
2 0.440625 0.340625 0.02109375 0.02734375
2 0.45078125 0.409375 0.02421875 0.0484375
2 0.52578125 0.39921875 0.02265625 0.04296875
2 0.54453125 0.34453125 0.0203125 0.04296875
2 0.56171875 0.27578125 0.015625 0.02734375
2 0.53359375 0.2421875 0.01328125 0.02734375
2 0.5421875 0.2203125 0.01171875 0.01953125
2 0.55703125 0.215625 0.01015625 0.01796875
2 0.55625 0.23828125 0.01171875 0.02734375
2 0.57734375 0.24296875 0.0140625 0.0265625
2 0.584375 0.221875 0.01171875 0.025
2 0.5953125 0.20078125 0.01015625 0.01953125
2 0.603125 0.2140625 0.01171875 0.02109375
2 0.6078125 0.2078125 0.01015625 0.01640625
2 0.6171875 0.2421875 0.01171875 0.021875
2 0.63359375 0.2140625 0.0109375 0.01796875
2 0.634375 0.23359375 0.0109375 0.0234375
2 0.63984375 0.22265625 0.009375 0.01953125
2 0.65234375 0.22578125 0.0109375 0.02734375
2 0.6625 0.22421875 0.0109375 0.02734375
2 0.65703125 0.259375 0.0125 0.03203125
2 0.6140625 0.28828125 0.015625 0.03046875
2 0.58046875 0.3140625 0.01953125 0.04140625
2 0.63515625 0.325 0.01484375 0.03203125
2 0.6421875 0.35390625 0.02265625 0.05390625
2 0.66640625 0.34140625 0.01953125 0.03984375
2 0.56171875 0.4234375 0.028125 0.059375
2 0.62265625 0.4578125 0.02890625 0.059375
2 0.571875 0.4078125 0.01875 0.03203125
2 0.678125 0.50859375 0.02734375 0.0640625
2 0.7140625 0.39296875 0.02109375 0.04296875
2 0.7484375 0.42109375 0.021875 0.05234375
2 0.7875 0.5140625 0.02421875 0.06953125
2 0.81640625 0.43203125 0.02265625 0.05
2 0.7828125 0.36796875 0.01875 0.0484375
2 0.88046875 0.44921875 0.0234375 0.0515625
2 0.86796875 0.403125 0.02109375 0.04140625
2 0.8328125 0.36796875 0.0203125 0.05390625
2 0.85078125 0.34765625 0.01875 0.04140625
2 0.89765625 0.3453125 0.01640625 0.03984375
2 0.8703125 0.32265625 0.015625 0.03359375
2 0.89296875 0.31171875 0.0125 0.025
2 0.90390625 0.30703125 0.01328125 0.02890625
2 0.90078125 0.2671875 0.0140625 0.03046875
2 0.86640625 0.28359375 0.01484375 0.0390625
2 0.8171875 0.31640625 0.01875 0.0375
2 0.80078125 0.34140625 0.01953125 0.034375
2 0.778125 0.2984375 0.015625 0.02890625
2 0.7921875 0.26875 0.01484375 0.02734375
2 0.8125 0.25703125 0.0125 0.02109375
2 0.825 0.27890625 0.0125 0.0234375
2 0.83203125 0.259375 0.0109375 0.021875
2 0.84296875 0.25078125 0.01171875 0.02734375
2 0.740625 0.28203125 0.0125 0.0375
2 0.7515625 0.25859375 0.01328125 0.03203125
2 0.75703125 0.228125 0.01484375 0.02890625
2 0.73046875 0.2234375 0.0125 0.02890625
2 0.7171875 0.23984375 0.0125 0.03046875
2 0.72265625 0.25625 0.01328125 0.02734375
2 0.70078125 0.278125 0.01640625 0.0359375
2 0.684375 0.25546875 0.01484375 0.034375