2 0.815625 0.38984375 0.03984375 0.0921875
2 0.8703125 0.2546875 0.01953125 0.05
2 0.828125 0.246875 0.01953125 0.05
2 0.75703125 0.28125 0.03203125 0.0734375
2 0.7296875 0.3078125 0.02265625 0.05
2 0.56015625 0.18203125 0.01796875 0.040625
2 0.6234375 0.20234375 0.01875 0.040625
2 0.628125 0.23359375 0.01953125 0.04765625
2 0.68203125 0.17890625 0.01796875 0.0421875
2 0.684375 0.203125 0.01875 0.04609375
2 0.7 0.25546875 0.02421875 0.05859375
2 0.725 0.19140625 0.01640625 0.03671875
2 0.3703125 0.16328125 0.01484375 0.0296875
2 0.4078125 0.15546875 0.01640625 0.03828125
2 0.20859375 0.31796875 0.03671875 0.09921875