2 0.24296875 0.43671875 0.0484375 0.09609375
2 0.278125 0.246875 0.01640625 0.028125
2 0.30390625 0.240625 0.01640625 0.03359375
2 0.325 0.2484375 0.01796875 0.0359375
2 0.34453125 0.25 0.0203125 0.04453125
2 0.3328125 0.21796875 0.01875 0.03046875
2 0.3265625 0.2078125 0.01640625 0.02109375
2 0.3203125 0.24453125 0.01328125 0.025
2 0.38046875 0.25625 0.0203125 0.040625
2 0.40625 0.26875 0.02265625 0.04296875
2 0.403125 0.225 0.01953125 0.0359375
2 0.38203125 0.18984375 0.01875 0.0375
2 0.40234375 0.16796875 0.0171875 0.028125
2 0.4265625 0.1796875 0.01484375 0.02890625
2 0.43515625 0.16640625 0.015625 0.0359375
2 0.459375 0.21796875 0.02109375 0.0359375
2 0.4828125 0.22265625 0.01875 0.040625
2 0.45546875 0.153125 0.01640625 0.03046875
2 0.4734375 0.1546875 0.01484375 0.034375
2 0.52421875 0.1953125 0.02109375 0.03203125
2 0.54609375 0.165625 0.01796875 0.034375
2 0.51875 0.14609375 0.0140625 0.028125
2 0.503125 0.121875 0.0125 0.025
2 0.553125 0.140625 0.01640625 0.028125
2 0.57734375 0.16796875 0.015625 0.03359375
2 0.58671875 0.14609375 0.01640625 0.03046875
2 0.61640625 0.13984375 0.0140625 0.02890625
2 0.628125 0.128125 0.01484375 0.028125
2 0.61484375 0.096875 0.01640625 0.034375
2 0.65078125 0.115625 0.015625 0.028125
2 0.68046875 0.109375 0.0140625 0.03046875
2 0.49921875 0.28359375 0.02890625 0.05
2 0.54375 0.31640625 0.03203125 0.0609375
2 0.5578125 0.253125 0.025 0.046875
2 0.6171875 0.21015625 0.01953125 0.04296875
2 0.6296875 0.2484375 0.0265625 0.046875
2 0.6765625 0.240625 0.0265625 0.04609375
2 0.68984375 0.29921875 0.0328125 0.059375
2 0.74921875 0.33125 0.03671875 0.07109375
2 0.73125 0.2890625 0.02734375 0.0609375
2 0.7953125 0.2671875 0.02734375 0.0515625
2 0.7609375 0.21484375 0.02109375 0.040625
2 0.70859375 0.2203125 0.02578125 0.04296875
2 0.6609375 0.1734375 0.01796875 0.0359375
2 0.6953125 0.153125 0.01796875 0.0359375
2 0.7328125 0.15078125 0.0171875 0.0375
2 0.765625 0.1453125 0.01640625 0.0265625
2 0.7765625 0.1703125 0.015625 0.034375
2 0.79140625 0.15078125 0.01328125 0.02890625
2 0.8140625 0.171875 0.0140625 0.034375
2 0.78828125 0.209375 0.02109375 0.0390625
2 0.8171875 0.22578125 0.02265625 0.0515625
2 0.84296875 0.15078125 0.0125 0.02890625
2 0.82578125 0.16640625 0.015625 0.03046875
2 0.87421875 0.29765625 0.028125 0.0515625
2 0.86171875 0.19609375 0.015625 0.0390625
2 0.85234375 0.17734375 0.0171875 0.04296875
2 0.87578125 0.13984375 0.0171875 0.034375
2 0.87734375 0.22109375 0.02109375 0.046875
2 0.88984375 0.21484375 0.01640625 0.040625
2 0.890625 0.18984375 0.015625 0.02890625
2 0.9234375 0.25 0.021875 0.05