2 0.11796875 0.415625 0.046875 0.06640625
2 0.21015625 0.44765625 0.053125 0.08203125
2 0.26484375 0.396875 0.04296875 0.06875
2 0.334375 0.4296875 0.0484375 0.078125
2 0.4171875 0.403125 0.03515625 0.06015625
2 0.47109375 0.4109375 0.03515625 0.0578125
2 0.43046875 0.484375 0.06796875 0.10234375
2 0.6046875 0.471875 0.08984375 0.13984375
2 0.52578125 0.3796875 0.03515625 0.053125
2 0.54453125 0.36015625 0.03203125 0.04921875
2 0.58359375 0.3859375 0.03671875 0.05078125
2 0.70703125 0.265625 0.03984375 0.05546875
2 0.7 0.4359375 0.04296875 0.0625
2 0.7859375 0.43203125 0.06796875 0.11796875
2 0.80390625 0.378125 0.0484375 0.06640625
2 0.9265625 0.3859375 0.05703125 0.10859375