1 0.25859375 0.42578125 0.05546875 0.0765625
1 0.490625 0.4390625 0.04296875 0.06015625
2 0.20078125 0.46015625 0.06953125 0.084375
2 0.6984375 0.43125 0.06484375 0.0890625
2 0.93125 0.38359375 0.12265625 0.13671875
2 0.58984375 0.43984375 0.06484375 0.0765625
2 0.8265625 0.43125 0.0578125 0.0796875
2 0.13828125 0.45546875 0.05546875 0.06484375
2 0.38359375 0.4625 0.05078125 0.06953125
2 0.75390625 0.446875 0.0453125 0.0578125
2 0.65625 0.44140625 0.03359375 0.06015625
2 0.0796875 0.47578125 0.04296875 0.0578125
2 0.34765625 0.484375 0.0453125 0.06015625
2 0.4203125 0.43125 0.03359375 0.0453125
2 0.446875 0.4703125 0.04296875 0.05078125
2 0.79296875 0.4515625 0.03359375 0.0625
2 0.52421875 0.4703125 0.03828125 0.05078125