2 0.16796875 0.34765625 0.09296875 0.1640625
2 0.26796875 0.4765625 0.046875 0.06953125
2 0.27734375 0.5375 0.0515625 0.08203125
2 0.321875 0.5 0.046875 0.071875
2 0.3484375 0.55859375 0.053125 0.09453125
2 0.40859375 0.54453125 0.06328125 0.1015625
2 0.48046875 0.5375 0.06171875 0.121875
2 0.56953125 0.52109375 0.0515625 0.0796875
2 0.59453125 0.596875 0.06171875 0.121875
2 0.4984375 0.75078125 0.10703125 0.20625
2 0.68203125 0.7171875 0.1203125 0.19375
2 0.7078125 0.60078125 0.078125 0.12421875
2 0.67421875 0.46640625 0.03828125 0.06484375
2 0.7359375 0.4640625 0.0453125 0.06484375
2 0.78515625 0.49375 0.05 0.084375
2 0.77734375 0.3734375 0.025 0.05703125
2 0.87734375 0.325 0.09140625 0.15390625
2 0.5984375 0.46640625 0.03359375 0.059375