2 0.1296875 0.46953125 0.0578125 0.1046875
2 0.3125 0.225 0.0171875 0.04765625
2 0.3125 0.19921875 0.01328125 0.028125
2 0.3484375 0.19375 0.0140625 0.03203125
2 0.4109375 0.1921875 0.0171875 0.0390625
2 0.44609375 0.2015625 0.015625 0.0375
2 0.44609375 0.16796875 0.0140625 0.0265625
2 0.47578125 0.21484375 0.01875 0.04609375
2 0.4796875 0.1859375 0.0171875 0.03359375
2 0.53125 0.19765625 0.01796875 0.0375
2 0.56171875 0.1515625 0.01484375 0.03359375
2 0.58203125 0.15703125 0.0171875 0.03359375
2 0.6140625 0.09140625 0.0109375 0.0265625
2 0.68671875 0.115625 0.01171875 0.03203125
2 0.69921875 0.1109375 0.01171875 0.0265625
2 0.51328125 0.29296875 0.0203125 0.053125
2 0.5828125 0.22890625 0.0203125 0.04296875
2 0.58984375 0.28359375 0.01796875 0.0515625
2 0.60625 0.28203125 0.0265625 0.0671875
2 0.62578125 0.26875 0.02578125 0.05859375
2 0.678125 0.23515625 0.02109375 0.040625
2 0.68828125 0.32265625 0.03359375 0.07265625
2 0.675 0.20390625 0.0203125 0.04296875
2 0.67578125 0.16640625 0.01484375 0.03359375
2 0.70625 0.184375 0.0171875 0.04609375
2 0.721875 0.21953125 0.0203125 0.04453125
2 0.725 0.3515625 0.025 0.0640625
2 0.7421875 0.16796875 0.01171875 0.0375
2 0.76171875 0.14140625 0.01328125 0.03359375
2 0.78359375 0.12734375 0.0109375 0.0234375
2 0.78671875 0.16796875 0.01484375 0.04453125
2 0.8015625 0.1890625 0.0140625 0.0375
2 0.82890625 0.17109375 0.01328125 0.03046875
2 0.8421875 0.14453125 0.01328125 0.03359375
2 0.8421875 0.18125 0.01484375 0.04296875
2 0.86796875 0.17734375 0.01328125 0.03203125
2 0.9046875 0.15546875 0.01328125 0.0375
2 0.940625 0.16640625 0.01484375 0.03046875
2 0.83828125 0.2296875 0.01796875 0.040625
2 0.8078125 0.2578125 0.01875 0.04609375
2 0.8140625 0.27890625 0.01875 0.04609375
2 0.815625 0.34609375 0.0265625 0.06015625
2 0.84609375 0.31796875 0.02421875 0.06015625
2 0.903125 0.4140625 0.02578125 0.07421875
2 0.9203125 0.32421875 0.0203125 0.0515625
2 0.909375 0.3 0.02421875 0.04609375
2 0.8671875 0.28671875 0.021875 0.03359375
2 0.8890625 0.22265625 0.0171875 0.0515625
2 0.92890625 0.2390625 0.01796875 0.04765625
2 0.94609375 0.2 0.0140625 0.03046875
2 0.9234375 0.1578125 0.0109375 0.03203125
2 0.88046875 0.14140625 0.01171875 0.03046875
2 0.87734375 0.15859375 0.01171875 0.03359375
2 0.81640625 0.18203125 0.015625 0.04765625
2 0.6296875 0.21640625 0.0203125 0.04296875
2 0.41796875 0.146875 0.01171875 0.01953125
2 0.41796875 0.16640625 0.0140625 0.03046875
2 0.4734375 0.1453125 0.0109375 0.028125
2 0.4953125 0.14296875 0.01171875 0.03046875
2 0.51796875 0.15 0.0140625 0.03359375
2 0.53515625 0.128125 0.0109375 0.028125
2 0.59375 0.1 0.01015625 0.0234375
2 0.5875 0.14140625 0.015625 0.03046875
2 0.63125 0.09375 0.00859375 0.02109375
2 0.6359375 0.11875 0.01015625 0.028125
2 0.63203125 0.1359375 0.01171875 0.03046875
2 0.6546875 0.128125 0.01171875 0.028125
2 0.54921875 0.153125 0.0109375 0.028125