2 0.053125 0.44140625 0.04453125 0.0765625
2 0.0703125 0.5328125 0.046875 0.09140625
2 0.13046875 0.4296875 0.04765625 0.1
2 0.38359375 0.1984375 0.01875 0.03671875
2 0.43203125 0.22109375 0.03203125 0.0546875
2 0.46328125 0.225 0.021875 0.046875
2 0.4875 0.22265625 0.03359375 0.06484375
2 0.5234375 0.1375 0.02421875 0.0515625
2 0.57109375 0.12890625 0.01484375 0.025
2 0.61953125 0.2359375 0.02734375 0.05859375
2 0.71796875 0.1203125 0.0234375 0.05703125
2 0.95390625 0.09296875 0.01484375 0.0296875
2 0.959375 0.1296875 0.01875 0.03984375