2 0.05625 0.27265625 0.0265625 0.0484375
2 0.28125 0.20546875 0.01796875 0.03359375
2 0.30625 0.20859375 0.01484375 0.03203125
2 0.3171875 0.2109375 0.015625 0.04453125
2 0.3421875 0.2140625 0.015625 0.04296875
2 0.34296875 0.16484375 0.01328125 0.04140625
2 0.3578125 0.184375 0.01796875 0.0390625
2 0.3734375 0.16328125 0.015625 0.03515625
2 0.39140625 0.196875 0.01796875 0.0390625
2 0.37421875 0.221875 0.01875 0.05078125
2 0.4 0.22421875 0.01796875 0.04453125
2 0.421875 0.2328125 0.015625 0.046875
2 0.4171875 0.171875 0.015625 0.03359375
2 0.4109375 0.15078125 0.0125 0.03203125
2 0.421875 0.14375 0.01171875 0.02578125
2 0.4359375 0.153125 0.01328125 0.0296875
2 0.44296875 0.21015625 0.0203125 0.05078125
2 0.45078125 0.178125 0.01328125 0.0390625
2 0.4734375 0.18203125 0.0203125 0.03515625
2 0.48828125 0.15390625 0.0171875 0.03203125
2 0.48203125 0.13828125 0.01171875 0.0296875
2 0.49609375 0.1125 0.009375 0.02578125
2 0.51328125 0.134375 0.0125 0.03359375
2 0.5109375 0.1703125 0.0171875 0.0375
2 0.5296875 0.1578125 0.01875 0.028125
2 0.52265625 0.1171875 0.0125 0.02421875
2 0.54921875 0.11484375 0.0171875 0.02421875
2 0.54921875 0.153125 0.01875 0.03359375
2 0.571875 0.1375 0.01796875 0.028125
2 0.55625 0.175 0.02109375 0.0390625
2 0.59375 0.15078125 0.0171875 0.03515625
2 0.59296875 0.09921875 0.01484375 0.02265625
2 0.6171875 0.0953125 0.00859375 0.02265625
2 0.621875 0.128125 0.01328125 0.03203125
2 0.640625 0.14140625 0.01484375 0.03203125
2 0.6484375 0.134375 0.01328125 0.0296875
2 0.65546875 0.1015625 0.01328125 0.028125
2 0.6796875 0.1078125 0.01171875 0.03203125
2 0.69140625 0.1 0.01171875 0.028125
2 0.71171875 0.1 0.0125 0.028125
2 0.63828125 0.18125 0.01484375 0.0375
2 0.58671875 0.2171875 0.02109375 0.05234375
2 0.61484375 0.2375 0.025 0.05625
2 0.65859375 0.1875 0.01796875 0.04296875
2 0.7171875 0.16953125 0.0171875 0.0390625
2 0.73359375 0.134375 0.01328125 0.0296875
2 0.6890625 0.21484375 0.0203125 0.0375
2 0.69765625 0.2515625 0.0203125 0.05078125
2 0.7125 0.33515625 0.0328125 0.06171875
2 0.759375 0.36953125 0.0296875 0.06953125
2 0.7375 0.21953125 0.015625 0.046875
2 0.734375 0.175 0.015625 0.03515625
2 0.75625 0.1859375 0.01796875 0.0390625
2 0.753125 0.12734375 0.0125 0.03359375
2 0.76796875 0.1203125 0.01328125 0.03515625
2 0.76171875 0.23203125 0.0203125 0.04453125
2 0.8 0.28984375 0.0203125 0.05625
2 0.82734375 0.24453125 0.02109375 0.0484375
2 0.7921875 0.1953125 0.0203125 0.0390625
2 0.80234375 0.15546875 0.0125 0.0296875
2 0.78671875 0.1296875 0.01328125 0.03203125
2 0.80078125 0.12734375 0.01171875 0.02578125
2 0.8359375 0.1296875 0.01015625 0.028125
2 0.85625 0.1375 0.01015625 0.028125
2 0.84609375 0.14296875 0.01484375 0.028125
2 0.82734375 0.16953125 0.01796875 0.03515625
2 0.84140625 0.2125 0.015625 0.0390625
2 0.85546875 0.203125 0.015625 0.0390625
2 0.865625 0.165625 0.0125 0.0390625
2 0.88984375 0.23046875 0.01796875 0.04296875
2 0.8984375 0.2109375 0.01171875 0.03359375
2 0.9046875 0.17421875 0.01328125 0.03359375
2 0.9109375 0.1484375 0.015625 0.0390625
2 0.94453125 0.1765625 0.015625 0.03203125
2 0.93515625 0.19453125 0.015625 0.0375
2 0.93359375 0.215625 0.0171875 0.03515625
2 0.93359375 0.25859375 0.01796875 0.0390625
2 0.90859375 0.32890625 0.0234375 0.06328125