2 0.06953125 0.2703125 0.02109375 0.046875
2 0.421875 0.2234375 0.01484375 0.03046875
2 0.47109375 0.17109375 0.0171875 0.0328125
2 0.49140625 0.17421875 0.02109375 0.04296875
2 0.4578125 0.2359375 0.0171875 0.03046875
2 0.559375 0.17890625 0.0171875 0.0390625
2 0.57265625 0.19296875 0.01875 0.046875
2 0.64609375 0.12578125 0.01171875 0.03046875
2 0.68671875 0.17734375 0.0171875 0.03671875
2 0.64375 0.22265625 0.02421875 0.040625
2 0.6453125 0.27109375 0.01953125 0.04453125
2 0.6484375 0.33359375 0.02578125 0.05546875
2 0.7 0.303125 0.02109375 0.05078125
2 0.69453125 0.2296875 0.01875 0.0390625
2 0.95546875 0.24375 0.01953125 0.0390625