2 0.3390625 0.19453125 0.01875 0.04375
2 0.3765625 0.20234375 0.021875 0.03671875
2 0.3921875 0.178125 0.0171875 0.0296875
2 0.4234375 0.1734375 0.01640625 0.03203125
2 0.44609375 0.178125 0.01796875 0.03828125
2 0.4515625 0.1515625 0.0125 0.03125
2 0.46640625 0.1453125 0.01484375 0.0296875
2 0.47421875 0.16875 0.0140625 0.03125
2 0.48125 0.20703125 0.01875 0.0390625
2 0.490625 0.16953125 0.01484375 0.03828125
2 0.4921875 0.1359375 0.0140625 0.0265625
2 0.50390625 0.14296875 0.01328125 0.0296875
2 0.5203125 0.18046875 0.01796875 0.040625
2 0.5328125 0.1671875 0.0140625 0.03671875
2 0.52734375 0.13359375 0.0171875 0.03671875
2 0.56328125 0.18671875 0.0203125 0.03671875
2 0.55859375 0.146875 0.0140625 0.0265625
2 0.5671875 0.12421875 0.01328125 0.0265625
2 0.5796875 0.14921875 0.0171875 0.03359375
2 0.5921875 0.12421875 0.0140625 0.03203125
2 0.60859375 0.13046875 0.01484375 0.028125
2 0.6140625 0.159375 0.01484375 0.0265625
2 0.6515625 0.1515625 0.01484375 0.03515625
2 0.64609375 0.13125 0.0125 0.0265625
2 0.63203125 0.1078125 0.01015625 0.02421875
2 0.66953125 0.12421875 0.0140625 0.0265625
2 0.6984375 0.13046875 0.01484375 0.025
2 0.6921875 0.11328125 0.0140625 0.02421875
2 0.73125 0.11796875 0.01484375 0.028125
2 0.60390625 0.23671875 0.02265625 0.05234375
2 0.63671875 0.2140625 0.02578125 0.04765625
2 0.67578125 0.18828125 0.01953125 0.0421875
2 0.6828125 0.22734375 0.02265625 0.0546875
2 0.73125 0.2375 0.02109375 0.05078125
2 0.728125 0.1984375 0.01796875 0.0453125
2 0.7109375 0.17890625 0.01484375 0.03359375
2 0.753125 0.1734375 0.015625 0.040625
2 0.74765625 0.1484375 0.01484375 0.03515625
2 0.77578125 0.1375 0.01640625 0.03203125
2 0.79375 0.175 0.01953125 0.04609375
2 0.80546875 0.16171875 0.01875 0.0421875
2 0.81171875 0.21484375 0.02265625 0.0453125
2 0.8375 0.190625 0.01640625 0.040625
2 0.83046875 0.16171875 0.01796875 0.03671875
2 0.84296875 0.1421875 0.01640625 0.03125
2 0.85703125 0.17734375 0.01484375 0.03359375
2 0.8765625 0.14140625 0.01484375 0.03203125
2 0.90859375 0.15390625 0.01328125 0.0265625
2 0.88359375 0.20234375 0.0171875 0.0421875
2 0.90390625 0.23125 0.02421875 0.04609375
2 0.934375 0.18671875 0.0171875 0.03515625
2 0.9578125 0.22578125 0.01875 0.03828125
2 0.959375 0.178125 0.01328125 0.0296875
2 0.89609375 0.2703125 0.021875 0.05078125
2 0.71875 0.309375 0.0484375 0.084375