2 0.2140625 0.3515625 0.0421875 0.084375
2 0.278125 0.2640625 0.01953125 0.034375
2 0.328125 0.2828125 0.0203125 0.03828125
2 0.3390625 0.25625 0.0140625 0.03828125
2 0.41953125 0.284375 0.02421875 0.03828125
2 0.36015625 0.21484375 0.01640625 0.034375
2 0.37578125 0.22421875 0.0140625 0.0328125
2 0.37890625 0.2 0.015625 0.03125
2 0.415625 0.221875 0.01484375 0.03125
2 0.43671875 0.23046875 0.0171875 0.0296875
2 0.4578125 0.21875 0.0109375 0.0296875
2 0.46171875 0.19453125 0.01875 0.0296875
2 0.434375 0.19140625 0.01484375 0.0296875
2 0.41796875 0.18125 0.015625 0.0265625
2 0.44921875 0.1671875 0.01328125 0.028125
2 0.4390625 0.16328125 0.0109375 0.0265625
2 0.46640625 0.165625 0.01484375 0.03125
2 0.48359375 0.1734375 0.0140625 0.03125
2 0.47890625 0.1328125 0.01015625 0.025
2 0.50390625 0.14609375 0.01328125 0.028125
2 0.5234375 0.20859375 0.01640625 0.025
2 0.53671875 0.1671875 0.01328125 0.028125
2 0.5609375 0.16640625 0.01484375 0.0328125
2 0.52578125 0.1375 0.0140625 0.025
2 0.55 0.125 0.01171875 0.0265625
2 0.5828125 0.1109375 0.01328125 0.02109375
2 0.603125 0.12109375 0.0140625 0.02109375
2 0.678125 0.10625 0.01328125 0.028125
2 0.47421875 0.3265625 0.025 0.04296875
2 0.5421875 0.31015625 0.02421875 0.05078125
2 0.5609375 0.2546875 0.01953125 0.04140625
2 0.59921875 0.25546875 0.02109375 0.03984375
2 0.61015625 0.2109375 0.02421875 0.04296875
2 0.65859375 0.20546875 0.0171875 0.04140625
2 0.6734375 0.31953125 0.02734375 0.059375
2 0.5890625 0.3453125 0.02421875 0.04765625
2 0.70234375 0.209375 0.01875 0.0359375
2 0.70390625 0.2828125 0.025 0.0578125
2 0.66875 0.16484375 0.01640625 0.0296875
2 0.69921875 0.146875 0.0171875 0.0296875
2 0.69296875 0.18515625 0.01484375 0.034375
2 0.74296875 0.19296875 0.0171875 0.03984375
2 0.73046875 0.165625 0.01171875 0.025
2 0.740625 0.1515625 0.0109375 0.0265625
2 0.72578125 0.13125 0.01015625 0.025
2 0.74296875 0.10625 0.01328125 0.028125
2 0.7578125 0.13359375 0.01328125 0.0328125
2 0.7890625 0.140625 0.01484375 0.03125
2 0.80078125 0.13203125 0.01171875 0.0265625
2 0.790625 0.18828125 0.0171875 0.03828125
2 0.76328125 0.31640625 0.02578125 0.05234375
2 0.809375 0.165625 0.01328125 0.03125
2 0.8375 0.18359375 0.0140625 0.03125
2 0.8625 0.228125 0.021875 0.05078125
2 0.91328125 0.278125 0.02265625 0.059375
2 0.90859375 0.18515625 0.01640625 0.034375
2 0.8828125 0.14921875 0.01328125 0.028125
2 0.89453125 0.13515625 0.0140625 0.0296875
2 0.86171875 0.1359375 0.0109375 0.025
2 0.85390625 0.15234375 0.0140625 0.025
2 0.825 0.1421875 0.01328125 0.028125
2 0.8375 0.1484375 0.0140625 0.0296875
2 0.82890625 0.0796875 0.01171875 0.03125