2 0.18984375 0.42421875 0.04375 0.09140625
2 0.27421875 0.26328125 0.01796875 0.040625
2 0.27109375 0.25625 0.0171875 0.04140625
2 0.31796875 0.25 0.01953125 0.0375
2 0.33515625 0.2515625 0.0171875 0.04140625
2 0.36015625 0.24140625 0.01953125 0.040625
2 0.3734375 0.26328125 0.02578125 0.040625
2 0.40703125 0.26328125 0.025 0.0515625
2 0.3390625 0.2078125 0.015625 0.0375
2 0.328125 0.21328125 0.01484375 0.03515625
2 0.37109375 0.19296875 0.01953125 0.03359375
2 0.39765625 0.17109375 0.015625 0.03046875
2 0.428125 0.17421875 0.01640625 0.03203125
2 0.42265625 0.21328125 0.02109375 0.04296875
2 0.45234375 0.21640625 0.01875 0.040625
2 0.45078125 0.146875 0.01640625 0.0375
2 0.46796875 0.14921875 0.0171875 0.03515625
2 0.4734375 0.18984375 0.01796875 0.03515625
2 0.49375 0.21171875 0.02109375 0.04296875
2 0.5140625 0.18515625 0.0171875 0.03359375
2 0.53984375 0.18203125 0.01875 0.04140625
2 0.51171875 0.14921875 0.01640625 0.03203125
2 0.4890625 0.1296875 0.0140625 0.021875
2 0.49296875 0.15859375 0.0140625 0.0359375
2 0.5234375 0.13203125 0.01796875 0.03359375
2 0.57109375 0.15625 0.0171875 0.0375
2 0.56171875 0.13828125 0.0125 0.02890625
2 0.584375 0.14296875 0.015625 0.0359375
2 0.5765625 0.13046875 0.01328125 0.03046875
2 0.6046875 0.14140625 0.01796875 0.0375
2 0.6078125 0.09765625 0.0125 0.03046875
2 0.62109375 0.12578125 0.0125 0.03203125
2 0.64609375 0.11796875 0.015625 0.03359375
2 0.67421875 0.1171875 0.01796875 0.03203125
2 0.4984375 0.29140625 0.02890625 0.06015625
2 0.54140625 0.3046875 0.034375 0.0640625
2 0.57578125 0.23203125 0.025 0.05
2 0.61640625 0.20546875 0.02421875 0.0515625
2 0.61328125 0.25390625 0.02578125 0.05390625
2 0.65703125 0.25625 0.02421875 0.0515625
2 0.6703125 0.19375 0.02578125 0.040625
2 0.65078125 0.171875 0.01796875 0.04296875
2 0.71015625 0.2640625 0.03046875 0.0609375
2 0.67265625 0.33828125 0.04296875 0.06953125
2 0.74140625 0.34453125 0.03828125 0.06796875
2 0.7078125 0.20859375 0.02109375 0.04453125
2 0.728125 0.19609375 0.02109375 0.04453125
2 0.7203125 0.1484375 0.01640625 0.03203125
2 0.68125 0.159375 0.01875 0.03515625
2 0.690625 0.18671875 0.0203125 0.03515625
2 0.7484375 0.1453125 0.01875 0.0375
2 0.76328125 0.15703125 0.0171875 0.04765625
2 0.7625 0.1265625 0.01484375 0.0359375
2 0.7765625 0.13984375 0.01640625 0.04296875
2 0.79296875 0.13984375 0.01171875 0.02890625
2 0.79765625 0.16796875 0.015625 0.040625
2 0.77421875 0.19296875 0.02109375 0.04453125
2 0.753125 0.21953125 0.0203125 0.04453125
2 0.784375 0.28671875 0.03125 0.05859375
2 0.80546875 0.21796875 0.02421875 0.053125
2 0.8359375 0.203125 0.02109375 0.04140625
2 0.8453125 0.17734375 0.02109375 0.04296875
2 0.86640625 0.1375 0.015625 0.04140625
2 0.8828125 0.18359375 0.01484375 0.04140625
2 0.87578125 0.21328125 0.01875 0.04609375
2 0.8640625 0.225 0.0203125 0.04765625
2 0.90390625 0.24609375 0.02421875 0.05
2 0.8671875 0.30078125 0.03046875 0.05859375