2 0.521875 0.25546875 0.03203125 0.06328125
2 0.584375 0.22421875 0.01796875 0.04609375
2 0.4515625 0.221875 0.01640625 0.0390625
2 0.32109375 0.21484375 0.01640625 0.03203125
2 0.36640625 0.19609375 0.0140625 0.028125
2 0.37109375 0.1796875 0.01484375 0.028125
2 0.40625 0.171875 0.01328125 0.0296875
2 0.4375 0.153125 0.01171875 0.025
2 0.66328125 0.2203125 0.01875 0.0421875
2 0.621875 0.19453125 0.01796875 0.040625
2 0.7140625 0.2203125 0.01796875 0.0390625
2 0.87265625 0.271875 0.01875 0.04609375
2 0.9234375 0.2671875 0.01484375 0.04375
2 0.9328125 0.228125 0.01328125 0.03671875
2 0.7921875 0.2140625 0.01484375 0.03671875
2 0.853125 0.19765625 0.01328125 0.03515625
2 0.9203125 0.1765625 0.01328125 0.03203125
2 0.93359375 0.19140625 0.01640625 0.0296875
2 0.83359375 0.17578125 0.01328125 0.0296875
2 0.84921875 0.14765625 0.01171875 0.0265625
2 0.871875 0.15703125 0.01171875 0.028125
2 0.73515625 0.1765625 0.01328125 0.028125
2 0.765625 0.178125 0.01484375 0.03515625
2 0.78515625 0.1703125 0.0140625 0.0296875
2 0.80390625 0.16015625 0.01171875 0.028125
2 0.81796875 0.1375 0.01328125 0.03203125
2 0.7921875 0.13671875 0.0109375 0.0265625
2 0.7609375 0.13671875 0.01796875 0.02265625
2 0.721875 0.14609375 0.01328125 0.03203125
2 0.7375 0.14765625 0.01328125 0.0296875
2 0.49921875 0.19296875 0.01875 0.03359375
2 0.47734375 0.19609375 0.01484375 0.025
2 0.45859375 0.16875 0.01328125 0.03671875
2 0.47109375 0.1640625 0.01328125 0.03203125
2 0.465625 0.1359375 0.01171875 0.025
2 0.51796875 0.1625 0.01484375 0.03203125
2 0.53125 0.209375 0.01796875 0.0296875
2 0.4921875 0.1359375 0.01484375 0.028125
2 0.52421875 0.12578125 0.01328125 0.0265625
2 0.5421875 0.1671875 0.01484375 0.028125
2 0.5734375 0.17890625 0.01484375 0.0296875
2 0.56953125 0.1234375 0.01640625 0.025
2 0.5953125 0.153125 0.01328125 0.025
2 0.5921875 0.1359375 0.01484375 0.028125
2 0.70078125 0.12421875 0.01015625 0.0265625
2 0.61796875 0.1109375 0.01171875 0.03515625
2 0.675 0.10546875 0.01328125 0.03203125
2 0.659375 0.14296875 0.0109375 0.028125
2 0.653125 0.11640625 0.0171875 0.025
2 0.65859375 0.1859375 0.01640625 0.0265625
2 0.93828125 0.16953125 0.0109375 0.028125
2 0.89453125 0.21171875 0.0140625 0.03203125
2 0.8765625 0.23828125 0.01484375 0.0390625
2 0.80546875 0.20390625 0.01484375 0.03359375
2 0.7046875 0.19453125 0.01796875 0.040625
2 0.43046875 0.1734375 0.0140625 0.0265625
2 0.5609375 0.1546875 0.0140625 0.0265625
2 0.6890625 0.1734375 0.01328125 0.0296875