2 0.21796875 0.35703125 0.04609375 0.09921875
2 0.29296875 0.215625 0.01875 0.03984375
2 0.325 0.23828125 0.0171875 0.03984375
2 0.33359375 0.21484375 0.015625 0.028125
2 0.334375 0.1734375 0.01640625 0.0328125
2 0.3546875 0.19140625 0.01875 0.03671875
2 0.3765625 0.19453125 0.0171875 0.03671875
2 0.36484375 0.246875 0.015625 0.03984375
2 0.38671875 0.24921875 0.02265625 0.0421875
2 0.41171875 0.246875 0.0234375 0.05078125
2 0.40390625 0.1921875 0.01640625 0.0421875
2 0.453125 0.2078125 0.02109375 0.0421875
2 0.4265625 0.16875 0.0171875 0.0328125
2 0.42734375 0.1421875 0.01328125 0.0265625
2 0.44765625 0.16171875 0.01875 0.0328125
2 0.48125 0.18046875 0.0171875 0.03671875
2 0.48359375 0.22265625 0.01875 0.03984375
2 0.46953125 0.21015625 0.01640625 0.03671875
2 0.465625 0.14921875 0.01328125 0.0296875
2 0.475 0.1375 0.01484375 0.03125
2 0.49453125 0.1359375 0.01484375 0.028125
2 0.51484375 0.18828125 0.01875 0.03515625
2 0.53125 0.15859375 0.01640625 0.03515625
2 0.5234375 0.13515625 0.0125 0.03671875
2 0.51015625 0.1203125 0.009375 0.028125
2 0.503125 0.15625 0.01328125 0.0296875
2 0.559375 0.184375 0.01640625 0.0328125
2 0.55078125 0.1484375 0.015625 0.028125
2 0.5484375 0.1171875 0.0171875 0.03828125
2 0.5765625 0.12890625 0.01328125 0.03125
2 0.58203125 0.1140625 0.01171875 0.0265625
2 0.590625 0.1390625 0.01484375 0.0328125
2 0.58984375 0.1703125 0.01640625 0.03671875
2 0.60546875 0.1265625 0.0171875 0.0296875
2 0.615625 0.1140625 0.01328125 0.0296875
2 0.63515625 0.11796875 0.01484375 0.03671875
2 0.62578125 0.11953125 0.0125 0.0296875
2 0.6234375 0.15703125 0.015625 0.03125
2 0.6625 0.125 0.015625 0.0328125
2 0.66953125 0.1015625 0.0109375 0.02421875
2 0.6765625 0.1171875 0.01171875 0.028125
2 0.6921875 0.11484375 0.0109375 0.02421875
2 0.70625 0.103125 0.01484375 0.03125
2 0.49453125 0.28046875 0.02734375 0.06484375
2 0.53515625 0.33125 0.034375 0.05546875
2 0.56875 0.246875 0.025 0.05078125
2 0.61796875 0.25625 0.0265625 0.059375
2 0.60703125 0.3359375 0.028125 0.06484375
2 0.69609375 0.3125 0.03125 0.0625
2 0.675 0.24375 0.025 0.0578125
2 0.634375 0.22265625 0.0203125 0.046875
2 0.67109375 0.1796875 0.02109375 0.0421875
2 0.70234375 0.18046875 0.01875 0.0328125
2 0.7125 0.15703125 0.01640625 0.03125
2 0.72265625 0.2171875 0.02109375 0.04375
2 0.74609375 0.1921875 0.02109375 0.0453125
2 0.75078125 0.16171875 0.01328125 0.0328125
2 0.7515625 0.1359375 0.0125 0.028125
2 0.76953125 0.14921875 0.015625 0.03671875
2 0.7953125 0.16171875 0.0171875 0.0328125
2 0.79296875 0.13671875 0.01328125 0.0328125
2 0.79296875 0.215625 0.0234375 0.046875
2 0.7734375 0.23125 0.025 0.046875
2 0.78828125 0.30078125 0.028125 0.0609375
2 0.73359375 0.2921875 0.02421875 0.06796875
2 0.75625 0.36796875 0.03125 0.0734375
2 0.8125 0.42265625 0.0359375 0.0734375
2 0.81875 0.246875 0.02265625 0.0578125
2 0.840625 0.321875 0.0265625 0.0609375
2 0.90234375 0.43046875 0.04296875 0.07890625
2 0.91640625 0.3421875 0.02734375 0.0625
2 0.875 0.25234375 0.01875 0.03984375
2 0.8828125 0.23828125 0.02109375 0.04375
2 0.92578125 0.28203125 0.01875 0.046875
2 0.93515625 0.2109375 0.01875 0.0453125