2 0.10703125 0.4546875 0.05546875 0.115625
2 0.26953125 0.23046875 0.01875 0.03828125
2 0.328125 0.24921875 0.0203125 0.04296875
2 0.32734375 0.2078125 0.0203125 0.04453125
2 0.37265625 0.19140625 0.01796875 0.03671875
2 0.390625 0.2015625 0.0171875 0.03671875
2 0.3875 0.171875 0.0109375 0.0296875
2 0.40390625 0.17265625 0.0140625 0.03125
2 0.41796875 0.21640625 0.0203125 0.03984375
2 0.4046875 0.24453125 0.02265625 0.03984375
2 0.41328125 0.27578125 0.021875 0.04609375
2 0.48671875 0.22578125 0.01875 0.04453125
2 0.4421875 0.21015625 0.01875 0.04296875
2 0.44140625 0.1734375 0.01484375 0.0328125
2 0.43203125 0.15234375 0.0140625 0.0265625
2 0.475 0.16796875 0.0140625 0.034375
2 0.47109375 0.20234375 0.01875 0.03828125
2 0.5015625 0.20625 0.01875 0.03984375
2 0.51796875 0.175 0.015625 0.0328125
2 0.5078125 0.146875 0.01328125 0.0234375
2 0.48671875 0.15234375 0.01328125 0.0265625
2 0.47421875 0.140625 0.01015625 0.0234375
2 0.53828125 0.14453125 0.01484375 0.028125
2 0.54609375 0.2109375 0.021875 0.04453125
2 0.58125 0.16640625 0.0171875 0.034375
2 0.57265625 0.128125 0.01328125 0.03125
2 0.58515625 0.11796875 0.01328125 0.03125
2 0.59765625 0.13515625 0.015625 0.0328125
2 0.60859375 0.115625 0.015625 0.0296875
2 0.621875 0.13359375 0.015625 0.0328125
2 0.6359375 0.14921875 0.015625 0.03125
2 0.63203125 0.12265625 0.0125 0.0265625
2 0.65078125 0.12265625 0.0125 0.0234375
2 0.65390625 0.14453125 0.015625 0.028125
2 0.659375 0.1125 0.015625 0.0265625
2 0.68046875 0.1125 0.01328125 0.0234375
2 0.68671875 0.12421875 0.0125 0.0234375
2 0.7109375 0.1234375 0.0109375 0.025
2 0.57734375 0.27578125 0.028125 0.059375
2 0.56484375 0.2546875 0.025 0.04921875
2 0.62421875 0.20859375 0.01796875 0.03984375
2 0.62734375 0.24921875 0.025 0.04609375
2 0.68671875 0.2609375 0.02421875 0.053125
2 0.66796875 0.2140625 0.021875 0.04453125
2 0.65625 0.1921875 0.0203125 0.034375
2 0.70703125 0.18828125 0.015625 0.0328125
2 0.70703125 0.16953125 0.015625 0.03125
2 0.7328125 0.1484375 0.01484375 0.03671875
2 0.71796875 0.24921875 0.01953125 0.04921875
2 0.7390625 0.26640625 0.01953125 0.05625
2 0.7609375 0.25625 0.02265625 0.04921875
2 0.74375 0.21171875 0.0203125 0.03671875
2 0.75234375 0.18125 0.01328125 0.03125
2 0.7609375 0.14765625 0.0171875 0.04453125
2 0.78125 0.1453125 0.01484375 0.03984375
2 0.796875 0.15859375 0.0140625 0.0328125
2 0.81015625 0.159375 0.0125 0.03125
2 0.821875 0.1453125 0.0109375 0.0265625
2 0.7984375 0.2171875 0.01875 0.04140625
2 0.79609375 0.290625 0.02578125 0.059375
2 0.8578125 0.353125 0.02578125 0.0546875
2 0.9140625 0.38828125 0.03203125 0.0625
2 0.88203125 0.259375 0.028125 0.05625
2 0.84140625 0.23984375 0.01796875 0.03984375
2 0.8421875 0.2046875 0.0171875 0.0296875
2 0.8296875 0.1796875 0.01328125 0.028125
2 0.84921875 0.15234375 0.0140625 0.0296875
2 0.85859375 0.19453125 0.015625 0.034375
2 0.86796875 0.171875 0.01484375 0.03671875
2 0.8890625 0.165625 0.0140625 0.0328125
2 0.9125 0.16171875 0.01328125 0.0328125
2 0.89375 0.2109375 0.0171875 0.034375
2 0.92421875 0.2234375 0.0203125 0.04296875
2 0.9296875 0.25546875 0.01796875 0.03828125
2 0.92578125 0.296875 0.01953125 0.0515625
2 0.94453125 0.21640625 0.0171875 0.0328125
2 0.9390625 0.175 0.0140625 0.0296875
2 0.9328125 0.19609375 0.0125 0.028125