2 0.0921875 0.47734375 0.05 0.0953125
2 0.3390625 0.2109375 0.015625 0.03828125
2 0.34609375 0.190625 0.01484375 0.03359375
2 0.346875 0.17421875 0.0171875 0.02890625
2 0.41015625 0.1921875 0.0171875 0.03359375
2 0.425 0.1640625 0.0171875 0.02890625
2 0.421875 0.14375 0.01015625 0.02421875
2 0.4609375 0.134375 0.01328125 0.02734375
2 0.48359375 0.140625 0.0140625 0.02734375
2 0.490625 0.128125 0.01328125 0.02421875
2 0.5 0.11796875 0.01328125 0.02734375
2 0.52421875 0.1203125 0.01328125 0.02421875
2 0.5453125 0.11484375 0.015625 0.02421875
2 0.5375 0.1390625 0.01328125 0.03359375
2 0.5625 0.1453125 0.01875 0.03203125
2 0.5421875 0.17578125 0.0140625 0.03828125
2 0.46875 0.17265625 0.01875 0.03203125
2 0.44921875 0.1734375 0.01875 0.03046875
2 0.45 0.20625 0.01953125 0.03515625
2 0.4796875 0.21953125 0.0203125 0.04375
2 0.5890625 0.09921875 0.01171875 0.02734375
2 0.61484375 0.09140625 0.01171875 0.02578125
2 0.63828125 0.09765625 0.01171875 0.02421875
2 0.659375 0.09609375 0.01171875 0.02421875
2 0.67890625 0.10390625 0.01171875 0.02421875
2 0.6875 0.115625 0.01484375 0.02578125
2 0.7 0.10390625 0.01171875 0.02421875
2 0.72265625 0.1328125 0.0171875 0.03671875
2 0.71328125 0.15703125 0.015625 0.02734375
2 0.6578125 0.13125 0.01328125 0.03046875
2 0.6265625 0.146875 0.0140625 0.02578125
2 0.596875 0.13359375 0.01484375 0.02890625
2 0.5890625 0.17890625 0.01875 0.03203125
2 0.62421875 0.1984375 0.01953125 0.0484375
2 0.5765625 0.2421875 0.01953125 0.04375
2 0.5234375 0.2625 0.02109375 0.0484375
2 0.5515625 0.28046875 0.02578125 0.0484375
2 0.6078125 0.29609375 0.0265625 0.0578125
2 0.6375 0.2484375 0.02109375 0.053125
2 0.66640625 0.2046875 0.01953125 0.03828125
2 0.671875 0.16796875 0.015625 0.03359375
2 0.703125 0.1984375 0.0171875 0.03515625
2 0.67421875 0.2453125 0.02109375 0.040625
2 0.71796875 0.2171875 0.01875 0.0421875
2 0.759375 0.11640625 0.01640625 0.02421875
2 0.75625 0.1375 0.015625 0.03359375
2 0.78125 0.1328125 0.015625 0.03046875
2 0.7734375 0.175 0.01484375 0.03671875
2 0.79296875 0.2 0.01640625 0.0421875
2 0.80546875 0.1609375 0.01171875 0.02578125
2 0.80703125 0.18203125 0.0171875 0.03515625
2 0.83203125 0.1640625 0.01484375 0.03203125
2 0.840625 0.1453125 0.01484375 0.03203125
2 0.8390625 0.203125 0.01640625 0.03515625
2 0.85234375 0.17890625 0.01328125 0.03203125
2 0.86953125 0.16875 0.01171875 0.03203125
2 0.8828125 0.1453125 0.01171875 0.03203125
2 0.92109375 0.15703125 0.01171875 0.03359375
2 0.9125 0.1640625 0.01328125 0.02890625
2 0.90390625 0.1734375 0.015625 0.03046875
2 0.8953125 0.1921875 0.01484375 0.040625
2 0.88671875 0.21484375 0.0203125 0.04375
2 0.87421875 0.26171875 0.02109375 0.05625
2 0.85390625 0.29453125 0.01953125 0.0546875
2 0.8109375 0.2609375 0.01640625 0.0421875
2 0.78515625 0.2578125 0.02109375 0.0546875
2 0.7609375 0.33359375 0.0265625 0.06796875
2 0.67734375 0.3203125 0.0328125 0.0640625
2 0.8375 0.346875 0.0265625 0.059375
2 0.94453125 0.175 0.01328125 0.03671875
2 0.95 0.19609375 0.01484375 0.03203125
2 0.934375 0.2375 0.0171875 0.040625
2 0.92890625 0.27734375 0.02421875 0.0453125
2 0.91875 0.33125 0.01875 0.059375