2 0.06015625 0.39375 0.0296875 0.0734375
2 0.25546875 0.27734375 0.01875 0.0296875
2 0.3125 0.21875 0.01796875 0.03828125
2 0.29921875 0.25703125 0.025 0.0484375
2 0.34296875 0.2078125 0.01796875 0.03671875
2 0.36796875 0.2140625 0.01875 0.03984375
2 0.3796875 0.19453125 0.01953125 0.03671875
2 0.4140625 0.16875 0.0203125 0.03515625
2 0.44609375 0.1390625 0.01328125 0.03828125
2 0.46640625 0.1421875 0.0203125 0.04140625
2 0.3484375 0.26171875 0.02109375 0.03515625
2 0.384375 0.3015625 0.01953125 0.0484375
2 0.409375 0.225 0.01796875 0.03828125
2 0.43984375 0.19375 0.0265625 0.03828125
2 0.45078125 0.22421875 0.0203125 0.046875
2 0.46875 0.18203125 0.02421875 0.03828125
2 0.50390625 0.16640625 0.02109375 0.03359375
2 0.53046875 0.13125 0.01875 0.03359375
2 0.48671875 0.21171875 0.02109375 0.03515625
2 0.53515625 0.18984375 0.01640625 0.04453125
2 0.55390625 0.15625 0.01640625 0.03671875
2 0.553125 0.1171875 0.01484375 0.03828125
2 0.58125 0.12421875 0.01640625 0.03984375
2 0.58671875 0.096875 0.0140625 0.03515625
2 0.61328125 0.1125 0.021875 0.04453125
2 0.6390625 0.09453125 0.01875 0.0296875
2 0.6484375 0.11640625 0.021875 0.03984375
2 0.61953125 0.13984375 0.01953125 0.03671875
2 0.603125 0.209375 0.02109375 0.04296875
2 0.55546875 0.23203125 0.02578125 0.0484375
2 0.490625 0.284375 0.025 0.053125
2 0.5265625 0.3015625 0.0265625 0.0578125
2 0.59921875 0.321875 0.03515625 0.06015625
2 0.6640625 0.34296875 0.03125 0.06171875
2 0.65234375 0.25859375 0.01953125 0.04140625
2 0.65234375 0.19609375 0.03046875 0.05
2 0.66796875 0.1125 0.0203125 0.03515625
2 0.68203125 0.1046875 0.01875 0.03671875
2 0.6828125 0.1703125 0.03359375 0.0578125
2 0.6984375 0.12421875 0.0234375 0.05
2 0.69375 0.221875 0.03046875 0.06171875
2 0.7 0.27890625 0.025 0.05
2 0.77578125 0.28125 0.0265625 0.06484375
2 0.73203125 0.1765625 0.02421875 0.0484375
2 0.72421875 0.12578125 0.01796875 0.03828125
2 0.7359375 0.134375 0.01640625 0.03359375
2 0.74140625 0.15234375 0.0203125 0.03828125
2 0.73828125 0.1 0.0109375 0.0265625
2 0.76875 0.115625 0.0109375 0.03125
2 0.76171875 0.13203125 0.01875 0.0515625
2 0.790625 0.12578125 0.01484375 0.04140625
2 0.81015625 0.14921875 0.01953125 0.03671875
2 0.78515625 0.171875 0.01640625 0.04140625
2 0.8 0.23671875 0.01875 0.0484375
2 0.759375 0.22734375 0.02578125 0.053125
2 0.828125 0.13203125 0.01796875 0.03515625
2 0.84375 0.1421875 0.015625 0.03828125
2 0.85703125 0.1265625 0.01484375 0.0296875
2 0.88828125 0.1234375 0.0140625 0.03515625
2 0.90625 0.153125 0.01484375 0.03359375
2 0.925 0.15625 0.01953125 0.0296875
2 0.85234375 0.18515625 0.0203125 0.03515625
2 0.87109375 0.16796875 0.021875 0.05
2 0.8921875 0.15859375 0.021875 0.03125
2 0.8859375 0.18828125 0.02421875 0.04140625
2 0.90703125 0.18984375 0.01328125 0.03125
2 0.8625 0.21640625 0.01875 0.03828125
2 0.91328125 0.271875 0.0234375 0.0484375
2 0.85703125 0.1453125 0.01796875 0.03125
2 0.60546875 0.271875 0.0328125 0.0515625
2 0.64921875 0.1671875 0.01953125 0.03125
2 0.48046875 0.13046875 0.01640625 0.028125
2 0.57265625 0.14609375 0.01640625 0.03984375