2 0.978125 0.29765625 0.0296875 0.071875
2 0.975 0.225 0.025 0.0625
2 0.8546875 0.29765625 0.02890625 0.06796875
2 0.846875 0.2515625 0.01953125 0.03125
2 0.8546875 0.21015625 0.015625 0.0328125
2 0.82578125 0.2203125 0.0203125 0.0421875
2 0.80078125 0.240625 0.01875 0.05
2 0.7203125 0.2671875 0.0203125 0.04453125
2 0.62421875 0.1078125 0.0171875 0.03515625
2 0.5765625 0.11484375 0.0171875 0.03125
2 0.61484375 0.15078125 0.0203125 0.02578125
2 0.6734375 0.190625 0.021875 0.03515625
2 0.43125 0.221875 0.01640625 0.03515625
2 0.46875 0.22265625 0.0203125 0.03671875