2 0.46171875 0.309375 0.0671875 0.084375
2 0.30078125 0.30625 0.071875 0.09140625
2 0.6921875 0.30234375 0.071875 0.084375
2 0.171875 0.29765625 0.0796875 0.09375
2 0.1 0.33125 0.06484375 0.075
2 0.86328125 0.31171875 0.0578125 0.084375
2 0.83984375 0.3046875 0.05078125 0.0796875
2 0.3734375 0.34375 0.0453125 0.075
2 0.2203125 0.3484375 0.0359375 0.040625
2 0.428125 0.3375 0.03359375 0.0578125
2 0.58671875 0.30390625 0.053125 0.07265625
2 0.63203125 0.30859375 0.04296875 0.0578125
2 0.79296875 0.32265625 0.03359375 0.0484375
2 0.053125 0.340625 0.03359375 0.06953125
2 0.4625 0.03125 0.06953125 0.0625
2 0.3015625 0.03515625 0.07421875 0.06953125
2 0.69375 0.03515625 0.07421875 0.06953125
2 0.1703125 0.03984375 0.08203125 0.0796875
2 0.0984375 0.01796875 0.0671875 0.0359375
2 0.8640625 0.03046875 0.06015625 0.06015625
2 0.8390625 0.0328125 0.053125 0.06484375
2 0.37265625 0.01171875 0.0484375 0.0234375
2 0.42890625 0.0109375 0.0359375 0.021875
2 0.5875 0.03125 0.05546875 0.0625
2 0.63359375 0.025 0.0453125 0.05
2 0.79453125 0.015625 0.0359375 0.03125
2 0.05390625 0.01171875 0.0359375 0.0234375