2 0.84140625 0.26171875 0.0109375 0.0296875
2 0.90703125 0.271875 0.01015625 0.0265625
2 0.865625 0.27890625 0.0109375 0.0328125
2 0.81953125 0.26640625 0.0109375 0.03125
2 0.828125 0.27890625 0.0109375 0.03125
2 0.82734375 0.3078125 0.01484375 0.03671875
2 0.85859375 0.32578125 0.0140625 0.03984375
2 0.90546875 0.3078125 0.01171875 0.03125
2 0.9015625 0.3390625 0.0140625 0.03828125
2 0.9 0.35234375 0.015625 0.03984375
2 0.84453125 0.36953125 0.01484375 0.03671875
2 0.85859375 0.40625 0.0203125 0.05078125
2 0.83359375 0.390625 0.01796875 0.0453125
2 0.88359375 0.4640625 0.02421875 0.06171875
2 0.8125 0.43828125 0.021875 0.05078125
2 0.80625 0.4953125 0.02578125 0.06171875
2 0.7515625 0.43828125 0.02265625 0.05390625
2 0.78359375 0.3671875 0.015625 0.046875
2 0.790625 0.30234375 0.015625 0.03515625
2 0.78671875 0.2484375 0.01171875 0.028125
2 0.7953125 0.271875 0.0125 0.028125
2 0.75 0.290625 0.0125 0.03671875
2 0.7234375 0.23515625 0.0109375 0.025
2 0.71796875 0.24609375 0.0109375 0.0296875
2 0.75859375 0.24921875 0.01171875 0.0328125
2 0.7140625 0.2703125 0.01171875 0.0328125
2 0.70390625 0.2890625 0.01328125 0.03671875
2 0.80546875 0.35390625 0.0140625 0.03984375
2 0.6859375 0.26015625 0.01171875 0.0328125
2 0.6671875 0.22890625 0.0109375 0.0265625
2 0.64453125 0.22421875 0.009375 0.028125
2 0.6578125 0.2328125 0.00859375 0.028125
2 0.6609375 0.2671875 0.01328125 0.0328125
2 0.61484375 0.25546875 0.01171875 0.028125
2 0.66328125 0.32421875 0.015625 0.03984375
2 0.6734375 0.353125 0.0171875 0.04921875
2 0.615625 0.296875 0.0171875 0.040625
2 0.63125 0.3328125 0.02109375 0.03984375
2 0.59296875 0.20859375 0.009375 0.025
2 0.61796875 0.2296875 0.01015625 0.025
2 0.584375 0.25234375 0.0109375 0.025
2 0.5359375 0.23203125 0.01015625 0.02421875
2 0.5546875 0.228125 0.0109375 0.0265625
2 0.5625 0.24375 0.01015625 0.025
2 0.5609375 0.26484375 0.0109375 0.03359375
2 0.58359375 0.32265625 0.015625 0.03984375
2 0.59453125 0.36953125 0.01953125 0.04765625
2 0.540625 0.28359375 0.0125 0.03671875
2 0.49140625 0.26484375 0.0125 0.0328125
2 0.51328125 0.26328125 0.01328125 0.0328125
2 0.496875 0.31484375 0.0125 0.03671875
2 0.46015625 0.278125 0.009375 0.025
2 0.44765625 0.25390625 0.01171875 0.028125
2 0.43203125 0.2578125 0.01015625 0.02265625
2 0.42265625 0.28125 0.0140625 0.0328125
2 0.39921875 0.3015625 0.0125 0.028125
2 0.40078125 0.27890625 0.0125 0.028125
2 0.425 0.309375 0.01484375 0.03515625
2 0.4609375 0.30703125 0.01484375 0.03515625
2 0.43203125 0.34921875 0.01796875 0.046875
2 0.4875 0.3859375 0.0234375 0.0609375
2 0.35078125 0.29375 0.01015625 0.03125
2 0.35 0.32734375 0.01171875 0.03125
2 0.384375 0.265625 0.01328125 0.0296875
2 0.38203125 0.334375 0.01328125 0.03671875
2 0.40078125 0.34375 0.015625 0.03828125
2 0.28046875 0.309375 0.01328125 0.0328125
2 0.28515625 0.365625 0.01640625 0.0421875
2 0.30703125 0.39453125 0.021875 0.04375
2 0.22578125 0.34296875 0.01328125 0.03359375
2 0.2375 0.39609375 0.01953125 0.03125
2 0.6953125 0.49921875 0.028125 0.0734375
2 0.7109375 0.3953125 0.0234375 0.05625
2 0.646875 0.3859375 0.021875 0.06328125
2 0.65234375 0.43125 0.02734375 0.06328125
2 0.60234375 0.425 0.02421875 0.06328125
2 0.53125 0.40390625 0.02265625 0.06328125
2 0.17421875 0.48359375 0.0421875 0.0984375
2 0.73671875 0.26015625 0.01015625 0.02421875
2 0.7515625 0.2625 0.0125 0.03125