2 0.1578125 0.64375 0.228125 0.3140625
2 0.0375 0.40859375 0.06875 0.11875
2 0.071875 0.3390625 0.0828125 0.1046875
2 0.03984375 0.26640625 0.0625 0.09296875
2 0.140625 0.3640625 0.059375 0.1125
2 0.190625 0.29140625 0.0578125 0.08671875
2 0.1953125 0.5140625 0.1609375 0.19921875
2 0.22421875 0.4328125 0.11953125 0.1578125
2 0.30234375 0.3921875 0.0796875 0.15
2 0.3453125 0.32265625 0.0640625 0.10859375
2 0.46953125 0.3375 0.075 0.115625
2 0.48828125 0.2890625 0.046875 0.0828125
2 0.6328125 0.34453125 0.06484375 0.1375
2 0.6671875 0.35234375 0.071875 0.121875
2 0.75234375 0.40703125 0.1125 0.1984375
2 0.8703125 0.38671875 0.13984375 0.21640625