2 0.25078125 0.3640625 0.03671875 0.0734375
2 0.25625 0.28125 0.01953125 0.03515625
2 0.28359375 0.2671875 0.01953125 0.03359375
2 0.3015625 0.2546875 0.0203125 0.03828125
2 0.309375 0.296875 0.02734375 0.04140625
2 0.31015625 0.2296875 0.0171875 0.028125
2 0.33203125 0.22421875 0.0171875 0.03359375
2 0.34453125 0.26875 0.0203125 0.046875
2 0.36015625 0.22265625 0.01875 0.03984375
2 0.3765625 0.21015625 0.01796875 0.03828125
2 0.403125 0.22734375 0.01953125 0.04296875
2 0.42734375 0.2734375 0.02109375 0.04453125
2 0.428125 0.240625 0.01796875 0.03671875
2 0.4109375 0.1703125 0.01328125 0.03515625
2 0.4609375 0.234375 0.0203125 0.046875
2 0.46640625 0.19453125 0.015625 0.03359375
2 0.4765625 0.1625 0.0109375 0.0265625
2 0.46796875 0.15390625 0.0125 0.025
2 0.4515625 0.13671875 0.0109375 0.021875
2 0.4296875 0.19140625 0.01796875 0.0296875
2 0.50625 0.18828125 0.01875 0.03125
2 0.4828125 0.13125 0.0125 0.0265625
2 0.51953125 0.159375 0.0171875 0.0296875
2 0.52265625 0.1328125 0.01484375 0.0296875
2 0.53671875 0.15859375 0.01953125 0.03515625
2 0.55859375 0.1625 0.01953125 0.03671875
2 0.53671875 0.19921875 0.0203125 0.0296875
2 0.546875 0.13125 0.0109375 0.0234375
2 0.55859375 0.1109375 0.0171875 0.0234375
2 0.5859375 0.09609375 0.0140625 0.0265625
2 0.59140625 0.11796875 0.01484375 0.0265625
2 0.59140625 0.14609375 0.015625 0.03359375
2 0.6078125 0.1375 0.01875 0.03359375
2 0.62421875 0.1171875 0.0125 0.028125
2 0.625 0.09921875 0.01328125 0.028125
2 0.6484375 0.09765625 0.0125 0.0296875
2 0.65078125 0.1171875 0.01484375 0.03125
2 0.684375 0.10625 0.0171875 0.03359375
2 0.67890625 0.15078125 0.01875 0.046875
2 0.63828125 0.19609375 0.01953125 0.03671875
2 0.6 0.22109375 0.02265625 0.05
2 0.5625 0.2390625 0.0234375 0.046875
2 0.53671875 0.31953125 0.0296875 0.06171875
2 0.4828125 0.3 0.02890625 0.0515625
2 0.58203125 0.3640625 0.03359375 0.06328125
2 0.67734375 0.33671875 0.03046875 0.06171875
2 0.659375 0.259375 0.02265625 0.046875
2 0.65625 0.209375 0.0234375 0.046875
2 0.6953125 0.2203125 0.025 0.0484375
2 0.70625 0.178125 0.02109375 0.03984375
2 0.70859375 0.14453125 0.01875 0.03359375
2 0.725 0.16953125 0.015625 0.03984375
2 0.7421875 0.1921875 0.02265625 0.0484375
2 0.74765625 0.21796875 0.02109375 0.03984375
2 0.77890625 0.28984375 0.028125 0.06171875
2 0.7125 0.2921875 0.025 0.05625
2 0.73125 0.13125 0.0171875 0.03671875
2 0.7546875 0.10703125 0.01328125 0.03125
2 0.77109375 0.12421875 0.0140625 0.0234375
2 0.7734375 0.16015625 0.02109375 0.03515625
2 0.8015625 0.18203125 0.01796875 0.03828125
2 0.81875 0.25234375 0.025 0.05
2 0.8453125 0.196875 0.01484375 0.03828125
2 0.83359375 0.16640625 0.01484375 0.03671875
2 0.82421875 0.14140625 0.015625 0.03359375
2 0.79609375 0.14453125 0.0125 0.0265625
2 0.8046875 0.13125 0.0109375 0.0296875
2 0.8578125 0.15703125 0.01484375 0.03515625
2 0.86484375 0.12578125 0.015625 0.028125
2 0.890625 0.12890625 0.0140625 0.03125
2 0.89609375 0.16171875 0.0171875 0.03515625
2 0.88125 0.16953125 0.01953125 0.03359375
2 0.86875 0.2015625 0.01796875 0.04140625
2 0.865625 0.22734375 0.01796875 0.03359375
2 0.928125 0.275 0.02265625 0.04453125
2 0.89375 0.21015625 0.01796875 0.04140625
2 0.92421875 0.20625 0.01796875 0.03359375
2 0.92109375 0.17578125 0.0125 0.0265625
2 0.92265625 0.15234375 0.0125 0.021875