2 0.20859375 0.46953125 0.04375 0.0796875
2 0.30546875 0.23671875 0.01875 0.04140625
2 0.3234375 0.18046875 0.01328125 0.02265625
2 0.33828125 0.20859375 0.0109375 0.03125
2 0.41015625 0.16171875 0.01171875 0.01875
2 0.425 0.17265625 0.0125 0.02421875
2 0.43671875 0.22734375 0.0203125 0.0296875
2 0.44921875 0.17890625 0.01953125 0.0296875
2 0.4515625 0.1453125 0.01328125 0.02734375
2 0.49453125 0.21015625 0.0203125 0.0328125
2 0.48828125 0.32734375 0.02265625 0.0328125
2 0.55859375 0.31171875 0.02421875 0.05390625
2 0.59765625 0.32265625 0.02265625 0.05546875
2 0.63515625 0.34609375 0.0265625 0.05
2 0.64140625 0.24609375 0.01875 0.0359375
2 0.58046875 0.24609375 0.0203125 0.04296875
2 0.659375 0.30859375 0.0203125 0.0359375
2 0.7 0.2546875 0.02109375 0.0359375
2 0.68046875 0.2125 0.01640625 0.034375
2 0.62578125 0.20234375 0.0171875 0.034375
2 0.65859375 0.18203125 0.015625 0.0359375
2 0.584375 0.17578125 0.01640625 0.02734375
2 0.5203125 0.1734375 0.02109375 0.0328125
2 0.4984375 0.159375 0.0171875 0.0296875
2 0.47578125 0.14609375 0.01328125 0.02578125
2 0.52265625 0.1015625 0.01171875 0.02734375
2 0.584375 0.11015625 0.01328125 0.03125
2 0.565625 0.1453125 0.015625 0.034375
2 0.625 0.13984375 0.0125 0.03125
2 0.6 0.12109375 0.01484375 0.02734375
2 0.60625 0.05859375 0.0125 0.02421875
2 0.6546875 0.1046875 0.0125 0.02265625
2 0.6828125 0.10078125 0.01171875 0.02265625
2 0.6984375 0.11953125 0.01171875 0.02109375
2 0.66640625 0.1203125 0.009375 0.02578125
2 0.63515625 0.11796875 0.01484375 0.02578125
2 0.521875 0.134375 0.0171875 0.02421875
2 0.5375 0.13828125 0.01171875 0.02421875
2 0.775 0.13671875 0.01171875 0.02421875
2 0.75546875 0.15625 0.0109375 0.0328125
2 0.7734375 0.18828125 0.0125 0.03125
2 0.771875 0.26953125 0.02265625 0.04453125
2 0.8109375 0.253125 0.01953125 0.0328125
2 0.80390625 0.21484375 0.01328125 0.03984375
2 0.8203125 0.21953125 0.01640625 0.04140625
2 0.8046875 0.1828125 0.01875 0.02421875
2 0.91640625 0.1671875 0.01484375 0.03125
2 0.9359375 0.2 0.0109375 0.03125
2 0.8921875 0.19375 0.01875 0.02421875
2 0.86484375 0.20859375 0.01953125 0.03125
2 0.846875 0.2046875 0.0125 0.04296875
2 0.8703125 0.2921875 0.0203125 0.04453125
2 0.8921875 0.23046875 0.01484375 0.046875
2 0.915625 0.25234375 0.015625 0.04140625
2 0.91171875 0.36171875 0.025 0.05
2 0.8515625 0.3703125 0.0203125 0.046875
2 0.79296875 0.3953125 0.03046875 0.0515625
2 0.8859375 0.44375 0.03125 0.065625
2 0.73671875 0.1796875 0.01640625 0.03828125
2 0.615625 0.10390625 0.01171875 0.02734375
2 0.83203125 0.19453125 0.01484375 0.0359375
2 0.8265625 0.17265625 0.01484375 0.03125
2 0.8765625 0.1578125 0.0125 0.0328125
2 0.86640625 0.18359375 0.0125 0.0328125
2 0.54609375 0.16875 0.01640625 0.0328125
2 0.709375 0.171875 0.01484375 0.02578125