2 0.87421875 0.14453125 0.0109375 0.03203125
2 0.8875 0.190625 0.01171875 0.03203125
2 0.89140625 0.2140625 0.01796875 0.04296875
2 0.92734375 0.25703125 0.02109375 0.0484375
2 0.87421875 0.25078125 0.0203125 0.05
2 0.8578125 0.32734375 0.02109375 0.06015625
2 0.853125 0.190625 0.015625 0.0375
2 0.79296875 0.2828125 0.0203125 0.0625
2 0.8421875 0.21640625 0.01796875 0.04453125
2 0.8328125 0.23046875 0.01875 0.0484375
2 0.78671875 0.19296875 0.015625 0.04296875
2 0.8015625 0.153125 0.01328125 0.0359375
2 0.809375 0.17734375 0.01640625 0.0390625
2 0.81953125 0.1671875 0.0140625 0.0359375
2 0.73359375 0.15546875 0.0140625 0.03203125
2 0.75703125 0.1515625 0.0140625 0.03515625
2 0.76953125 0.17265625 0.015625 0.0359375
2 0.75703125 0.2234375 0.01953125 0.04453125
2 0.7265625 0.22109375 0.0171875 0.04296875
2 0.74140625 0.2609375 0.02734375 0.05546875
2 0.7453125 0.34921875 0.03046875 0.07109375
2 0.6828125 0.31875 0.02578125 0.07421875
2 0.671875 0.25 0.0203125 0.0546875
2 0.628125 0.23359375 0.0234375 0.0546875
2 0.65390625 0.2234375 0.01953125 0.04453125
2 0.65234375 0.16953125 0.01640625 0.0375
2 0.69140625 0.20546875 0.015625 0.0375
2 0.68671875 0.17265625 0.01484375 0.03046875
2 0.67734375 0.125 0.0109375 0.0265625
2 0.64921875 0.12265625 0.0140625 0.028125
2 0.61640625 0.10078125 0.0109375 0.02265625
2 0.59453125 0.16171875 0.01171875 0.03046875
2 0.5875 0.14609375 0.01171875 0.03359375
2 0.6140625 0.1453125 0.01171875 0.03046875
2 0.62265625 0.1375 0.01171875 0.0265625
2 0.50546875 0.13125 0.00859375 0.01953125
2 0.55078125 0.153125 0.01328125 0.028125
2 0.546875 0.19296875 0.01484375 0.0375
2 0.53203125 0.17578125 0.01640625 0.0359375
2 0.51796875 0.18984375 0.01640625 0.0390625
2 0.57734375 0.23671875 0.021875 0.04296875
2 0.49375 0.20703125 0.01796875 0.0375
2 0.44921875 0.159375 0.0109375 0.02890625
2 0.4609375 0.16796875 0.01328125 0.03515625
2 0.45390625 0.2265625 0.01484375 0.04296875
2 0.4984375 0.29609375 0.02265625 0.0484375
2 0.5484375 0.3171875 0.02734375 0.0515625
2 0.36875 0.2078125 0.0171875 0.03046875
2 0.40390625 0.18984375 0.01171875 0.028125
2 0.4234375 0.215625 0.015625 0.040625
2 0.40625 0.2796875 0.01875 0.0484375
2 0.3640625 0.2796875 0.01640625 0.04609375
2 0.33359375 0.22421875 0.01484375 0.040625
2 0.36171875 0.2484375 0.0171875 0.03359375
2 0.3203125 0.259375 0.01328125 0.03359375
2 0.33203125 0.2609375 0.0171875 0.0421875
2 0.28046875 0.25078125 0.01328125 0.028125
2 0.27578125 0.26875 0.01640625 0.03515625
2 0.2015625 0.425 0.03984375 0.0921875