2 0.14921875 0.71171875 0.1484375 0.30859375
2 0.06953125 0.49453125 0.1046875 0.1828125
2 0.16640625 0.4671875 0.0765625 0.13984375
2 0.20546875 0.24609375 0.05859375 0.103125
2 0.1078125 0.3703125 0.06171875 0.1171875
2 0.1015625 0.2640625 0.053125 0.10546875
2 0.03203125 0.21171875 0.053125 0.10859375
2 0.4609375 0.415625 0.0453125 0.07734375
2 0.49453125 0.39140625 0.0546875 0.096875
2 0.58359375 0.4296875 0.06328125 0.11171875
2 0.57265625 0.396875 0.04140625 0.0796875
2 0.62109375 0.39296875 0.0453125 0.0828125
2 0.65703125 0.3796875 0.03671875 0.0859375
2 0.734375 0.5328125 0.08828125 0.16875
2 0.7390625 0.42265625 0.05859375 0.1203125
2 0.7625 0.44296875 0.0484375 0.096875
2 0.8671875 0.43828125 0.08828125 0.15703125
2 0.9546875 0.584375 0.08671875 0.1796875
2 0.959375 0.40390625 0.0484375 0.09453125
2 0.9859375 0.42890625 0.025 0.0859375