2 0.11640625 0.603125 0.15546875 0.10234375
2 0.071875 0.7921875 0.140625 0.171875
2 0.36484375 0.77578125 0.240625 0.16796875
2 0.60859375 0.75234375 0.22421875 0.16796875
2 0.840625 0.7578125 0.22578125 0.13046875
2 0.38125 0.60078125 0.1484375 0.090625
2 0.6984375 0.54609375 0.140625 0.09140625
2 0.5859375 0.5875 0.1609375 0.08125
2 0.56875 0.27265625 0.140625 0.0875
2 0.80625 0.57109375 0.128125 0.071875
2 0.90078125 0.55078125 0.11328125 0.071875
2 0.96015625 0.53046875 0.07578125 0.06953125