2 0.8703125 0.2609375 0.01015625 0.02890625
2 0.89453125 0.2984375 0.01328125 0.03359375
2 0.90625 0.3328125 0.0140625 0.0359375
2 0.9140625 0.32109375 0.01171875 0.03046875
2 0.93046875 0.3078125 0.01171875 0.02890625
2 0.93046875 0.3546875 0.015625 0.0390625
2 0.9046875 0.40625 0.02109375 0.05234375
2 0.90234375 0.46171875 0.0265625 0.0609375
2 0.8796875 0.33515625 0.015625 0.04375
2 0.87578125 0.36640625 0.01875 0.04765625
2 0.859375 0.39296875 0.02265625 0.0578125
2 0.8453125 0.44765625 0.02734375 0.05625
2 0.81953125 0.51953125 0.02890625 0.0640625
2 0.7890625 0.4296875 0.021875 0.04921875
2 0.81015625 0.37421875 0.0203125 0.04921875
2 0.8125 0.34375 0.01796875 0.0375
2 0.81796875 0.31328125 0.0171875 0.0375
2 0.81015625 0.27734375 0.0125 0.02890625
2 0.83984375 0.26875 0.0109375 0.02890625
2 0.840625 0.31640625 0.0140625 0.0375
2 0.8484375 0.28671875 0.0125 0.0359375
2 0.85703125 0.28125 0.0125 0.03203125
2 0.75234375 0.240625 0.01171875 0.02890625
2 0.76015625 0.26953125 0.0125 0.02734375
2 0.7703125 0.290625 0.01328125 0.03359375
2 0.7796875 0.25 0.0125 0.02890625
2 0.7890625 0.2609375 0.01328125 0.03203125
2 0.74140625 0.26015625 0.01328125 0.0359375
2 0.70234375 0.25625 0.0125 0.03046875
2 0.72578125 0.29609375 0.01328125 0.03203125
2 0.70390625 0.303125 0.01796875 0.0375
2 0.7328125 0.4140625 0.025 0.05390625
2 0.68984375 0.36171875 0.01875 0.04375
2 0.64609375 0.35 0.01875 0.04375
2 0.6578125 0.37578125 0.0265625 0.05546875
2 0.6703125 0.4578125 0.03125 0.065625
2 0.70625 0.49296875 0.0359375 0.07421875
2 0.67734375 0.27890625 0.0171875 0.03515625
2 0.6734375 0.22109375 0.0109375 0.02734375
2 0.6765625 0.23828125 0.01171875 0.02578125
2 0.69453125 0.2296875 0.01171875 0.025
2 0.62890625 0.21875 0.01171875 0.025
2 0.60859375 0.2140625 0.0109375 0.025
2 0.559375 0.234375 0.0109375 0.025
2 0.57734375 0.23671875 0.00859375 0.0234375
2 0.58359375 0.26484375 0.0125 0.03046875
2 0.5984375 0.23203125 0.01171875 0.02578125
2 0.59921875 0.259375 0.01171875 0.03046875
2 0.640625 0.2359375 0.01171875 0.03359375
2 0.6390625 0.2546875 0.0109375 0.03046875
2 0.63203125 0.30625 0.015625 0.03515625
2 0.60234375 0.3390625 0.01875 0.04765625
2 0.6140625 0.371875 0.021875 0.0578125
2 0.54375 0.27890625 0.0171875 0.03515625
2 0.56171875 0.29453125 0.015625 0.0375
2 0.5125 0.2765625 0.01640625 0.03046875
2 0.5171875 0.25390625 0.01171875 0.02890625
2 0.51015625 0.32734375 0.01953125 0.0421875
2 0.53828125 0.38984375 0.021875 0.04765625
2 0.55078125 0.41484375 0.02890625 0.05234375
2 0.40859375 0.28203125 0.01328125 0.03046875
2 0.41015625 0.31015625 0.01328125 0.03359375
2 0.4484375 0.271875 0.0125 0.03046875
2 0.46953125 0.25 0.01015625 0.02578125
2 0.47578125 0.27734375 0.01171875 0.03203125
2 0.47265625 0.31171875 0.01328125 0.03515625
2 0.43515625 0.31953125 0.015625 0.040625
2 0.4484375 0.3515625 0.02109375 0.04375
2 0.38671875 0.3421875 0.015625 0.0359375
2 0.4078125 0.35078125 0.015625 0.0453125
2 0.39453125 0.2625 0.0109375 0.02578125
2 0.3578125 0.30703125 0.0140625 0.03359375
2 0.33828125 0.36875 0.02109375 0.04921875
2 0.359375 0.34375 0.01328125 0.02890625
2 0.4671875 0.42265625 0.02578125 0.0578125
2 0.0328125 0.41328125 0.0203125 0.0421875
2 0.23359375 0.3515625 0.01328125 0.03515625
2 0.2609375 0.38828125 0.01640625 0.0421875
2 0.29140625 0.3765625 0.0171875 0.0421875
2 0.29140625 0.3140625 0.01484375 0.0359375