2 0.171875 0.371875 0.0359375 0.06484375
2 0.16328125 0.33671875 0.02734375 0.04140625
2 0.22265625 0.30859375 0.0328125 0.05390625
2 0.23125 0.26640625 0.025 0.03984375
2 0.28046875 0.24453125 0.01953125 0.0375
2 0.3484375 0.5140625 0.05859375 0.10078125
2 0.3640625 0.4421875 0.04921875 0.078125
2 0.32578125 0.34296875 0.03984375 0.078125
2 0.3015625 0.2203125 0.02265625 0.046875
2 0.32265625 0.2390625 0.01953125 0.046875
2 0.35078125 0.2328125 0.0234375 0.04921875
2 0.37578125 0.21875 0.02734375 0.0546875
2 0.396875 0.2125 0.025 0.0484375