2 0.08515625 0.7109375 0.14609375 0.22734375
2 0.015625 0.48203125 0.03125 0.0546875
2 0.06953125 0.5015625 0.0546875 0.0640625
2 0.0671875 0.459375 0.03984375 0.053125
2 0.125 0.453125 0.03984375 0.03671875
2 0.19140625 0.471875 0.03984375 0.0578125
2 0.24921875 0.45703125 0.0375 0.05546875
2 0.29765625 0.59375 0.08203125 0.09296875
2 0.325 0.515625 0.053125 0.08125
2 0.303125 0.4703125 0.0296875 0.04453125
2 0.41015625 0.48515625 0.04140625 0.04921875
2 0.44609375 0.47734375 0.0328125 0.03359375
2 0.4453125 0.459375 0.025 0.03125
2 0.5890625 0.45234375 0.0234375 0.0390625
2 0.6234375 0.48125 0.0390625 0.0609375
2 0.5984375 0.4796875 0.02890625 0.0375
2 0.659375 0.5140625 0.0515625 0.0734375
2 0.70390625 0.58125 0.06328125 0.084375
2 0.92578125 0.671875 0.14765625 0.21171875
2 0.90234375 0.5421875 0.0546875 0.07421875
2 0.95546875 0.47265625 0.04140625 0.05546875
2 0.83671875 0.4796875 0.04921875 0.07109375
2 0.78671875 0.47578125 0.03828125 0.05859375
2 0.74609375 0.46328125 0.02421875 0.04140625