2 0.39453125 0.19453125 0.0234375 0.0328125
2 0.43671875 0.21171875 0.01953125 0.03671875
2 0.46796875 0.23046875 0.02578125 0.04140625
2 0.5734375 0.17421875 0.01875 0.03671875
2 0.58671875 0.1921875 0.0171875 0.0453125
2 0.65703125 0.13125 0.0140625 0.03125
2 0.70390625 0.178125 0.0203125 0.04140625
2 0.7015625 0.21484375 0.0234375 0.04140625
2 0.6515625 0.2265625 0.0234375 0.0515625
2 0.65234375 0.27578125 0.02890625 0.03984375
2 0.65859375 0.32421875 0.02890625 0.05703125
2 0.72109375 0.2609375 0.02578125 0.0484375
2 0.7546875 0.16796875 0.025 0.0515625
2 0.9765625 0.240625 0.0203125 0.04140625