2 0.2046875 0.48125 0.05234375 0.09921875
2 0.29609375 0.465625 0.0484375 0.09921875
2 0.303125 0.175 0.01875 0.0375
2 0.38203125 0.171875 0.01875 0.040625
2 0.3984375 0.1046875 0.01328125 0.0296875
2 0.41953125 0.16171875 0.01640625 0.0296875
2 0.44765625 0.1703125 0.015625 0.03125
2 0.47890625 0.1828125 0.01953125 0.03125
2 0.4953125 0.153125 0.0140625 0.03125
2 0.5171875 0.15078125 0.015625 0.0328125
2 0.5390625 0.16484375 0.01640625 0.0328125
2 0.571875 0.15859375 0.01796875 0.0328125
2 0.76171875 0.11796875 0.01796875 0.0375