2 0.33984375 0.0734375 0.0328125 0.0625
2 0.52109375 0.2765625 0.0328125 0.06875
2 0.54453125 0.30234375 0.0484375 0.065625
2 0.60546875 0.30859375 0.040625 0.06015625
2 0.64609375 0.31171875 0.040625 0.065625
2 0.71796875 0.3140625 0.04453125 0.071875
2 0.79609375 0.325 0.040625 0.08046875
2 0.8390625 0.33046875 0.0484375 0.08671875
2 0.9265625 0.384375 0.06015625 0.0984375
2 0.8890625 0.5421875 0.1015625 0.16796875
2 0.69765625 0.5421875 0.08984375 0.15
2 0.59921875 0.6421875 0.1109375 0.18828125
2 0.3828125 0.746875 0.13828125 0.21875
2 0.18046875 0.6484375 0.11875 0.15859375
2 0.13359375 0.5359375 0.0875 0.1375
2 0.059375 0.5375 0.08359375 0.140625