2 0.06328125 0.56015625 0.0484375 0.11171875
2 0.17578125 0.29296875 0.0203125 0.0421875
2 0.20625 0.278125 0.0234375 0.0609375
2 0.23203125 0.24609375 0.01796875 0.05234375
2 0.28203125 0.23203125 0.0203125 0.05234375
2 0.290625 0.2 0.01953125 0.046875
2 0.3125 0.2171875 0.01875 0.0578125
2 0.3296875 0.2015625 0.01640625 0.046875
2 0.353125 0.2515625 0.01953125 0.059375
2 0.3796875 0.2328125 0.01796875 0.046875
2 0.34765625 0.1859375 0.01640625 0.04375
2 0.3734375 0.17890625 0.01875 0.046875
2 0.4140625 0.18046875 0.0171875 0.03671875
2 0.41015625 0.15078125 0.01640625 0.0328125
2 0.41484375 0.3125 0.025 0.0625
2 0.45546875 0.24375 0.021875 0.05390625
2 0.4359375 0.15625 0.0171875 0.03984375
2 0.4625 0.1609375 0.01875 0.0453125
2 0.47890625 0.1921875 0.01484375 0.03828125
2 0.5125 0.21484375 0.0171875 0.0453125
2 0.4796875 0.14140625 0.015625 0.03515625
2 0.50234375 0.15859375 0.0171875 0.0453125
2 0.51328125 0.15 0.0140625 0.0421875
2 0.53828125 0.121875 0.01484375 0.03828125
2 0.54375 0.14921875 0.01875 0.03671875
2 0.565625 0.1203125 0.01640625 0.03828125
2 0.58203125 0.109375 0.0171875 0.03984375
2 0.56875 0.1625 0.01796875 0.0421875
2 0.559375 0.19609375 0.0203125 0.046875
2 0.58984375 0.18046875 0.01796875 0.046875
2 0.59453125 0.1390625 0.0140625 0.03671875
2 0.61015625 0.1859375 0.01875 0.04375
2 0.6171875 0.1140625 0.01640625 0.04375
2 0.6359375 0.13515625 0.01640625 0.03984375
2 0.64609375 0.11484375 0.0171875 0.04921875
2 0.6453125 0.171875 0.01484375 0.03671875
2 0.67734375 0.1484375 0.01484375 0.03828125
2 0.684375 0.12109375 0.0171875 0.03671875
2 0.7015625 0.146875 0.0171875 0.0453125
2 0.54375 0.3359375 0.02578125 0.075
2 0.58046875 0.38828125 0.025 0.06796875
2 0.60625 0.284375 0.0296875 0.06640625
2 0.65 0.25859375 0.025 0.0625
2 0.6484375 0.39609375 0.028125 0.0625
2 0.7171875 0.3921875 0.028125 0.06796875
2 0.7859375 0.4453125 0.03125 0.08359375
2 0.71875 0.25546875 0.021875 0.0578125
2 0.74296875 0.28359375 0.0234375 0.05390625
2 0.73125 0.2171875 0.01953125 0.05078125
2 0.69921875 0.20078125 0.015625 0.03828125
2 0.75625 0.1875 0.01171875 0.0328125
2 0.76875 0.18984375 0.0203125 0.06640625
2 0.80234375 0.17890625 0.0171875 0.046875
2 0.81328125 0.21328125 0.01796875 0.0421875
2 0.82265625 0.20234375 0.015625 0.059375
2 0.78359375 0.2515625 0.01953125 0.04921875
2 0.80703125 0.28671875 0.0203125 0.0609375
2 0.8515625 0.33359375 0.02109375 0.05234375
2 0.8640625 0.30390625 0.0203125 0.06640625
2 0.884375 0.2734375 0.01640625 0.05078125
2 0.8609375 0.21796875 0.015625 0.0421875
2 0.8953125 0.24921875 0.0140625 0.0453125
2 0.90078125 0.2234375 0.0140625 0.0421875
2 0.92421875 0.32734375 0.01953125 0.05390625
2 0.92734375 0.26171875 0.0125 0.0421875
2 0.94296875 0.2296875 0.0140625 0.03984375
2 0.88125 0.41796875 0.02421875 0.08203125
2 0.8609375 0.49140625 0.03359375 0.07890625
2 0.95390625 0.46796875 0.0234375 0.08359375
2 0.95859375 0.36328125 0.01953125 0.04921875
2 0.971875 0.3609375 0.0171875 0.05546875
2 0.96484375 0.31171875 0.015625 0.05078125
2 0.97265625 0.29765625 0.01328125 0.0328125
2 0.97890625 0.246875 0.01484375 0.03984375