1 0.47265625 0.12734375 0.02734375 0.0640625
1 0.3578125 0.52265625 0.028125 0.071875
1 0.2953125 0.52265625 0.028125 0.071875
1 0.4140625 0.5203125 0.03671875 0.07578125
1 0.45078125 0.53984375 0.025 0.07578125
1 0.47421875 0.53984375 0.02890625 0.0921875
1 0.49609375 0.50234375 0.02421875 0.065625
1 0.50546875 0.553125 0.021875 0.07109375
1 0.54765625 0.58359375 0.03359375 0.08515625
1 0.5625 0.50625 0.02421875 0.065625
1 0.621875 0.55234375 0.028125 0.07734375
1 0.6140625 0.50390625 0.02578125 0.06171875
1 0.6390625 0.52265625 0.02421875 0.0640625
1 0.665625 0.5328125 0.0265625 0.0796875
1 0.70234375 0.5296875 0.025 0.06875
1 0.7046875 0.49296875 0.028125 0.0640625
1 0.7515625 0.48984375 0.0265625 0.05703125
1 0.7546875 0.528125 0.02578125 0.07265625
1 0.834375 0.50859375 0.03125 0.06875
1 0.81953125 0.60234375 0.03515625 0.084375
1 0.725 0.63203125 0.034375 0.0921875
1 0.43515625 0.725 0.0296875 0.08828125