2 0.2265625 0.403125 0.07109375 0.12578125
2 0.38515625 0.47265625 0.07421875 0.13671875
2 0.36015625 0.15390625 0.03046875 0.0453125
2 0.409375 0.19453125 0.025 0.046875
2 0.43984375 0.2078125 0.02109375 0.0453125
2 0.4453125 0.2546875 0.028125 0.0453125
2 0.4875 0.21640625 0.0265625 0.0453125
2 0.6 0.2046875 0.0203125 0.04296875
2 0.65234375 0.23203125 0.03515625 0.046875
2 0.5953125 0.103125 0.01796875 0.02734375
2 0.61484375 0.10625 0.01328125 0.025
2 0.64765625 0.10859375 0.0125 0.02734375
2 0.6796875 0.096875 0.01484375 0.02890625