2 0.03515625 0.36484375 0.03125 0.05546875
2 0.25390625 0.278125 0.021875 0.0390625
2 0.2875 0.259375 0.01796875 0.040625
2 0.29921875 0.2578125 0.0203125 0.040625
2 0.3234375 0.27421875 0.0203125 0.0375
2 0.34296875 0.26796875 0.01953125 0.0375
2 0.31484375 0.2203125 0.01796875 0.034375
2 0.3421875 0.22265625 0.015625 0.0296875
2 0.36953125 0.2265625 0.0171875 0.034375
2 0.36875 0.20390625 0.01875 0.03125
2 0.38203125 0.19765625 0.015625 0.0296875
2 0.4125 0.22109375 0.0171875 0.0390625
2 0.40625 0.2765625 0.028125 0.05234375
2 0.4390625 0.2234375 0.01796875 0.04765625
2 0.4296875 0.18828125 0.01796875 0.0328125
2 0.4109375 0.17109375 0.015625 0.03125
2 0.45 0.18671875 0.0171875 0.0328125
2 0.46796875 0.184375 0.01875 0.0375
2 0.45078125 0.14765625 0.0171875 0.0265625
2 0.47109375 0.14296875 0.01484375 0.03125
2 0.48203125 0.15703125 0.015625 0.0296875
2 0.47265625 0.23125 0.0203125 0.04453125
2 0.490625 0.19921875 0.01796875 0.040625
2 0.5109375 0.16015625 0.015625 0.0296875
2 0.48359375 0.12890625 0.0109375 0.02265625
2 0.53359375 0.13984375 0.01328125 0.028125
2 0.55390625 0.15078125 0.015625 0.0328125
2 0.56796875 0.1578125 0.01796875 0.040625
2 0.559375 0.11015625 0.01328125 0.028125
2 0.5875 0.11796875 0.01328125 0.02265625
2 0.58359375 0.1359375 0.01328125 0.0296875
2 0.61015625 0.1546875 0.01875 0.034375
2 0.60625 0.13359375 0.01484375 0.028125
2 0.590625 0.0984375 0.0140625 0.0296875
2 0.6171875 0.11484375 0.0125 0.0265625
2 0.63828125 0.109375 0.01328125 0.0296875
2 0.6484375 0.11484375 0.01328125 0.0265625
2 0.67421875 0.11484375 0.0140625 0.0296875
2 0.69765625 0.096875 0.0171875 0.0328125
2 0.48125 0.3046875 0.02734375 0.05859375
2 0.53125 0.20625 0.0234375 0.0390625
2 0.5390625 0.29921875 0.0265625 0.05859375
2 0.56484375 0.2515625 0.02265625 0.04453125
2 0.60703125 0.25078125 0.0234375 0.04921875
2 0.5984375 0.33203125 0.0296875 0.065625
2 0.67890625 0.32265625 0.0296875 0.05859375
2 0.65703125 0.26796875 0.0234375 0.04765625
2 0.6203125 0.20703125 0.0234375 0.04765625
2 0.65546875 0.20234375 0.0265625 0.04765625
2 0.65 0.17265625 0.01796875 0.040625
2 0.68203125 0.1546875 0.01953125 0.0375
2 0.6921875 0.17578125 0.0203125 0.040625
2 0.69765625 0.21171875 0.02421875 0.05078125
2 0.721875 0.265625 0.03203125 0.0609375
2 0.74765625 0.234375 0.02734375 0.05859375
2 0.78359375 0.2890625 0.0265625 0.0640625
2 0.81328125 0.2203125 0.0265625 0.05390625
2 0.73046875 0.19921875 0.01875 0.04453125
2 0.7109375 0.13515625 0.0171875 0.0375
2 0.73046875 0.15546875 0.01953125 0.0359375
2 0.73359375 0.1203125 0.01484375 0.028125
2 0.75 0.115625 0.01484375 0.028125
2 0.7484375 0.14765625 0.0171875 0.0390625
2 0.76015625 0.16015625 0.01796875 0.0359375
2 0.76640625 0.1265625 0.01328125 0.03125
2 0.78203125 0.1140625 0.01328125 0.03125
2 0.7953125 0.13359375 0.0125 0.03125
2 0.7953125 0.17421875 0.01953125 0.0375
2 0.81328125 0.16484375 0.0171875 0.0375
2 0.825 0.13203125 0.0171875 0.034375
2 0.81171875 0.1234375 0.015625 0.034375
2 0.84296875 0.18671875 0.0203125 0.0421875
2 0.8703125 0.22109375 0.01953125 0.0390625
2 0.91796875 0.2796875 0.028125 0.05546875
2 0.88984375 0.1875 0.0171875 0.0375
2 0.86875 0.165625 0.01875 0.0359375
2 0.8546875 0.15546875 0.0140625 0.0328125
2 0.86015625 0.13359375 0.0140625 0.028125
2 0.86640625 0.12265625 0.0140625 0.0265625
2 0.88671875 0.14921875 0.01484375 0.0265625
2 0.89609375 0.12734375 0.0109375 0.0265625
2 0.92265625 0.19921875 0.01328125 0.040625
2 0.9265625 0.1703125 0.0125 0.02265625
2 0.92578125 0.15390625 0.01015625 0.02265625