2 0.1171875 0.571875 0.05703125 0.109375
2 0.2703125 0.25859375 0.01484375 0.03828125
2 0.28125 0.2515625 0.015625 0.03984375
2 0.28984375 0.2875 0.01875 0.03984375
2 0.3734375 0.28203125 0.02109375 0.03828125
2 0.3609375 0.2671875 0.01484375 0.034375
2 0.346875 0.2390625 0.01640625 0.028125
2 0.36875 0.240625 0.01796875 0.03125
2 0.37578125 0.1875 0.01328125 0.03125
2 0.39296875 0.1921875 0.01640625 0.028125
2 0.41640625 0.18203125 0.01484375 0.0328125
2 0.41484375 0.14609375 0.01328125 0.028125
2 0.4484375 0.18515625 0.01796875 0.03671875
2 0.465625 0.1875 0.01953125 0.03828125
2 0.475 0.22421875 0.0203125 0.04140625
2 0.45 0.2265625 0.02421875 0.04296875
2 0.44375 0.1625 0.01328125 0.025
2 0.47578125 0.153125 0.01328125 0.028125
2 0.4703125 0.134375 0.0109375 0.021875
2 0.4890625 0.19453125 0.01953125 0.04453125
2 0.50625 0.17734375 0.015625 0.03125
2 0.5234375 0.20546875 0.02265625 0.04765625
2 0.50703125 0.13359375 0.0125 0.0265625
2 0.52421875 0.140625 0.01640625 0.0296875
2 0.5421875 0.12265625 0.01484375 0.0265625
2 0.55234375 0.11328125 0.01328125 0.028125
2 0.55859375 0.13359375 0.01328125 0.0296875
2 0.5703125 0.14921875 0.0125 0.03125
2 0.58515625 0.1765625 0.015625 0.03984375
2 0.58125 0.1046875 0.01328125 0.028125
2 0.59765625 0.10859375 0.009375 0.028125
2 0.61328125 0.1 0.0140625 0.03125
2 0.61015625 0.15859375 0.015625 0.0296875
2 0.65234375 0.171875 0.01875 0.03984375
2 0.6453125 0.13515625 0.0140625 0.0296875
2 0.6484375 0.11796875 0.0125 0.028125
2 0.64140625 0.10234375 0.01328125 0.0296875
2 0.67265625 0.10078125 0.015625 0.0328125
2 0.696875 0.115625 0.01328125 0.0296875
2 0.55 0.1796875 0.01640625 0.03125
2 0.49765625 0.29140625 0.0328125 0.06484375
2 0.53984375 0.3203125 0.02734375 0.053125
2 0.575 0.2453125 0.02265625 0.04140625
2 0.61953125 0.2453125 0.02421875 0.04765625
2 0.63359375 0.20078125 0.01796875 0.034375
2 0.6640625 0.21328125 0.02421875 0.04921875
2 0.70078125 0.14921875 0.01484375 0.03125
2 0.709375 0.178125 0.01796875 0.04609375
2 0.7296875 0.19609375 0.01953125 0.04765625
2 0.72734375 0.246875 0.02109375 0.0546875
2 0.70078125 0.234375 0.025 0.04609375
2 0.75390625 0.134375 0.0140625 0.03125
2 0.75 0.11328125 0.01328125 0.025
2 0.7640625 0.125 0.01484375 0.03125
2 0.79453125 0.13828125 0.01796875 0.03828125
2 0.8109375 0.14453125 0.01640625 0.04140625
2 0.83125 0.1375 0.0140625 0.0328125
2 0.85234375 0.12578125 0.0125 0.0328125
2 0.86640625 0.1296875 0.01328125 0.025
2 0.86015625 0.165625 0.015625 0.03671875
2 0.86953125 0.15703125 0.0125 0.0234375
2 0.8859375 0.20078125 0.01796875 0.034375
2 0.8890625 0.1703125 0.01484375 0.0265625
2 0.9 0.16328125 0.01328125 0.0296875
2 0.89765625 0.13203125 0.00859375 0.0265625
2 0.9265625 0.21015625 0.01796875 0.03984375
2 0.93046875 0.24765625 0.01953125 0.03671875
2 0.9140625 0.265625 0.0203125 0.04140625
2 0.91171875 0.3109375 0.0296875 0.059375
2 0.89765625 0.4078125 0.03515625 0.084375
2 0.81328125 0.40625 0.03671875 0.0796875
2 0.74453125 0.38046875 0.03203125 0.07265625
2 0.69453125 0.30625 0.03984375 0.07421875
2 0.6265625 0.3140625 0.0390625 0.06953125
2 0.7625 0.24375 0.02734375 0.06796875
2 0.77265625 0.18203125 0.0203125 0.03984375
2 0.8109375 0.253125 0.02421875 0.053125
2 0.83125 0.20859375 0.01875 0.053125
2 0.84453125 0.28515625 0.03046875 0.0578125
2 0.87890625 0.25859375 0.02421875 0.0546875