2 0.12578125 0.51640625 0.04375 0.08046875
2 0.22109375 0.3328125 0.01796875 0.03828125
2 0.253125 0.34453125 0.021875 0.03828125
2 0.2859375 0.29296875 0.01953125 0.03125
2 0.33046875 0.340625 0.021875 0.04765625
2 0.34921875 0.32265625 0.01328125 0.03125
2 0.3484375 0.290625 0.015625 0.03515625
2 0.38515625 0.2546875 0.01484375 0.028125
2 0.4125 0.259375 0.01484375 0.028125
2 0.42265625 0.25234375 0.0140625 0.025
2 0.40078125 0.2921875 0.01484375 0.0296875
2 0.40546875 0.325 0.021875 0.040625
2 0.446875 0.3328125 0.0203125 0.03828125
2 0.47109375 0.3015625 0.01875 0.03359375
2 0.4421875 0.25703125 0.01484375 0.03515625
2 0.46171875 0.2390625 0.0140625 0.0265625
2 0.4671875 0.23125 0.01328125 0.025
2 0.47109375 0.26015625 0.015625 0.0296875
2 0.5046875 0.259375 0.0125 0.028125
2 0.51171875 0.24921875 0.01171875 0.025
2 0.528125 0.2734375 0.01796875 0.03359375
2 0.54453125 0.25078125 0.0125 0.03125
2 0.50234375 0.32265625 0.01953125 0.03671875
2 0.478125 0.39609375 0.03203125 0.04765625
2 0.5375 0.35234375 0.0203125 0.05390625
2 0.55390625 0.27265625 0.0140625 0.0296875
2 0.55625 0.2234375 0.0125 0.0265625
2 0.56875 0.21328125 0.01015625 0.01796875
2 0.5734375 0.23046875 0.0140625 0.0296875
2 0.5765625 0.25859375 0.01484375 0.0296875
2 0.6015625 0.24609375 0.0109375 0.025
2 0.60390625 0.225 0.0109375 0.0265625
2 0.609375 0.20390625 0.01484375 0.025
2 0.6015625 0.321875 0.02109375 0.04609375
2 0.53828125 0.4234375 0.03125 0.0609375
2 0.58359375 0.44921875 0.0328125 0.0734375
2 0.63671875 0.45859375 0.034375 0.06328125
2 0.61328125 0.3609375 0.02265625 0.0453125
2 0.66171875 0.35703125 0.0296875 0.04609375
2 0.65078125 0.33828125 0.02109375 0.0421875
2 0.634375 0.296875 0.0171875 0.028125
2 0.6375 0.246875 0.0140625 0.0296875
2 0.675 0.20546875 0.009375 0.025
2 0.67734375 0.225 0.01171875 0.025
2 0.68671875 0.221875 0.01171875 0.0265625
2 0.6734375 0.26875 0.0171875 0.03359375
2 0.71015625 0.246875 0.015625 0.03828125
2 0.68046875 0.31015625 0.01875 0.0453125
2 0.69375 0.353125 0.02265625 0.04921875
2 0.72421875 0.3890625 0.02421875 0.05234375
2 0.73828125 0.24609375 0.0171875 0.03203125
2 0.75078125 0.234375 0.0140625 0.0265625
2 0.78515625 0.27578125 0.015625 0.0390625
2 0.7765625 0.2609375 0.0140625 0.0265625
2 0.79140625 0.25703125 0.0140625 0.0296875
2 0.7859375 0.234375 0.01484375 0.03515625
2 0.8171875 0.2390625 0.0125 0.0265625
2 0.828125 0.2609375 0.01796875 0.03515625
2 0.815625 0.2890625 0.01953125 0.03359375
2 0.81875 0.35078125 0.01953125 0.04765625
2 0.8171875 0.3328125 0.01875 0.03203125
2 0.85390625 0.25390625 0.0125 0.02265625
2 0.8625 0.26640625 0.01484375 0.03671875
2 0.88828125 0.2515625 0.01171875 0.0296875
2 0.8546875 0.315625 0.0171875 0.0390625
2 0.87734375 0.32890625 0.01796875 0.04375
2 0.89765625 0.3140625 0.0140625 0.03359375
2 0.90703125 0.284375 0.0140625 0.03671875
2 0.9421875 0.303125 0.0171875 0.03359375
2 0.94765625 0.2796875 0.01328125 0.0265625
2 0.92734375 0.3171875 0.01875 0.03125
2 0.93671875 0.39765625 0.01875 0.04609375
2 0.85625 0.39921875 0.0234375 0.04921875
2 0.93203125 0.46171875 0.03515625 0.06171875
2 0.78984375 0.41796875 0.02265625 0.06171875
2 0.846875 0.4609375 0.028125 0.05625
2 0.70390625 0.53125 0.03984375 0.07578125
2 0.8171875 0.50390625 0.0375 0.0703125
2 0.27421875 0.3765625 0.02109375 0.03203125
2 0.70703125 0.2953125 0.021875 0.03828125
2 0.6421875 0.221875 0.0125 0.0296875