2 0.12421875 0.47421875 0.04140625 0.084375
2 0.23203125 0.34453125 0.01875 0.0390625
2 0.265625 0.34921875 0.01875 0.0421875
2 0.296875 0.36328125 0.01953125 0.0421875
2 0.2875 0.309375 0.01796875 0.040625
2 0.34296875 0.36640625 0.0234375 0.04765625
2 0.3640625 0.33125 0.015625 0.03515625
2 0.359375 0.29609375 0.015625 0.0375
2 0.38828125 0.33984375 0.01796875 0.03515625
2 0.41015625 0.3375 0.01953125 0.0359375
2 0.440625 0.3484375 0.02109375 0.04375
2 0.39765625 0.26015625 0.0140625 0.03359375
2 0.4109375 0.30078125 0.01640625 0.03359375
2 0.4390625 0.309375 0.0171875 0.03515625
2 0.471875 0.30859375 0.01796875 0.0359375
2 0.41875 0.2703125 0.0140625 0.03046875
2 0.42734375 0.2609375 0.01328125 0.02578125
2 0.43125 0.28046875 0.01484375 0.03359375
2 0.4640625 0.24765625 0.0140625 0.03046875
2 0.47109375 0.2421875 0.0125 0.03515625
2 0.4703125 0.26875 0.01484375 0.03203125
2 0.4984375 0.26875 0.01640625 0.0375
2 0.50859375 0.26015625 0.01328125 0.03359375
2 0.51796875 0.284375 0.01640625 0.04375
2 0.51015625 0.31875 0.01796875 0.0359375
2 0.5046875 0.3828125 0.028125 0.0609375
2 0.546875 0.40703125 0.02734375 0.05625
2 0.5421875 0.3734375 0.02109375 0.04765625
2 0.5375 0.2546875 0.01484375 0.0359375
2 0.559375 0.22265625 0.0125 0.02734375
2 0.5703125 0.225 0.0125 0.02578125
2 0.56328125 0.25390625 0.015625 0.03515625
2 0.56328125 0.2796875 0.015625 0.0390625
2 0.60390625 0.25703125 0.01484375 0.03515625
2 0.60546875 0.2265625 0.01171875 0.03203125
2 0.61171875 0.209375 0.0109375 0.03203125
2 0.628125 0.2234375 0.01328125 0.02890625
2 0.6359375 0.25 0.0125 0.03203125
2 0.659375 0.2203125 0.01328125 0.02578125
2 0.671875 0.2296875 0.0140625 0.03046875
2 0.68984375 0.2296875 0.0140625 0.03203125
2 0.66875 0.27734375 0.01875 0.040625
2 0.6 0.32734375 0.0234375 0.0453125
2 0.634375 0.309375 0.01953125 0.040625
2 0.64609375 0.34609375 0.02109375 0.05078125
2 0.66484375 0.3703125 0.025 0.05546875
2 0.690625 0.35703125 0.0203125 0.05234375
2 0.6109375 0.4265625 0.03125 0.0640625
2 0.66953125 0.44765625 0.0359375 0.065625
2 0.70234375 0.2609375 0.0140625 0.0375
2 0.72109375 0.2875 0.01640625 0.03515625
2 0.7421875 0.2265625 0.0125 0.03203125
2 0.74609375 0.271875 0.01328125 0.0359375
2 0.7625 0.28515625 0.0140625 0.0390625
2 0.78203125 0.27109375 0.01484375 0.03515625
2 0.77890625 0.2390625 0.0140625 0.03359375
2 0.80859375 0.2515625 0.0125 0.03359375
2 0.8375 0.26484375 0.0125 0.0359375
2 0.8546875 0.26875 0.0125 0.03515625
2 0.8703125 0.26171875 0.0125 0.03359375
2 0.89296875 0.29375 0.01484375 0.0421875
2 0.93203125 0.28671875 0.01171875 0.03046875
2 0.92890625 0.31484375 0.01328125 0.03203125
2 0.925 0.3578125 0.01796875 0.0359375
2 0.85234375 0.2828125 0.01484375 0.03203125
2 0.8859375 0.32109375 0.0171875 0.0359375
2 0.84453125 0.30859375 0.015625 0.0359375
2 0.8140625 0.30546875 0.0171875 0.0359375
2 0.81171875 0.28046875 0.0140625 0.03359375
2 0.8640625 0.34375 0.0171875 0.04921875
2 0.8078125 0.3515625 0.01875 0.04375
2 0.80703125 0.3671875 0.0203125 0.04375
2 0.9140625 0.40078125 0.0234375 0.05546875
2 0.8546875 0.41640625 0.02265625 0.05234375
2 0.90703125 0.4671875 0.028125 0.06640625
2 0.84375 0.446875 0.025 0.04921875
2 0.73984375 0.403125 0.028125 0.05546875
2 0.784375 0.41171875 0.02734375 0.05625
2 0.80078125 0.4953125 0.03125 0.059375
2 0.70859375 0.515625 0.03828125 0.08125