2 0.12109375 0.609375 0.03046875 0.0734375
2 0.0796875 0.4640625 0.02109375 0.075
2 0.08125 0.4171875 0.025 0.05390625
2 0.18515625 0.4234375 0.02265625 0.06953125
2 0.2328125 0.34765625 0.02265625 0.06484375
2 0.246875 0.2875 0.01953125 0.03828125
2 0.17421875 0.26328125 0.01875 0.0421875
2 0.1609375 0.21875 0.0171875 0.05078125
2 0.12578125 0.23515625 0.015625 0.0453125
2 0.1234375 0.2109375 0.01171875 0.03515625
2 0.175 0.18515625 0.01484375 0.03671875
2 0.15234375 0.1515625 0.0125 0.03125
2 0.053125 0.28828125 0.015625 0.03984375
2 0.04609375 0.24453125 0.0140625 0.03984375
2 0.0453125 0.21796875 0.0109375 0.02421875
2 0.04453125 0.1953125 0.01171875 0.03125
2 0.20390625 0.12890625 0.0109375 0.028125
2 0.2171875 0.12890625 0.01015625 0.03515625
2 0.24765625 0.1234375 0.0125 0.0453125
2 0.2859375 0.15625 0.0171875 0.03671875
2 0.2953125 0.13203125 0.01171875 0.028125
2 0.28828125 0.20546875 0.01640625 0.0421875
2 0.31015625 0.23359375 0.015625 0.03828125
2 0.34296875 0.225 0.01875 0.0421875
2 0.37578125 0.171875 0.01953125 0.03671875
2 0.41015625 0.16796875 0.01484375 0.04375
2 0.478125 0.28515625 0.01953125 0.05390625
2 0.5328125 0.4546875 0.025 0.06640625
2 0.3578125 0.08515625 0.0140625 0.03515625
2 0.37265625 0.0890625 0.0140625 0.03828125
2 0.39765625 0.0828125 0.0125 0.0328125
2 0.421875 0.0828125 0.01171875 0.0328125
2 0.45625 0.1265625 0.01171875 0.0296875
2 0.47421875 0.0859375 0.009375 0.0328125
2 0.4765625 0.065625 0.0109375 0.02578125
2 0.48671875 0.12421875 0.0125 0.0328125
2 0.46484375 0.1640625 0.01328125 0.03515625
2 0.49375 0.1734375 0.0125 0.0328125
2 0.4921875 0.225 0.0203125 0.0484375
2 0.55234375 0.3109375 0.02109375 0.05078125
2 0.5203125 0.08515625 0.01015625 0.02421875
2 0.503125 0.109375 0.01328125 0.03125
2 0.55625 0.17890625 0.01484375 0.03984375
2 0.56796875 0.20546875 0.015625 0.0421875
2 0.5671875 0.13359375 0.0140625 0.0328125
2 0.58515625 0.12734375 0.01015625 0.03125
2 0.5828125 0.0984375 0.01015625 0.0296875
2 0.6140625 0.11953125 0.015625 0.03671875
2 0.6359375 0.15234375 0.0125 0.0328125
2 0.62421875 0.23984375 0.01875 0.04375
2 0.675 0.33125 0.01953125 0.05546875
2 0.70078125 0.27109375 0.01640625 0.04375
2 0.69375 0.22109375 0.0109375 0.03828125
2 0.71875 0.209375 0.0140625 0.03828125
2 0.72734375 0.16015625 0.0140625 0.03828125
2 0.76484375 0.19375 0.0140625 0.03828125
2 0.784375 0.209375 0.0125 0.0421875
2 0.825 0.2546875 0.015625 0.0453125
2 0.77109375 0.3640625 0.025 0.0625
2 0.90390625 0.33828125 0.02109375 0.05546875