2 0.259375 0.19609375 0.0203125 0.03671875
2 0.36015625 0.14296875 0.01796875 0.03359375
2 0.40390625 0.13046875 0.01640625 0.03125
2 0.35234375 0.2546875 0.0203125 0.03984375
2 0.375 0.26796875 0.02265625 0.05
2 0.40234375 0.278125 0.0265625 0.053125
2 0.4625 0.175 0.015625 0.03984375
2 0.47421875 0.19140625 0.015625 0.03359375
2 0.48359375 0.17890625 0.0140625 0.03125
2 0.49765625 0.19765625 0.0203125 0.03984375
2 0.49296875 0.23125 0.01875 0.04296875
2 0.46640625 0.2296875 0.021875 0.046875
2 0.49921875 0.30078125 0.03046875 0.05
2 0.6171875 0.25703125 0.02421875 0.0515625
2 0.58515625 0.1328125 0.01640625 0.0296875
2 0.72421875 0.18515625 0.02265625 0.04140625
2 0.76640625 0.228125 0.0265625 0.06015625