2 0.6859375 0.28984375 0.06796875 0.12578125
2 0.7734375 0.59140625 0.084375 0.1390625
2 0.81015625 0.72421875 0.10625 0.196875
2 0.9125 0.57265625 0.07109375 0.128125
2 0.5234375 0.72109375 0.13203125 0.23515625
2 0.53671875 0.56953125 0.1015625 0.14453125
2 0.4546875 0.540625 0.06953125 0.13125
2 0.2671875 0.4890625 0.09375 0.153125
2 0.175 0.675 0.121875 0.24609375
2 0.065625 0.85546875 0.125 0.23515625
2 0.02734375 0.55625 0.0546875 0.15
2 0.09296875 0.55625 0.078125 0.15
2 0.0609375 0.478125 0.06328125 0.12578125