2 0.2671875 0.25390625 0.0109375 0.02734375
2 0.27734375 0.2453125 0.00859375 0.02734375
2 0.29609375 0.2609375 0.01953125 0.0484375
2 0.36171875 0.25078125 0.02265625 0.05859375
2 0.390625 0.26796875 0.01875 0.03828125
2 0.3625 0.19609375 0.015625 0.0296875
2 0.40625 0.2203125 0.01640625 0.0328125
2 0.44453125 0.2265625 0.01875 0.04140625
2 0.41640625 0.1609375 0.01171875 0.02421875
2 0.4484375 0.1828125 0.015625 0.034375
2 0.465625 0.16171875 0.01640625 0.02578125
2 0.478125 0.18515625 0.0125 0.03828125
2 0.496875 0.16171875 0.01171875 0.0328125
2 0.51640625 0.2015625 0.01875 0.03984375
2 0.5234375 0.16484375 0.0125 0.0296875
2 0.54140625 0.1703125 0.015625 0.0328125
2 0.53046875 0.12265625 0.01171875 0.02734375
2 0.55546875 0.1078125 0.01171875 0.02265625
2 0.5625 0.1296875 0.0125 0.03125
2 0.58046875 0.1671875 0.02265625 0.034375
2 0.58515625 0.1359375 0.01171875 0.0296875
2 0.6015625 0.15234375 0.01484375 0.02734375
2 0.59296875 0.1015625 0.0109375 0.02421875
2 0.61484375 0.09921875 0.009375 0.02578125
2 0.63828125 0.10078125 0.0109375 0.02578125
2 0.66875 0.103125 0.01171875 0.02578125
2 0.7 0.0984375 0.009375 0.02734375
2 0.64140625 0.13046875 0.01171875 0.02578125
2 0.49296875 0.29453125 0.028125 0.05390625
2 0.5296875 0.32734375 0.02265625 0.046875
2 0.5546875 0.2484375 0.02265625 0.04140625
2 0.60625 0.2078125 0.0203125 0.0359375
2 0.60546875 0.2625 0.01953125 0.04140625
2 0.6109375 0.31953125 0.0328125 0.065625
2 0.6546875 0.17109375 0.01875 0.03828125
2 0.6796875 0.15234375 0.01328125 0.03125
2 0.65703125 0.21015625 0.0234375 0.03984375
2 0.6734375 0.32734375 0.025 0.0671875
2 0.70546875 0.2640625 0.025 0.0484375
2 0.7015625 0.23203125 0.0234375 0.0296875
2 0.7046875 0.18046875 0.015625 0.04296875
2 0.73046875 0.18359375 0.01953125 0.05
2 0.74921875 0.21875 0.01953125 0.05390625
2 0.76015625 0.275 0.02890625 0.05546875
2 0.75 0.32890625 0.03359375 0.0640625
2 0.7875 0.40390625 0.03203125 0.07578125
2 0.775 0.15546875 0.015625 0.04140625
2 0.78515625 0.2109375 0.01640625 0.0484375
2 0.82265625 0.1359375 0.01484375 0.0296875
2 0.83671875 0.11640625 0.0109375 0.0328125
2 0.85546875 0.13984375 0.01484375 0.02734375
2 0.87109375 0.1234375 0.009375 0.0296875
2 0.88359375 0.14765625 0.01171875 0.02265625
2 0.8953125 0.13828125 0.01328125 0.03125
2 0.91875 0.1609375 0.0125 0.034375
2 0.8765625 0.16875 0.0171875 0.0328125
2 0.821875 0.2015625 0.01875 0.05
2 0.871875 0.2078125 0.02109375 0.04296875
2 0.9203125 0.2109375 0.015625 0.03828125
2 0.8046875 0.2375 0.02265625 0.03984375
2 0.8609375 0.25234375 0.0171875 0.04453125
2 0.92109375 0.25234375 0.0171875 0.04140625
2 0.8390625 0.3296875 0.025 0.0625
2 0.9109375 0.29375 0.028125 0.05546875
2 0.8984375 0.3984375 0.02890625 0.07734375
2 0.828125 0.15234375 0.015625 0.034375
2 0.61015625 0.13203125 0.01484375 0.0296875
2 0.490625 0.19140625 0.01484375 0.034375
2 0.38671875 0.19609375 0.0125 0.0328125
2 0.3953125 0.19765625 0.01640625 0.0359375