2 0.175 0.47421875 0.03828125 0.0828125
2 0.2515625 0.253125 0.0171875 0.03671875
2 0.26796875 0.26015625 0.01953125 0.04140625
2 0.29296875 0.26171875 0.01875 0.03828125
2 0.30546875 0.28359375 0.02109375 0.03515625
2 0.31953125 0.22265625 0.01953125 0.0296875
2 0.346875 0.20390625 0.015625 0.03515625
2 0.353125 0.2265625 0.01875 0.03359375
2 0.35625 0.25859375 0.02421875 0.03515625
2 0.384375 0.2578125 0.02109375 0.03671875
2 0.3859375 0.184375 0.01484375 0.03359375
2 0.39140625 0.21484375 0.01953125 0.03671875
2 0.40234375 0.19921875 0.01953125 0.03125
2 0.4203125 0.24453125 0.021875 0.046875
2 0.434375 0.196875 0.01953125 0.03828125
2 0.4453125 0.175 0.0171875 0.0296875
2 0.45234375 0.15 0.01484375 0.0265625
2 0.45703125 0.21640625 0.01796875 0.03984375
2 0.47734375 0.2265625 0.01875 0.03984375
2 0.4921875 0.2 0.01875 0.03671875
2 0.48046875 0.18828125 0.01328125 0.0296875
2 0.4875 0.1625 0.0171875 0.028125
2 0.49765625 0.128125 0.0140625 0.0265625
2 0.51796875 0.165625 0.01875 0.03125
2 0.53359375 0.165625 0.01484375 0.03828125
2 0.521875 0.203125 0.01953125 0.03984375
2 0.50546875 0.15390625 0.015625 0.025
2 0.55546875 0.14375 0.01015625 0.025
2 0.55078125 0.128125 0.0109375 0.0234375
2 0.57421875 0.16953125 0.0171875 0.03359375
2 0.58203125 0.1296875 0.0125 0.0265625
2 0.59453125 0.13984375 0.015625 0.03359375
2 0.609375 0.1234375 0.01484375 0.03359375
2 0.6171875 0.14140625 0.0125 0.0296875
2 0.63125 0.11953125 0.01328125 0.0265625
2 0.64375 0.1203125 0.015625 0.03125
2 0.66484375 0.11953125 0.0109375 0.0296875
2 0.55546875 0.25234375 0.02578125 0.0484375
2 0.51875 0.2921875 0.02578125 0.0546875
2 0.53984375 0.3109375 0.0328125 0.06328125
2 0.6046875 0.32890625 0.0328125 0.05859375
2 0.61796875 0.246875 0.02734375 0.0515625
2 0.609375 0.2203125 0.021875 0.0453125
2 0.66953125 0.21328125 0.02109375 0.046875
2 0.65546875 0.26015625 0.02421875 0.06171875
2 0.6578125 0.18828125 0.01796875 0.03671875
2 0.68984375 0.17265625 0.015625 0.03984375
2 0.69375 0.1453125 0.015625 0.03125
2 0.7078125 0.15 0.01328125 0.03359375
2 0.728125 0.1609375 0.01484375 0.04140625
2 0.73671875 0.14375 0.015625 0.03515625
2 0.74921875 0.13203125 0.015625 0.03515625
2 0.7640625 0.12890625 0.0140625 0.03515625
2 0.76640625 0.159375 0.01875 0.03359375
2 0.71484375 0.20390625 0.02265625 0.0515625
2 0.75546875 0.23046875 0.02734375 0.06171875
2 0.71640625 0.28359375 0.02734375 0.0515625
2 0.7703125 0.290625 0.028125 0.05859375
2 0.7734375 0.20078125 0.021875 0.0484375
2 0.79296875 0.1375 0.0171875 0.03828125
2 0.80625 0.16875 0.0171875 0.0484375
2 0.846875 0.13515625 0.01953125 0.03671875
2 0.81953125 0.2265625 0.0234375 0.046875
2 0.85625 0.24921875 0.02734375 0.04296875
2 0.83671875 0.32265625 0.02734375 0.06328125
2 0.915625 0.240625 0.02421875 0.0546875
2 0.93515625 0.2609375 0.02578125 0.06328125
2 0.89375 0.203125 0.01953125 0.04296875
2 0.87890625 0.18984375 0.0171875 0.03671875
2 0.8734375 0.1609375 0.0140625 0.03515625
2 0.89140625 0.15625 0.01328125 0.03671875
2 0.84609375 0.1921875 0.01796875 0.03515625