2 0.178125 0.478125 0.0421875 0.08359375
2 0.27109375 0.28671875 0.01484375 0.025
2 0.27109375 0.259375 0.01875 0.028125
2 0.28671875 0.26796875 0.01875 0.0328125
2 0.33046875 0.28046875 0.02109375 0.034375
2 0.371875 0.28671875 0.02109375 0.034375
2 0.39375 0.1984375 0.01484375 0.028125
2 0.37109375 0.18671875 0.015625 0.028125
2 0.403125 0.175 0.01484375 0.028125
2 0.415625 0.1703125 0.015625 0.028125
2 0.415625 0.11015625 0.01484375 0.0265625
2 0.440625 0.184375 0.0140625 0.0328125
2 0.43828125 0.23671875 0.01640625 0.03984375
2 0.46875 0.22578125 0.0203125 0.0375
2 0.48203125 0.19453125 0.0171875 0.028125
2 0.47109375 0.1828125 0.01640625 0.0296875
2 0.47578125 0.15 0.01484375 0.0265625
2 0.4953125 0.13828125 0.009375 0.01640625
2 0.50859375 0.14375 0.0109375 0.02109375
2 0.5203125 0.1390625 0.0109375 0.02109375
2 0.5171875 0.16953125 0.015625 0.0296875
2 0.55234375 0.12109375 0.0140625 0.02109375
2 0.5765625 0.13984375 0.015625 0.0296875
2 0.58515625 0.12109375 0.015625 0.025
2 0.6078125 0.10625 0.01328125 0.025
2 0.625 0.10703125 0.01015625 0.02265625
2 0.60703125 0.14140625 0.0140625 0.0265625
2 0.5671875 0.178125 0.0140625 0.03125
2 0.54375 0.1859375 0.01875 0.0359375
2 0.4875 0.34453125 0.0265625 0.04140625
2 0.52734375 0.3546875 0.0265625 0.04453125
2 0.66953125 0.32890625 0.025 0.04609375
2 0.57734375 0.234375 0.01953125 0.04140625
2 0.61015625 0.2453125 0.01953125 0.03984375
2 0.625 0.20859375 0.01484375 0.0359375
2 0.65 0.21875 0.015625 0.03984375
2 0.68125 0.2390625 0.0171875 0.034375
2 0.7265625 0.24921875 0.0203125 0.05390625
2 0.74453125 0.228125 0.0203125 0.04453125
2 0.7734375 0.26796875 0.02421875 0.04921875
2 0.728125 0.340625 0.02890625 0.065625
2 0.76015625 0.35546875 0.03203125 0.06875
2 0.7109375 0.19609375 0.021875 0.03984375
2 0.6875 0.190625 0.015625 0.0359375
2 0.653125 0.171875 0.01953125 0.034375
2 0.65703125 0.11328125 0.0109375 0.02265625
2 0.64140625 0.13671875 0.01328125 0.02265625
2 0.690625 0.1046875 0.0109375 0.02109375
2 0.74453125 0.11640625 0.0140625 0.0296875
2 0.77109375 0.128125 0.01171875 0.02265625
2 0.75390625 0.1578125 0.01640625 0.0265625
2 0.7765625 0.196875 0.01875 0.0375
2 0.82890625 0.1203125 0.01015625 0.01953125
2 0.8265625 0.14140625 0.01328125 0.0265625
2 0.82734375 0.19296875 0.0171875 0.0375
2 0.8 0.2515625 0.0203125 0.03984375
2 0.8546875 0.25859375 0.015625 0.04296875
2 0.87421875 0.2140625 0.01484375 0.0328125
2 0.9078125 0.240625 0.01484375 0.03125
2 0.91484375 0.20546875 0.015625 0.0359375
2 0.85234375 0.159375 0.0140625 0.0265625
2 0.8734375 0.1859375 0.01484375 0.01953125
2 0.92109375 0.15703125 0.0109375 0.028125
2 0.86171875 0.121875 0.0109375 0.0265625
2 0.871875 0.34453125 0.0265625 0.04765625
2 0.9109375 0.375 0.03046875 0.03984375
2 0.890625 0.2828125 0.0171875 0.0359375