2 0.22890625 0.36640625 0.0625 0.11875
2 0.4421875 0.22109375 0.02578125 0.04765625
2 0.46875 0.2375 0.0203125 0.04375
2 0.5328125 0.20234375 0.0203125 0.04609375
2 0.61875 0.19765625 0.02109375 0.0515625
2 0.6359375 0.23125 0.02578125 0.053125
2 0.6796875 0.2078125 0.02578125 0.053125
2 0.6703125 0.16875 0.01953125 0.04609375
2 0.71484375 0.18359375 0.01796875 0.03828125
2 0.68828125 0.25703125 0.028125 0.04921875
2 0.7265625 0.3046875 0.02578125 0.053125
2 0.82265625 0.24296875 0.0265625 0.0546875
2 0.86953125 0.24765625 0.02578125 0.053125
2 0.90625 0.31171875 0.028125 0.0640625
2 0.93671875 0.3203125 0.03046875 0.06953125