2 0.0765625 0.265625 0.01953125 0.03828125
2 0.26796875 0.22421875 0.01640625 0.03671875
2 0.3390625 0.24375 0.01875 0.03671875
2 0.40859375 0.23203125 0.01953125 0.0484375
2 0.4421875 0.24765625 0.02109375 0.040625
2 0.43125 0.2109375 0.01875 0.03671875
2 0.39453125 0.19296875 0.01796875 0.034375
2 0.36796875 0.19375 0.01953125 0.0328125
2 0.3890625 0.165625 0.015625 0.03046875
2 0.41015625 0.16015625 0.015625 0.03046875
2 0.4375 0.16640625 0.01796875 0.03671875
2 0.44140625 0.1375 0.0140625 0.02890625
2 0.4640625 0.14140625 0.01875 0.0328125
2 0.478125 0.153125 0.015625 0.02890625
2 0.475 0.175 0.01640625 0.03046875
2 0.46875 0.20703125 0.02109375 0.040625
2 0.4953125 0.20703125 0.02421875 0.0484375
2 0.52265625 0.18203125 0.01875 0.040625
2 0.484375 0.13515625 0.015625 0.02734375
2 0.49609375 0.12890625 0.01171875 0.02734375
2 0.51328125 0.1328125 0.01328125 0.02734375
2 0.5234375 0.12109375 0.0109375 0.0234375
2 0.5390625 0.1375 0.01171875 0.02890625
2 0.5515625 0.17734375 0.021875 0.0421875
2 0.53515625 0.1609375 0.01328125 0.0328125
2 0.56796875 0.13671875 0.015625 0.03046875
2 0.57890625 0.11953125 0.0109375 0.0234375
2 0.5796875 0.07109375 0.01171875 0.01953125
2 0.58828125 0.15859375 0.01796875 0.03671875
2 0.6046875 0.11171875 0.0140625 0.0234375
2 0.6046875 0.13125 0.01328125 0.0234375
2 0.61640625 0.13203125 0.01328125 0.0328125
2 0.6296875 0.1171875 0.01328125 0.02734375
2 0.63125 0.14140625 0.0140625 0.025
2 0.653125 0.10078125 0.0109375 0.02890625
2 0.665625 0.1140625 0.01328125 0.03046875
2 0.68125 0.10859375 0.01328125 0.02890625
2 0.69140625 0.11640625 0.01328125 0.02890625
2 0.72109375 0.071875 0.015625 0.0328125
2 0.6390625 0.19765625 0.0234375 0.04453125
2 0.615625 0.240625 0.0296875 0.0578125
2 0.57890625 0.23984375 0.01953125 0.05234375
2 0.66171875 0.19921875 0.0234375 0.0484375
2 0.6828125 0.25703125 0.0234375 0.0484375
2 0.715625 0.23125 0.01875 0.0421875
2 0.7328125 0.2640625 0.02421875 0.06171875
2 0.76171875 0.2671875 0.025 0.05234375
2 0.78828125 0.28359375 0.02734375 0.0578125
2 0.746875 0.2 0.01953125 0.0421875
2 0.7171875 0.19375 0.01875 0.03671875
2 0.6984375 0.15859375 0.0140625 0.03671875
2 0.72890625 0.140625 0.01328125 0.034375
2 0.73828125 0.18046875 0.0140625 0.040625
2 0.74765625 0.13359375 0.0140625 0.0328125
2 0.759375 0.08828125 0.01796875 0.03828125
2 0.78203125 0.14375 0.015625 0.02890625
2 0.79375 0.15859375 0.015625 0.0328125
2 0.7953125 0.125 0.0140625 0.02734375
2 0.825 0.13359375 0.015625 0.0328125
2 0.846875 0.14375 0.0140625 0.02890625
2 0.83828125 0.16796875 0.0140625 0.03046875
2 0.85625 0.1765625 0.015625 0.03671875
2 0.8375 0.22578125 0.01953125 0.04609375
2 0.78671875 0.21171875 0.01953125 0.0421875
2 0.83828125 0.30078125 0.025 0.0578125
2 0.8640625 0.28203125 0.02421875 0.06328125
2 0.91015625 0.34375 0.02734375 0.075
2 0.9359375 0.27265625 0.02421875 0.06328125
2 0.9234375 0.2484375 0.01953125 0.05
2 0.92890625 0.18984375 0.01796875 0.0328125
2 0.940625 0.20234375 0.015625 0.034375
2 0.9375 0.16796875 0.01328125 0.03046875
2 0.91015625 0.1515625 0.015625 0.0328125
2 0.9015625 0.1765625 0.0140625 0.03671875
2 0.8875 0.22578125 0.01875 0.03828125
2 0.884375 0.14609375 0.01640625 0.034375