2 0.20078125 0.21484375 0.015625 0.03359375
2 0.290625 0.2125 0.0140625 0.0359375
2 0.3453125 0.1890625 0.015625 0.0359375
2 0.3625 0.2 0.0171875 0.0359375
2 0.3953125 0.23984375 0.01875 0.0375
2 0.434375 0.22265625 0.02578125 0.05703125
2 0.48359375 0.228125 0.0203125 0.0390625
2 0.45859375 0.21328125 0.015625 0.0375
2 0.4234375 0.1734375 0.01328125 0.0265625
2 0.40234375 0.1734375 0.0171875 0.03046875
2 0.3828125 0.1703125 0.01328125 0.0234375
2 0.4296875 0.14609375 0.0109375 0.025
2 0.4921875 0.178125 0.01484375 0.03203125
2 0.48046875 0.159375 0.0140625 0.0265625
2 0.51484375 0.17578125 0.01328125 0.03359375
2 0.54609375 0.1828125 0.01796875 0.03046875
2 0.47265625 0.134375 0.01171875 0.0234375
2 0.48125 0.13125 0.0109375 0.0234375
2 0.58125 0.17734375 0.01796875 0.03359375
2 0.54375 0.1390625 0.01171875 0.025
2 0.5203125 0.1328125 0.009375 0.0234375
2 0.5140625 0.13125 0.01484375 0.0265625
2 0.578125 0.125 0.01015625 0.025
2 0.5875 0.134375 0.01171875 0.03046875
2 0.59921875 0.12265625 0.01171875 0.025
2 0.62265625 0.1390625 0.01484375 0.025
2 0.65390625 0.146875 0.01875 0.03046875
2 0.6609375 0.1125 0.01484375 0.0359375
2 0.68046875 0.12265625 0.01171875 0.03203125
2 0.715625 0.11796875 0.01484375 0.02890625
2 0.61015625 0.11328125 0.01484375 0.0234375
2 0.63515625 0.12421875 0.01328125 0.01953125
2 0.56640625 0.2703125 0.028125 0.0625
2 0.5765625 0.24765625 0.02734375 0.053125
2 0.6375 0.2484375 0.01796875 0.0515625
2 0.6375 0.2015625 0.0140625 0.0390625
2 0.6546875 0.19140625 0.015625 0.03046875
2 0.67421875 0.2234375 0.0203125 0.04453125
2 0.68203125 0.26171875 0.0203125 0.04609375
2 0.7375 0.271875 0.02734375 0.0515625
2 0.72109375 0.23828125 0.0203125 0.04453125
2 0.69765625 0.175 0.01796875 0.03203125
2 0.69921875 0.2140625 0.01796875 0.0390625
2 0.74453125 0.184375 0.0171875 0.03046875
2 0.753125 0.20859375 0.01796875 0.0359375
2 0.76953125 0.25859375 0.02109375 0.04296875
2 0.79609375 0.29296875 0.021875 0.05546875
2 0.84296875 0.3203125 0.025 0.0515625
2 0.9109375 0.36484375 0.02421875 0.05859375
2 0.92734375 0.3046875 0.0203125 0.05
2 0.88125 0.26484375 0.021875 0.0484375
2 0.8390625 0.24453125 0.01796875 0.04296875
2 0.79609375 0.2203125 0.015625 0.03359375
2 0.7703125 0.128125 0.0140625 0.0359375
2 0.74296875 0.16328125 0.015625 0.0234375
2 0.78828125 0.15546875 0.01015625 0.02890625
2 0.79765625 0.13984375 0.0109375 0.0265625
2 0.80546875 0.1640625 0.0109375 0.02890625
2 0.81484375 0.15546875 0.0109375 0.03203125
2 0.8234375 0.1390625 0.0140625 0.03203125
2 0.84296875 0.2109375 0.015625 0.0265625
2 0.85390625 0.18359375 0.015625 0.03203125
2 0.8328125 0.18828125 0.015625 0.0265625
2 0.84375 0.1640625 0.0109375 0.03203125
2 0.85546875 0.1578125 0.01015625 0.03046875
2 0.8703125 0.171875 0.01171875 0.0375
2 0.8859375 0.1640625 0.01328125 0.0390625
2 0.90859375 0.1640625 0.0109375 0.03203125
2 0.9046875 0.2140625 0.0109375 0.025
2 0.92734375 0.234375 0.01484375 0.040625
2 0.946875 0.22109375 0.01328125 0.02890625
2 0.95390625 0.18203125 0.0171875 0.03203125