2 0.22890625 0.39296875 0.053125 0.09296875
2 0.36640625 0.2046875 0.0265625 0.05625
2 0.53515625 0.19296875 0.01796875 0.040625
2 0.62109375 0.221875 0.02265625 0.04296875
2 0.665625 0.1984375 0.01796875 0.034375
2 0.703125 0.2046875 0.01953125 0.0390625
2 0.74375 0.215625 0.0203125 0.0390625
2 0.6609375 0.25078125 0.02265625 0.05390625
2 0.67265625 0.23046875 0.01953125 0.04296875
2 0.75 0.28046875 0.02265625 0.04765625
2 0.7578125 0.26640625 0.0203125 0.040625
2 0.75 0.36328125 0.0296875 0.0796875
2 0.82265625 0.2640625 0.021875 0.05390625
2 0.809375 0.40546875 0.0296875 0.07734375
2 0.90703125 0.3953125 0.03203125 0.07109375