2 0.19609375 0.3640625 0.0421875 0.08203125
2 0.31171875 0.22578125 0.01796875 0.0296875
2 0.328125 0.1921875 0.01953125 0.0359375
2 0.346875 0.19921875 0.01953125 0.034375
2 0.41171875 0.203125 0.01953125 0.03828125
2 0.41953125 0.1765625 0.01796875 0.03203125
2 0.44296875 0.2140625 0.01953125 0.0359375
2 0.4453125 0.18515625 0.0171875 0.0296875
2 0.46875 0.1875 0.01484375 0.034375
2 0.4765625 0.2265625 0.0203125 0.04375
2 0.4421875 0.15234375 0.0140625 0.028125
2 0.46328125 0.1453125 0.01015625 0.021875
2 0.48046875 0.14765625 0.0125 0.02578125
2 0.465625 0.13359375 0.0125 0.021875
2 0.48828125 0.13046875 0.0125 0.028125
2 0.50546875 0.1390625 0.0140625 0.034375
2 0.49765625 0.15546875 0.01484375 0.034375
2 0.53359375 0.1546875 0.0125 0.028125
2 0.525 0.1375 0.01171875 0.01796875
2 0.54296875 0.13828125 0.01171875 0.02421875
2 0.55 0.1234375 0.009375 0.021875
2 0.55 0.16328125 0.01640625 0.034375
2 0.53984375 0.18515625 0.01640625 0.03828125
2 0.58046875 0.165625 0.01484375 0.034375
2 0.57421875 0.14140625 0.01484375 0.0296875
2 0.57734375 0.11484375 0.01640625 0.021875
2 0.5953125 0.14296875 0.01484375 0.034375
2 0.60390625 0.13125 0.01015625 0.02578125
2 0.62109375 0.10390625 0.0125 0.02421875
2 0.6375 0.1234375 0.0125 0.02578125
2 0.64609375 0.109375 0.01171875 0.021875
2 0.659375 0.10859375 0.01015625 0.02421875
2 0.653125 0.12890625 0.01171875 0.02578125
2 0.64609375 0.14921875 0.0140625 0.0296875
2 0.625 0.1546875 0.0171875 0.028125
2 0.6796875 0.1203125 0.01015625 0.02421875
2 0.69453125 0.12421875 0.01171875 0.03203125
2 0.6984375 0.11640625 0.009375 0.02421875
2 0.709375 0.1671875 0.01484375 0.02578125
2 0.6609375 0.18671875 0.01796875 0.03984375
2 0.63984375 0.19921875 0.01953125 0.03828125
2 0.5796875 0.23125 0.01796875 0.0421875
2 0.59375 0.29921875 0.03125 0.078125
2 0.6296875 0.24375 0.01796875 0.03828125
2 0.51484375 0.28671875 0.0265625 0.0484375
2 0.66328125 0.26953125 0.0203125 0.0421875
2 0.665625 0.22265625 0.0203125 0.03984375
2 0.69609375 0.21015625 0.01796875 0.0359375
2 0.72578125 0.2171875 0.02421875 0.0421875
2 0.6921875 0.3125 0.03359375 0.06015625
2 0.7234375 0.35390625 0.03359375 0.07421875
2 0.75390625 0.128125 0.0125 0.028125
2 0.75703125 0.1453125 0.0140625 0.03828125
2 0.778125 0.14140625 0.0125 0.0296875
2 0.79375 0.1703125 0.0140625 0.03203125
2 0.77109375 0.18046875 0.01640625 0.03203125
2 0.740625 0.17265625 0.01484375 0.03203125
2 0.7796875 0.23828125 0.01953125 0.0359375
2 0.8125 0.19375 0.01484375 0.034375
2 0.82578125 0.17421875 0.0140625 0.03203125
2 0.83984375 0.15625 0.0140625 0.03203125
2 0.86015625 0.1953125 0.01640625 0.0421875
2 0.87734375 0.15859375 0.01796875 0.0359375
2 0.9109375 0.1671875 0.01484375 0.034375
2 0.9390625 0.17265625 0.0140625 0.0359375
2 0.93671875 0.2125 0.01484375 0.0359375
2 0.921875 0.2421875 0.01953125 0.04375
2 0.934375 0.2375 0.01484375 0.03828125
2 0.92578125 0.290625 0.0203125 0.05625
2 0.9125 0.3328125 0.021875 0.0640625
2 0.87421875 0.26484375 0.0203125 0.05234375
2 0.86484375 0.18203125 0.0140625 0.0359375
2 0.88984375 0.1953125 0.0171875 0.03828125
2 0.884375 0.22578125 0.0203125 0.03828125
2 0.821875 0.2171875 0.01484375 0.0421875
2 0.8015625 0.271875 0.02890625 0.05390625
2 0.81015625 0.26328125 0.01953125 0.04609375
2 0.84453125 0.29453125 0.01953125 0.05234375
2 0.815625 0.346875 0.03203125 0.0640625
2 0.89375 0.43515625 0.0296875 0.08046875