2 0.21796875 0.44296875 0.05390625 0.1171875
2 0.2640625 0.434375 0.05234375 0.115625
2 0.3234375 0.2765625 0.02421875 0.04765625
2 0.37734375 0.25546875 0.025 0.04609375
2 0.4234375 0.23125 0.0203125 0.04609375
2 0.44296875 0.28203125 0.025 0.04296875
2 0.48984375 0.31171875 0.0296875 0.0625
2 0.46328125 0.2234375 0.021875 0.04453125
2 0.4640625 0.18203125 0.02109375 0.04140625
2 0.4890625 0.19296875 0.0203125 0.04296875
2 0.55 0.19609375 0.02109375 0.03984375
2 0.46328125 0.09765625 0.01328125 0.0328125
2 0.49453125 0.075 0.01640625 0.03125
2 0.54765625 0.13125 0.01640625 0.034375
2 0.56796875 0.1453125 0.01640625 0.0359375
2 0.59375 0.1484375 0.0203125 0.0359375
2 0.6765625 0.246875 0.028125 0.0609375
2 0.7359375 0.28125 0.03046875 0.06796875
2 0.7109375 0.146875 0.01953125 0.03984375
2 0.73125 0.1421875 0.01953125 0.03984375
2 0.7515625 0.1484375 0.01796875 0.0359375
2 0.7734375 0.1375 0.0171875 0.04140625
2 0.80234375 0.15390625 0.01953125 0.04140625
2 0.82265625 0.1703125 0.02109375 0.04609375
2 0.84140625 0.12109375 0.0171875 0.034375
2 0.91015625 0.23359375 0.02578125 0.0546875
2 0.85 0.31484375 0.0328125 0.0625