2 0.1203125 0.6703125 0.10625 0.23984375
2 0.103125 0.56640625 0.0796875 0.134375
2 0.08203125 0.428125 0.03984375 0.0890625
2 0.09921875 0.39921875 0.02890625 0.0703125
2 0.153125 0.41953125 0.02578125 0.0609375
2 0.14375 0.378125 0.0234375 0.04375
2 0.18203125 0.41484375 0.0296875 0.059375
2 0.1953125 0.4515625 0.04453125 0.0734375
2 0.25078125 0.40703125 0.0296875 0.05390625
2 0.24765625 0.51640625 0.05546875 0.115625
2 0.3640625 0.58125 0.0625 0.14140625
2 0.41953125 0.65625 0.10234375 0.18828125
2 0.3703125 0.41015625 0.0296875 0.06875
2 0.38828125 0.41015625 0.028125 0.05078125
2 0.40703125 0.43671875 0.03203125 0.05859375
2 0.43359375 0.4046875 0.0203125 0.05
2 0.459375 0.44296875 0.03671875 0.0609375
2 0.4984375 0.44296875 0.0265625 0.04609375
2 0.54375 0.46875 0.0359375 0.078125
2 0.53984375 0.4109375 0.0203125 0.0421875
2 0.5171875 0.41328125 0.01875 0.0390625
2 0.553125 0.42109375 0.01640625 0.04453125
2 0.6 0.421875 0.02265625 0.04609375
2 0.61796875 0.5015625 0.03515625 0.075
2 0.61484375 0.446875 0.021875 0.03984375
2 0.6328125 0.4265625 0.0171875 0.0484375
2 0.6609375 0.43984375 0.0203125 0.05
2 0.67578125 0.46171875 0.0234375 0.05234375
2 0.71328125 0.50625 0.05078125 0.11796875
2 0.73828125 0.46328125 0.025 0.0546875
2 0.68984375 0.42265625 0.01484375 0.0375
2 0.7296875 0.4265625 0.0203125 0.03828125
2 0.7875 0.48828125 0.040625 0.0765625
2 0.78203125 0.44296875 0.01796875 0.040625
2 0.80390625 0.45234375 0.0234375 0.0546875
2 0.8 0.55859375 0.0421875 0.0953125
2 0.865625 0.57265625 0.08046875 0.109375
2 0.83828125 0.5 0.03203125 0.08046875
2 0.82578125 0.4484375 0.02421875 0.06171875
2 0.88515625 0.4671875 0.02890625 0.06328125
2 0.93828125 0.5703125 0.06640625 0.121875
2 0.959375 0.52109375 0.04375 0.07890625
2 0.98984375 0.51796875 0.0203125 0.0828125
2 0.97109375 0.4703125 0.02890625 0.0609375
2 0.92578125 0.46875 0.03125 0.065625