2 0.1578125 0.4609375 0.0515625 0.0921875
2 0.334375 0.2265625 0.01484375 0.03515625
2 0.33125 0.1953125 0.01484375 0.03125
2 0.34296875 0.203125 0.0140625 0.0296875
2 0.4078125 0.2046875 0.01796875 0.0328125
2 0.44140625 0.2203125 0.01953125 0.0328125
2 0.47734375 0.221875 0.0203125 0.03671875
2 0.41484375 0.1796875 0.015625 0.03125
2 0.44453125 0.1828125 0.01640625 0.03125
2 0.465625 0.196875 0.01796875 0.03515625
2 0.421875 0.15625 0.01484375 0.02578125
2 0.43828125 0.159375 0.015625 0.02578125
2 0.459375 0.14375 0.0140625 0.02265625
2 0.47265625 0.15 0.015625 0.03125
2 0.49453125 0.16015625 0.015625 0.03515625
2 0.49765625 0.1390625 0.0140625 0.02421875
2 0.5015625 0.12421875 0.01015625 0.02578125
2 0.5140625 0.1359375 0.01171875 0.028125
2 0.521875 0.12109375 0.01171875 0.02578125
2 0.5328125 0.1375 0.01484375 0.028125
2 0.53046875 0.15859375 0.01484375 0.03125
2 0.5375 0.184375 0.01640625 0.03125
2 0.559375 0.16328125 0.01484375 0.02578125
2 0.56171875 0.1453125 0.015625 0.02578125
2 0.58203125 0.1140625 0.0125 0.02578125
2 0.60703125 0.10078125 0.0125 0.02109375
2 0.6 0.121875 0.01171875 0.03125
2 0.6140625 0.1203125 0.0125 0.02421875
2 0.62890625 0.10625 0.01015625 0.028125
2 0.59140625 0.14609375 0.015625 0.03125
2 0.584375 0.171875 0.01640625 0.03671875
2 0.56875 0.23984375 0.021875 0.046875
2 0.54609375 0.29453125 0.02734375 0.0625
2 0.5125 0.28984375 0.0296875 0.05390625
2 0.61796875 0.15078125 0.01484375 0.0328125
2 0.62421875 0.20625 0.0203125 0.05078125
2 0.6109375 0.26953125 0.0234375 0.046875
2 0.59765625 0.30390625 0.0296875 0.06796875
2 0.64140625 0.13203125 0.01171875 0.02109375
2 0.65234375 0.109375 0.0109375 0.02421875
2 0.65234375 0.14140625 0.01171875 0.028125
2 0.67421875 0.11796875 0.01015625 0.02265625
2 0.68046875 0.128125 0.01015625 0.02578125
2 0.70078125 0.13125 0.0109375 0.02578125
2 0.7171875 0.14921875 0.0140625 0.0328125
2 0.70234375 0.16484375 0.01484375 0.0328125
2 0.7015625 0.190625 0.01796875 0.03671875
2 0.66171875 0.2203125 0.0203125 0.04375
2 0.65078125 0.1984375 0.01875 0.0421875
2 0.67265625 0.27734375 0.0234375 0.0453125
2 0.67578125 0.3203125 0.02734375 0.06640625
2 0.71640625 0.2359375 0.0203125 0.05390625
2 0.74609375 0.12890625 0.0125 0.03125
2 0.75234375 0.12578125 0.0109375 0.02421875
2 0.75 0.1515625 0.01484375 0.03125
2 0.74140625 0.175 0.0125 0.03671875
2 0.759375 0.190625 0.01640625 0.03671875
2 0.77265625 0.1390625 0.0125 0.03125
2 0.7953125 0.17421875 0.0140625 0.03125
2 0.7828125 0.2078125 0.01875 0.03671875
2 0.79296875 0.28671875 0.02265625 0.0578125
2 0.80234375 0.2703125 0.01796875 0.0484375
2 0.80703125 0.20546875 0.0140625 0.03828125
2 0.82421875 0.1796875 0.01484375 0.03828125
2 0.834375 0.16015625 0.0125 0.03515625
2 0.8453125 0.190625 0.0140625 0.03984375
2 0.85546875 0.18125 0.01484375 0.03515625
2 0.8671875 0.15703125 0.0125 0.03515625
2 0.8265625 0.22890625 0.01796875 0.04375
2 0.8765625 0.1484375 0.0140625 0.02421875
2 0.9078125 0.16640625 0.0125 0.0328125
2 0.90078125 0.17734375 0.0109375 0.02421875
2 0.8953125 0.19453125 0.01484375 0.0328125
2 0.88515625 0.2 0.01484375 0.03125
2 0.87421875 0.24296875 0.01953125 0.05390625
2 0.8640625 0.271875 0.01953125 0.05234375
2 0.8390625 0.31328125 0.025 0.05234375
2 0.82734375 0.35703125 0.025 0.06640625
2 0.7515625 0.33984375 0.02734375 0.06640625
2 0.90859375 0.33359375 0.01953125 0.0578125
2 0.92578125 0.30859375 0.0203125 0.05546875
2 0.92109375 0.25234375 0.021875 0.0484375
2 0.91953125 0.22734375 0.01875 0.03984375
2 0.940625 0.20546875 0.01484375 0.03125
2 0.934375 0.17890625 0.0140625 0.03671875