2 0.20078125 0.4328125 0.04140625 0.08046875
2 0.2953125 0.23125 0.0234375 0.03828125
2 0.309375 0.2296875 0.02265625 0.03515625
2 0.41015625 0.24453125 0.01953125 0.04375
2 0.425 0.1578125 0.021875 0.03828125
2 0.471875 0.1546875 0.01640625 0.040625
2 0.4984375 0.15 0.01640625 0.03671875
2 0.48828125 0.17578125 0.01953125 0.03359375
2 0.696875 0.065625 0.01484375 0.0296875
2 0.55703125 0.1890625 0.01953125 0.03828125
2 0.6359375 0.26171875 0.02734375 0.05078125
2 0.734375 0.23125 0.01875 0.05234375
2 0.90546875 0.2 0.01796875 0.03515625
2 0.9421875 0.2078125 0.01796875 0.03671875
2 0.8984375 0.23203125 0.02265625 0.040625
2 0.93046875 0.2578125 0.01953125 0.0453125
2 0.4296875 0.15703125 0.015625 0.03359375