2 0.071875 0.5453125 0.05234375 0.09140625
2 0.21953125 0.3390625 0.01796875 0.03203125
2 0.25 0.36328125 0.0234375 0.04140625
2 0.284375 0.3578125 0.02109375 0.04140625
2 0.28515625 0.30078125 0.0171875 0.03359375
2 0.334375 0.353125 0.0203125 0.0484375
2 0.3484375 0.32109375 0.015625 0.034375
2 0.353125 0.290625 0.015625 0.034375
2 0.38984375 0.2625 0.01484375 0.03046875
2 0.4015625 0.275 0.015625 0.03203125
2 0.40625 0.28984375 0.0140625 0.03359375
2 0.40703125 0.33046875 0.01875 0.03984375
2 0.3828125 0.31796875 0.021875 0.0375
2 0.44453125 0.33671875 0.0203125 0.0375
2 0.43515625 0.29921875 0.01875 0.0390625
2 0.46015625 0.30703125 0.02421875 0.03984375
2 0.4203125 0.24375 0.0140625 0.025
2 0.446875 0.25546875 0.01328125 0.03359375
2 0.44921875 0.24375 0.0140625 0.028125
2 0.46484375 0.23046875 0.0125 0.021875
2 0.471875 0.2578125 0.01640625 0.028125
2 0.4953125 0.25625 0.01484375 0.028125
2 0.50390625 0.24375 0.0109375 0.025
2 0.515625 0.23828125 0.015625 0.028125
2 0.52109375 0.2625 0.01640625 0.0359375
2 0.50390625 0.31015625 0.02109375 0.0375
2 0.5421875 0.2390625 0.01328125 0.02890625
2 0.55078125 0.21796875 0.01015625 0.021875
2 0.565625 0.23359375 0.0125 0.0265625
2 0.5671875 0.215625 0.01484375 0.02109375
2 0.5609375 0.25625 0.01484375 0.028125
2 0.55078125 0.27109375 0.01484375 0.02890625
2 0.59296875 0.21484375 0.01015625 0.025
2 0.59453125 0.24609375 0.0140625 0.0265625
2 0.6046875 0.2015625 0.01015625 0.0234375
2 0.61796875 0.20703125 0.0125 0.025
2 0.62734375 0.2359375 0.0125 0.028125
2 0.640625 0.21171875 0.0125 0.0234375
2 0.4609375 0.40390625 0.03125 0.05859375
2 0.53359375 0.39296875 0.02734375 0.0484375
2 0.55390625 0.34296875 0.0203125 0.046875
2 0.5921875 0.31015625 0.01875 0.03984375
2 0.57265625 0.421875 0.03203125 0.06953125
2 0.5765625 0.4046875 0.02734375 0.0484375
2 0.63046875 0.4484375 0.034375 0.0625
2 0.6234375 0.28671875 0.015625 0.0375
2 0.66171875 0.22421875 0.01171875 0.0265625
2 0.67109375 0.22265625 0.01328125 0.0265625
2 0.66640625 0.25703125 0.01484375 0.034375
2 0.6953125 0.2515625 0.01328125 0.034375
2 0.71015625 0.275 0.015625 0.03359375
2 0.7203125 0.2578125 0.0140625 0.0359375
2 0.7265625 0.23828125 0.01328125 0.028125
2 0.734375 0.23125 0.01484375 0.025
2 0.64609375 0.32421875 0.021875 0.0390625
2 0.65625 0.35390625 0.025 0.05234375
2 0.6765625 0.33984375 0.02421875 0.05
2 0.7328125 0.3984375 0.02890625 0.05
2 0.775 0.4 0.0234375 0.0484375
2 0.765625 0.228125 0.01484375 0.034375
2 0.78671875 0.2546875 0.0140625 0.0234375
2 0.7609375 0.259375 0.01484375 0.03359375
2 0.784375 0.29453125 0.015625 0.03984375
2 0.73984375 0.2765625 0.01875 0.03984375
2 0.74765625 0.2578125 0.0109375 0.03046875
2 0.81015625 0.2703125 0.015625 0.03359375
2 0.8234375 0.25546875 0.01015625 0.025
2 0.83515625 0.2703125 0.0125 0.0359375
2 0.84609375 0.2671875 0.0125 0.0375
2 0.8578125 0.25625 0.01015625 0.034375
2 0.8765625 0.2765625 0.0109375 0.03203125
2 0.91953125 0.2578125 0.0125 0.03359375
2 0.9140625 0.3015625 0.01328125 0.03203125
2 0.90859375 0.33515625 0.0203125 0.0375
2 0.90859375 0.34921875 0.01875 0.04453125
2 0.9046875 0.3875 0.0203125 0.0515625
2 0.87421875 0.31953125 0.015625 0.0375
2 0.82734375 0.30546875 0.01796875 0.034375
2 0.80234375 0.3265625 0.01796875 0.0375
2 0.86015625 0.353125 0.02109375 0.0484375
2 0.8453125 0.365625 0.02265625 0.0515625
2 0.79375 0.36796875 0.0203125 0.0515625
2 0.82890625 0.43828125 0.02421875 0.05546875
2 0.890625 0.45625 0.0234375 0.05859375
2 0.70546875 0.47421875 0.03359375 0.08046875
2 0.78984375 0.51953125 0.0328125 0.0765625