2 0.07890625 0.41015625 0.03125 0.0640625
2 0.0828125 0.36953125 0.0296875 0.0640625
2 0.1546875 0.34140625 0.03046875 0.06171875
2 0.16640625 0.3734375 0.0359375 0.078125
2 0.19296875 0.3953125 0.04375 0.0796875
2 0.18828125 0.31171875 0.0296875 0.05625
2 0.240625 0.28671875 0.03046875 0.06171875
2 0.27578125 0.27734375 0.0296875 0.06328125
2 0.29609375 0.2625 0.0296875 0.06328125
2 0.30546875 0.31875 0.03828125 0.07265625
2 0.33125 0.35234375 0.03984375 0.07578125
2 0.37421875 0.39453125 0.0484375 0.10078125
2 0.4625 0.440625 0.05390625 0.10078125