2 0.08203125 0.50234375 0.04453125 0.1
2 0.28984375 0.26484375 0.02109375 0.040625
2 0.31875 0.21640625 0.0140625 0.03515625
2 0.3328125 0.228125 0.015625 0.03359375
2 0.33984375 0.25546875 0.01875 0.03515625
2 0.34609375 0.29921875 0.02265625 0.04453125
2 0.34921875 0.2265625 0.01640625 0.0359375
2 0.36171875 0.25390625 0.01875 0.0375
2 0.3734375 0.23359375 0.0203125 0.04140625
2 0.3890625 0.284375 0.0234375 0.0515625
2 0.396875 0.22109375 0.0203125 0.0390625
2 0.42265625 0.2234375 0.02109375 0.04609375
2 0.41015625 0.20078125 0.015625 0.02890625
2 0.4203125 0.18046875 0.0140625 0.03046875
2 0.44453125 0.20234375 0.01875 0.0375
2 0.47890625 0.22109375 0.02265625 0.04453125
2 0.4875 0.19296875 0.01640625 0.0359375
2 0.46796875 0.1734375 0.01328125 0.02890625
2 0.46640625 0.14453125 0.01328125 0.028125
2 0.48203125 0.1453125 0.01484375 0.0265625
2 0.50078125 0.14765625 0.01328125 0.03359375
2 0.51953125 0.16171875 0.01328125 0.03046875
2 0.51796875 0.12734375 0.01484375 0.0265625
2 0.5375 0.13203125 0.01640625 0.03046875
2 0.5390625 0.1734375 0.01875 0.0375
2 0.56171875 0.18359375 0.0203125 0.03359375
2 0.5578125 0.1359375 0.015625 0.03046875
2 0.5609375 0.11640625 0.01171875 0.0234375
2 0.58046875 0.128125 0.015625 0.028125
2 0.57578125 0.15078125 0.01875 0.03203125
2 0.5890625 0.11015625 0.01171875 0.03046875
2 0.6109375 0.1125 0.009375 0.01640625
2 0.6140625 0.14140625 0.015625 0.02890625
2 0.63125 0.1296875 0.015625 0.03515625
2 0.65234375 0.13046875 0.0140625 0.03359375
2 0.66640625 0.1296875 0.0125 0.03203125
2 0.65390625 0.09765625 0.01171875 0.025
2 0.66015625 0.1078125 0.01328125 0.02109375
2 0.69765625 0.10859375 0.01328125 0.025
2 0.5578125 0.2375 0.02578125 0.04453125
2 0.54453125 0.28828125 0.03046875 0.05390625
2 0.6015625 0.33203125 0.034375 0.0625
2 0.6046875 0.24296875 0.02578125 0.05390625
2 0.61640625 0.21171875 0.0203125 0.04296875
2 0.6625 0.25703125 0.0296875 0.053125
2 0.66484375 0.21171875 0.02265625 0.04140625
2 0.68046875 0.19765625 0.021875 0.04140625
2 0.709375 0.215625 0.0234375 0.053125
2 0.72578125 0.1859375 0.01953125 0.040625
2 0.74140625 0.234375 0.021875 0.06015625
2 0.75625 0.1703125 0.021875 0.04609375
2 0.7453125 0.1359375 0.01484375 0.0375
2 0.71640625 0.14296875 0.0140625 0.03359375
2 0.73203125 0.1484375 0.01484375 0.028125
2 0.759375 0.1203125 0.0140625 0.0265625
2 0.796875 0.1484375 0.0171875 0.02890625
2 0.80546875 0.1171875 0.0109375 0.02890625
2 0.815625 0.14296875 0.01328125 0.03359375
2 0.83359375 0.12734375 0.01328125 0.02890625
2 0.8515625 0.16171875 0.01640625 0.03515625
2 0.86484375 0.146875 0.01875 0.03515625
2 0.87578125 0.13203125 0.01171875 0.03359375
2 0.83125 0.209375 0.02265625 0.04609375
2 0.86015625 0.221875 0.01640625 0.0484375
2 0.85703125 0.26875 0.02578125 0.04609375
2 0.8078125 0.25625 0.0234375 0.04453125
2 0.7640625 0.22578125 0.0234375 0.0375
2 0.7953125 0.27890625 0.02578125 0.05390625
2 0.8265625 0.3078125 0.0265625 0.06015625
2 0.8390625 0.3953125 0.0375 0.08203125
2 0.89453125 0.44921875 0.04375 0.08046875
2 0.84765625 0.35234375 0.03359375 0.0625
2 0.9203125 0.29921875 0.02578125 0.053125
2 0.90390625 0.21796875 0.01875 0.04296875
2 0.8921875 0.1859375 0.0140625 0.03203125
2 0.89765625 0.15703125 0.0140625 0.028125
2 0.90234375 0.13515625 0.01328125 0.03046875
2 0.93984375 0.15 0.0125 0.028125
2 0.93671875 0.1734375 0.01171875 0.02890625
2 0.9359375 0.21953125 0.01953125 0.04453125