2 0.065625 0.67578125 0.08046875 0.1265625
2 0.0234375 0.6140625 0.03046875 0.053125
2 0.17890625 0.790625 0.1046875 0.16953125
2 0.203125 0.6734375 0.059375 0.07890625
2 0.1484375 0.62421875 0.0296875 0.0515625
2 0.121875 0.6546875 0.02734375 0.04140625
2 0.28359375 0.67109375 0.06953125 0.1046875
2 0.37421875 0.65859375 0.04375 0.07734375
2 0.45859375 0.53828125 0.0328125 0.06875
2 0.52578125 0.65859375 0.02890625 0.0453125
2 0.55625 0.68046875 0.04375 0.05546875
2 0.6296875 0.69296875 0.05390625 0.084375
2 0.69453125 0.75859375 0.103125 0.15859375
2 0.784375 0.69765625 0.02734375 0.05234375
2 0.9 0.83125 0.1921875 0.3359375
2 0.82265625 0.68984375 0.03359375 0.06328125