2 0.1671875 0.478125 0.065625 0.128125
2 0.31015625 0.23671875 0.02109375 0.04375
2 0.34296875 0.19921875 0.02265625 0.05390625
2 0.4140625 0.2 0.0203125 0.04765625
2 0.41015625 0.1609375 0.0171875 0.03828125
2 0.4296875 0.17421875 0.0140625 0.034375
2 0.45 0.19765625 0.025 0.05
2 0.48046875 0.228125 0.02265625 0.04609375
2 0.44921875 0.14296875 0.01796875 0.03671875
2 0.52578125 0.20390625 0.02578125 0.06328125
2 0.5671875 0.25078125 0.02890625 0.05390625
2 0.55859375 0.17734375 0.01640625 0.03671875
2 0.50859375 0.13515625 0.01484375 0.02890625
2 0.465625 0.1515625 0.0125 0.03046875
2 0.48984375 0.165625 0.01796875 0.0328125
2 0.46875 0.18359375 0.0171875 0.034375
2 0.46953125 0.13203125 0.01171875 0.0265625
2 0.48828125 0.14140625 0.0125 0.0265625
2 0.54140625 0.13671875 0.0140625 0.02890625
2 0.534375 0.11875 0.0125 0.02265625
2 0.55078125 0.11953125 0.0140625 0.02890625
2 0.5609375 0.13671875 0.01484375 0.02890625
2 0.5875 0.15546875 0.0203125 0.034375
2 0.6234375 0.1390625 0.01640625 0.0328125
2 0.6546875 0.13671875 0.01640625 0.0328125
2 0.63359375 0.19453125 0.01953125 0.04765625
2 0.62109375 0.240625 0.02578125 0.04765625
2 0.628125 0.30390625 0.03125 0.0671875
2 0.6609375 0.278125 0.02265625 0.0609375
2 0.6640625 0.221875 0.0234375 0.05390625
2 0.66484375 0.18203125 0.02109375 0.04609375
2 0.7 0.1578125 0.0140625 0.03984375
2 0.7171875 0.23671875 0.02265625 0.05546875
2 0.70234375 0.1953125 0.01953125 0.0421875
2 0.734375 0.178125 0.01953125 0.0421875
2 0.75390625 0.14765625 0.0171875 0.0421875
2 0.75 0.1203125 0.01796875 0.03828125
2 0.778125 0.1265625 0.0171875 0.03828125
2 0.77109375 0.1734375 0.01640625 0.03671875
2 0.796875 0.16875 0.01640625 0.034375
2 0.7859375 0.21640625 0.01953125 0.05
2 0.83046875 0.16640625 0.01640625 0.0421875
2 0.8078125 0.19765625 0.01640625 0.0421875
2 0.80390625 0.2890625 0.0234375 0.0609375
2 0.69296875 0.35 0.03125 0.075
2 0.84609375 0.34453125 0.025 0.06484375
2 0.8671875 0.2828125 0.0234375 0.06328125
2 0.85 0.21171875 0.0171875 0.04375
2 0.8140625 0.26015625 0.025 0.0578125
2 0.82578125 0.2234375 0.01796875 0.03984375
2 0.86796875 0.1734375 0.01484375 0.03984375
2 0.88203125 0.2234375 0.01953125 0.059375
2 0.88828125 0.19375 0.0171875 0.0421875
2 0.90390625 0.19375 0.01796875 0.0421875
2 0.9296875 0.234375 0.0234375 0.05546875
2 0.92265625 0.29375 0.025 0.059375
2 0.90546875 0.35859375 0.0296875 0.0765625
2 0.9125 0.4453125 0.0328125 0.08203125