2 0.10078125 0.6328125 0.09296875 0.10703125
2 0.03203125 0.6171875 0.0609375 0.14296875
2 0.109375 0.53671875 0.04921875 0.07421875
2 0.09296875 0.4984375 0.04765625 0.06875
2 0.146875 0.51640625 0.03359375 0.06875
2 0.18046875 0.51640625 0.02890625 0.0484375
2 0.23515625 0.4109375 0.0609375 0.10703125
2 0.3546875 0.68125 0.11015625 0.17890625
2 0.3453125 0.55703125 0.0578125 0.0890625
2 0.30390625 0.5328125 0.03203125 0.04609375
2 0.440625 0.646875 0.0828125 0.15078125
2 0.51796875 0.55625 0.07109375 0.0921875
2 0.59609375 0.5359375 0.05234375 0.08125
2 0.73515625 0.38125 0.0625 0.09453125
2 0.7421875 0.57421875 0.07578125 0.10703125
2 0.778125 0.51796875 0.04375 0.0765625
2 0.86484375 0.6453125 0.09140625 0.16328125
2 0.95078125 0.5765625 0.06796875 0.1125
2 0.96953125 0.61484375 0.05390625 0.12734375