2 0.33046875 0.47265625 0.0625 0.11953125
2 0.28671875 0.209375 0.01640625 0.02890625
2 0.3109375 0.225 0.0140625 0.02890625
2 0.32421875 0.184375 0.01796875 0.02890625
2 0.3265625 0.22109375 0.01015625 0.02890625
2 0.33671875 0.228125 0.01796875 0.034375
2 0.346875 0.240625 0.021875 0.03671875
2 0.3890625 0.23515625 0.01796875 0.034375
2 0.36640625 0.184375 0.015625 0.03671875
2 0.44140625 0.2421875 0.01796875 0.040625
2 0.39140625 0.20859375 0.01171875 0.034375
2 0.44453125 0.20625 0.015625 0.03828125
2 0.38671875 0.15703125 0.01171875 0.02890625
2 0.396875 0.19921875 0.01640625 0.03125
2 0.41328125 0.18359375 0.01328125 0.01953125
2 0.42109375 0.15546875 0.01015625 0.02109375
2 0.43828125 0.1625 0.01640625 0.03125
2 0.459375 0.17890625 0.01640625 0.03671875
2 0.471875 0.15625 0.00859375 0.034375
2 0.490625 0.159375 0.0109375 0.02890625
2 0.48125 0.1390625 0.0078125 0.03125
2 0.5171875 0.13046875 0.0109375 0.0328125
2 0.5234375 0.17578125 0.015625 0.034375
2 0.5484375 0.1546875 0.01640625 0.0234375
2 0.553125 0.18359375 0.0140625 0.04609375
2 0.57421875 0.2171875 0.021875 0.040625
2 0.57578125 0.128125 0.0140625 0.0328125
2 0.5890625 0.15625 0.0140625 0.03125
2 0.59140625 0.115625 0.01171875 0.03125
2 0.64765625 0.11171875 0.01328125 0.03125
2 0.6140625 0.121875 0.01171875 0.01953125
2 0.62421875 0.1390625 0.01640625 0.03828125
2 0.60859375 0.2125 0.02109375 0.03828125
2 0.6328125 0.23046875 0.0234375 0.05234375
2 0.6734375 0.3234375 0.0265625 0.0640625
2 0.68671875 0.2578125 0.02109375 0.040625
2 0.675 0.225 0.0234375 0.0484375
2 0.65625 0.1734375 0.01640625 0.034375
2 0.6421875 0.15703125 0.015625 0.02890625
2 0.67578125 0.11484375 0.0109375 0.02890625
2 0.69609375 0.1109375 0.01171875 0.02890625
2 0.71328125 0.17265625 0.01640625 0.040625
2 0.734375 0.23203125 0.01875 0.03828125
2 0.7296875 0.146875 0.015625 0.03828125
2 0.75234375 0.13359375 0.01328125 0.03125
2 0.78125 0.1203125 0.0109375 0.02890625
2 0.78359375 0.1390625 0.01171875 0.0234375
2 0.80078125 0.13828125 0.01328125 0.025
2 0.8328125 0.1390625 0.01328125 0.02734375
2 0.85 0.1484375 0.01328125 0.03125
2 0.90546875 0.1515625 0.01328125 0.02890625
2 0.74609375 0.34140625 0.025 0.06171875
2 0.7421875 0.19375 0.02109375 0.0328125
2 0.759375 0.240625 0.021875 0.0484375
2 0.7921875 0.28359375 0.021875 0.05390625
2 0.90390625 0.353125 0.02421875 0.065625
2 0.79453125 0.20546875 0.01640625 0.03671875
2 0.82578125 0.2484375 0.02109375 0.0484375
2 0.82265625 0.19375 0.0140625 0.0328125
2 0.8421875 0.21640625 0.01875 0.0421875
2 0.865625 0.17578125 0.015625 0.034375
2 0.940625 0.16875 0.01328125 0.025
2 0.90703125 0.2 0.01171875 0.03671875
2 0.89296875 0.2375 0.015625 0.03828125
2 0.94296875 0.25390625 0.015625 0.03671875
2 0.934375 0.20546875 0.01171875 0.025
2 0.93203125 0.234375 0.01171875 0.0328125
2 0.9109375 0.1734375 0.01328125 0.02734375
2 0.93671875 0.18359375 0.01171875 0.02734375
2 0.7953125 0.16484375 0.01328125 0.02890625
2 0.821875 0.16640625 0.01328125 0.0234375
2 0.6796875 0.1296875 0.01171875 0.03125
2 0.6125 0.11015625 0.0109375 0.01953125
2 0.4734375 0.19140625 0.01796875 0.02734375
2 0.40078125 0.17734375 0.0140625 0.03125