2 0.27734375 0.25546875 0.015625 0.02890625
2 0.29296875 0.26640625 0.0171875 0.03046875
2 0.37109375 0.26328125 0.0140625 0.03671875
2 0.359375 0.22109375 0.0140625 0.03046875
2 0.36484375 0.1984375 0.01640625 0.02890625
2 0.40625 0.22734375 0.02421875 0.05703125
2 0.43984375 0.22734375 0.01796875 0.040625
2 0.46484375 0.2296875 0.0171875 0.03671875
2 0.44375 0.18828125 0.01171875 0.03203125
2 0.4078125 0.171875 0.0125 0.0203125
2 0.39609375 0.1953125 0.01328125 0.03359375
2 0.4609375 0.15625 0.01328125 0.025
2 0.4640625 0.1921875 0.015625 0.0234375
2 0.5171875 0.1984375 0.0203125 0.03203125
2 0.484375 0.20234375 0.0140625 0.03359375
2 0.48671875 0.16796875 0.015625 0.02890625
2 0.50234375 0.13046875 0.009375 0.025
2 0.5390625 0.13203125 0.0125 0.021875
2 0.55 0.125 0.01171875 0.0234375
2 0.5609375 0.13515625 0.01171875 0.02734375
2 0.584375 0.16953125 0.0140625 0.02890625
2 0.5375 0.18984375 0.015625 0.021875
2 0.5234375 0.16953125 0.01171875 0.021875
2 0.5984375 0.15859375 0.01328125 0.02734375
2 0.578125 0.13984375 0.0125 0.02734375
2 0.5828125 0.1234375 0.01328125 0.02734375
2 0.59140625 0.10234375 0.01171875 0.021875
2 0.60546875 0.11328125 0.0125 0.0234375
2 0.63671875 0.10546875 0.01015625 0.021875
2 0.6375 0.13515625 0.01171875 0.0234375
2 0.64765625 0.13515625 0.0125 0.0234375
2 0.66328125 0.11484375 0.0125 0.02734375
2 0.69453125 0.10546875 0.01171875 0.02890625
2 0.6125 0.2171875 0.01875 0.03671875
2 0.52109375 0.27890625 0.0203125 0.0453125
2 0.55703125 0.25703125 0.01796875 0.03515625
2 0.56015625 0.29921875 0.02109375 0.0421875
2 0.60078125 0.3296875 0.02421875 0.05234375
2 0.6078125 0.2625 0.0203125 0.0453125
2 0.66953125 0.209375 0.01640625 0.03671875
2 0.65234375 0.1734375 0.015625 0.03359375
2 0.6703125 0.165625 0.0125 0.03046875
2 0.684375 0.18203125 0.0140625 0.03046875
2 0.6921875 0.228125 0.01875 0.03515625
2 0.6765625 0.30625 0.02890625 0.0453125
2 0.7421875 0.353125 0.03125 0.0625
2 0.784375 0.3921875 0.02890625 0.07578125
2 0.88671875 0.359375 0.028125 0.07109375
2 0.90546875 0.29921875 0.021875 0.059375
2 0.90546875 0.25859375 0.01796875 0.03203125
2 0.915625 0.23203125 0.0171875 0.0453125
2 0.91171875 0.20234375 0.0171875 0.040625
2 0.91640625 0.15703125 0.0125 0.02734375
2 0.81015625 0.31171875 0.02578125 0.05078125
2 0.7609375 0.271875 0.02421875 0.05078125
2 0.72265625 0.253125 0.02421875 0.046875
2 0.72109375 0.1984375 0.0203125 0.03515625
2 0.759375 0.2140625 0.01796875 0.04375
2 0.775 0.2015625 0.0140625 0.03203125
2 0.796875 0.240625 0.02265625 0.0390625
2 0.81484375 0.20703125 0.01640625 0.03359375
2 0.86640625 0.20703125 0.0140625 0.03671875
2 0.8609375 0.253125 0.01796875 0.046875
2 0.8875 0.18359375 0.0140625 0.03359375
2 0.88046875 0.1671875 0.01328125 0.02734375
2 0.8875 0.14609375 0.01640625 0.03203125
2 0.84765625 0.165625 0.0125 0.02734375
2 0.85234375 0.13515625 0.0125 0.0234375
2 0.8203125 0.14140625 0.01328125 0.0234375
2 0.825 0.12578125 0.01171875 0.021875
2 0.790625 0.15703125 0.0140625 0.03046875
2 0.771875 0.165625 0.0140625 0.03046875
2 0.7421875 0.15234375 0.0140625 0.02890625
2 0.75859375 0.1296875 0.0125 0.02734375
2 0.734375 0.11953125 0.0140625 0.02734375