1 0.96171875 0.06484375 0.021875 0.0203125
1 0.89765625 0.059375 0.0109375 0.015625
1 0.91484375 0.04453125 0.025 0.0296875
1 0.91015625 0.0734375 0.04375 0.0375
1 0.8203125 0.06171875 0.0234375 0.025
1 0.76796875 0.06953125 0.0453125 0.0421875
1 0.721875 0.078125 0.015625 0.01875
1 0.70859375 0.0796875 0.0171875 0.01875
1 0.67578125 0.071875 0.03125 0.0296875
1 0.6328125 0.0453125 0.0234375 0.0234375
1 0.590625 0.01953125 0.0375 0.0390625
1 0.603125 0.07578125 0.0671875 0.071875
1 0.540625 0.10078125 0.0203125 0.0234375
1 0.51796875 0.090625 0.0125 0.009375
1 0.5015625 0.0890625 0.025 0.025
1 0.45859375 0.06953125 0.0296875 0.028125
1 0.39765625 0.08515625 0.0234375 0.025
1 0.353125 0.09453125 0.0203125 0.0234375
1 0.30859375 0.08828125 0.0171875 0.0296875
1 0.68828125 0.0953125 0.00625 0.0171875