2 0.1625 0.48671875 0.04921875 0.1015625
2 0.35703125 0.20078125 0.01953125 0.0390625
2 0.3984375 0.21328125 0.01796875 0.03359375
2 0.35625 0.23203125 0.0171875 0.03359375
2 0.38671875 0.27109375 0.02421875 0.040625
2 0.45625 0.22421875 0.02109375 0.0421875
2 0.41328125 0.1609375 0.0203125 0.03359375
2 0.484375 0.13984375 0.01640625 0.0359375
2 0.5078125 0.128125 0.0140625 0.02890625
2 0.53125 0.12265625 0.01328125 0.02890625
2 0.56328125 0.12890625 0.01328125 0.03046875
2 0.58046875 0.121875 0.01171875 0.03359375
2 0.559375 0.1796875 0.01953125 0.03359375
2 0.47421875 0.3390625 0.03203125 0.0578125
2 0.5203125 0.32421875 0.025 0.05234375
2 0.6140625 0.2484375 0.0265625 0.06640625
2 0.65 0.21875 0.0234375 0.0578125
2 0.69765625 0.2609375 0.0328125 0.07421875
2 0.66953125 0.359375 0.034375 0.07109375
2 0.77890625 0.27109375 0.0328125 0.06796875
2 0.85703125 0.12890625 0.01640625 0.03046875
2 0.8234375 0.29921875 0.03203125 0.06640625
2 0.8984375 0.30078125 0.02890625 0.0625
2 0.89296875 0.0828125 0.01796875 0.040625
2 0.91953125 0.15390625 0.0125 0.03359375