2 0.26015625 0.37421875 0.04375 0.1
2 0.28203125 0.22578125 0.01796875 0.040625
2 0.3078125 0.2328125 0.0203125 0.040625
2 0.31171875 0.2171875 0.01875 0.03203125
2 0.359375 0.2640625 0.025 0.04296875
2 0.36640625 0.2234375 0.02109375 0.040625
2 0.36953125 0.184375 0.01875 0.0375
2 0.4015625 0.22578125 0.0203125 0.040625
2 0.4125 0.21015625 0.015625 0.03203125
2 0.4109375 0.253125 0.025 0.04609375
2 0.465625 0.20859375 0.0203125 0.04609375
2 0.47421875 0.18828125 0.01875 0.0375
2 0.46015625 0.15546875 0.01484375 0.0359375
2 0.459375 0.14296875 0.0171875 0.025
2 0.421875 0.153125 0.01796875 0.02890625
2 0.478125 0.13046875 0.0109375 0.02890625
2 0.4890625 0.13359375 0.01484375 0.025
2 0.4921875 0.16015625 0.015625 0.03203125
2 0.52109375 0.16484375 0.01796875 0.040625
2 0.5015625 0.12421875 0.0140625 0.03046875
2 0.5171875 0.13203125 0.01328125 0.02890625
2 0.5296875 0.134375 0.0140625 0.0265625
2 0.553125 0.1328125 0.0109375 0.0265625
2 0.56328125 0.178125 0.02421875 0.05
2 0.578125 0.13828125 0.01875 0.03359375
2 0.58671875 0.11953125 0.01484375 0.02109375
2 0.6 0.14765625 0.0203125 0.0359375
2 0.6359375 0.15546875 0.0171875 0.02890625
2 0.63125 0.13125 0.01796875 0.03046875
2 0.61640625 0.11015625 0.0109375 0.03203125
2 0.603125 0.06796875 0.0140625 0.02890625
2 0.63828125 0.059375 0.0140625 0.0265625
2 0.665625 0.0625 0.01171875 0.02890625
2 0.68046875 0.05859375 0.0109375 0.03203125
2 0.646875 0.11875 0.0140625 0.03046875
2 0.59375 0.2140625 0.025 0.04609375
2 0.6203125 0.26328125 0.028125 0.0484375
2 0.625 0.20625 0.025 0.0484375
2 0.6671875 0.22734375 0.021875 0.0515625
2 0.7 0.17265625 0.01796875 0.0390625
2 0.71796875 0.178125 0.02265625 0.05
2 0.73828125 0.171875 0.0171875 0.0484375
2 0.73203125 0.13984375 0.0140625 0.0265625
2 0.74140625 0.23203125 0.02421875 0.05
2 0.76796875 0.23671875 0.02578125 0.05
2 0.77734375 0.3078125 0.02890625 0.065625
2 0.9140625 0.33046875 0.025 0.05859375
2 0.7984375 0.2 0.02109375 0.04609375
2 0.7640625 0.1890625 0.0171875 0.04609375
2 0.75078125 0.12109375 0.015625 0.03203125
2 0.76640625 0.11796875 0.015625 0.03203125
2 0.7828125 0.1328125 0.0171875 0.040625
2 0.79296875 0.15859375 0.0140625 0.03203125
2 0.80625 0.1265625 0.01484375 0.0359375
2 0.82265625 0.13203125 0.0140625 0.03203125
2 0.828125 0.175 0.02109375 0.0390625
2 0.84140625 0.14375 0.0140625 0.03359375
2 0.853125 0.13828125 0.01171875 0.03359375
2 0.86640625 0.16875 0.015625 0.040625
2 0.85625 0.20703125 0.01796875 0.04609375
2 0.84296875 0.2296875 0.0171875 0.05703125
2 0.8875 0.23203125 0.0203125 0.04296875
2 0.8953125 0.2046875 0.0140625 0.0390625
2 0.8796875 0.159375 0.01328125 0.0375
2 0.9 0.17265625 0.0140625 0.0359375
2 0.91015625 0.178125 0.0140625 0.0359375
2 0.91796875 0.15078125 0.01484375 0.0375
2 0.93203125 0.20078125 0.01796875 0.0375
2 0.9390625 0.171875 0.01171875 0.03046875
2 0.92265625 0.2546875 0.02265625 0.05
2 0.91953125 0.2046875 0.01796875 0.04296875