2 0.1578125 0.23515625 0.01953125 0.028125
2 0.0390625 0.31328125 0.02890625 0.0359375
2 0.01328125 0.325 0.0234375 0.028125
2 0.03203125 0.375 0.025 0.04609375
2 0.05390625 0.38046875 0.01953125 0.0359375
2 0.0796875 0.384375 0.025 0.04375
2 0.109375 0.375 0.01953125 0.0359375
2 0.13203125 0.36875 0.02890625 0.03359375
2 0.096875 0.3171875 0.0171875 0.028125
2 0.675 0.5015625 0.1265625 0.16484375
2 0.81328125 0.49765625 0.084375 0.12109375
2 0.91796875 0.478125 0.109375 0.15390625
2 0.88828125 0.38203125 0.05390625 0.0796875
2 0.959375 0.36796875 0.05 0.071875
2 0.7625 0.38828125 0.05546875 0.08203125
2 0.74453125 0.35234375 0.05 0.071875
2 0.64609375 0.41484375 0.065625 0.08515625
2 0.584375 0.39296875 0.04609375 0.07734375
2 0.52578125 0.4484375 0.07109375 0.11015625
2 0.484375 0.41484375 0.0578125 0.08984375
2 0.39609375 0.43828125 0.06171875 0.0796875
2 0.38671875 0.509375 0.084375 0.11328125
2 0.284375 0.46796875 0.05390625 0.07734375
2 0.18359375 0.428125 0.0484375 0.059375
2 0.21796875 0.396875 0.03671875 0.04921875
2 0.2578125 0.38671875 0.0234375 0.03359375
2 0.3078125 0.3984375 0.04609375 0.06171875
2 0.271875 0.34296875 0.02890625 0.03828125
2 0.23828125 0.33125 0.0234375 0.0359375
2 0.221875 0.3125 0.0171875 0.0234375
2 0.209375 0.346875 0.0265625 0.04140625
2 0.17109375 0.35625 0.0234375 0.028125
2 0.15078125 0.34609375 0.0171875 0.028125
2 0.134375 0.328125 0.01953125 0.0234375
2 0.2625 0.30078125 0.025 0.0359375
2 0.2890625 0.31015625 0.025 0.028125
2 0.31328125 0.34453125 0.03046875 0.0359375
2 0.3359375 0.33125 0.02109375 0.03046875
2 0.371875 0.36484375 0.0328125 0.0515625
2 0.39609375 0.38046875 0.0421875 0.04609375
2 0.38203125 0.303125 0.02109375 0.03046875
2 0.4078125 0.33046875 0.0234375 0.03359375
2 0.53046875 0.35078125 0.0421875 0.05390625
2 0.484375 0.35234375 0.0265625 0.03046875
2 0.4390625 0.34609375 0.02109375 0.03359375
2 0.43828125 0.2953125 0.0234375 0.0203125
2 0.421875 0.28828125 0.0171875 0.02578125
2 0.4890625 0.30234375 0.0171875 0.0234375
2 0.48671875 0.28125 0.01953125 0.0234375
2 0.465625 0.2953125 0.015625 0.02578125
2 0.5375 0.3125 0.02109375 0.0234375
2 0.51796875 0.2765625 0.0171875 0.01796875