2 0.09453125 0.5828125 0.0484375 0.10546875
2 0.2 0.271875 0.02109375 0.05234375
2 0.21953125 0.27421875 0.0203125 0.0484375
2 0.265625 0.23984375 0.021875 0.04296875
2 0.29609375 0.23984375 0.01875 0.04296875
2 0.31796875 0.23671875 0.0203125 0.05
2 0.31015625 0.20078125 0.02109375 0.04140625
2 0.34921875 0.20859375 0.01484375 0.046875
2 0.35859375 0.27421875 0.02109375 0.065625
2 0.39609375 0.23671875 0.01640625 0.046875
2 0.3609375 0.1921875 0.0171875 0.034375
2 0.390625 0.19140625 0.0171875 0.03671875
2 0.409375 0.175 0.0125 0.03125
2 0.4265625 0.19140625 0.01640625 0.03984375
2 0.44140625 0.1671875 0.01796875 0.03671875
2 0.45390625 0.1609375 0.01328125 0.03125
2 0.47421875 0.1671875 0.01796875 0.04296875
2 0.48828125 0.14921875 0.01640625 0.034375
2 0.49375 0.2109375 0.0171875 0.03984375
2 0.4671875 0.2546875 0.0234375 0.05859375
2 0.43359375 0.3078125 0.02578125 0.05703125
2 0.525 0.165625 0.01796875 0.04296875
2 0.55078125 0.16171875 0.01875 0.03671875
2 0.5515625 0.13828125 0.015625 0.034375
2 0.57578125 0.13671875 0.0171875 0.03828125
2 0.55078125 0.21640625 0.01953125 0.0484375
2 0.57265625 0.1984375 0.01796875 0.03671875
2 0.6078125 0.18359375 0.0140625 0.034375
2 0.59609375 0.125 0.015625 0.03125
2 0.6203125 0.128125 0.0140625 0.034375
2 0.61171875 0.15859375 0.015625 0.0328125
2 0.63828125 0.1484375 0.015625 0.03671875
2 0.6515625 0.15234375 0.0140625 0.03828125
2 0.62578125 0.20078125 0.01640625 0.0484375
2 0.6140625 0.29140625 0.02265625 0.0625
2 0.56171875 0.3546875 0.0296875 0.046875
2 0.60703125 0.378125 0.02734375 0.05859375
2 0.65390625 0.41171875 0.02734375 0.07109375
2 0.6609375 0.1875 0.01328125 0.034375
2 0.6609375 0.2515625 0.01953125 0.065625
2 0.6875 0.16484375 0.01484375 0.034375
2 0.69296875 0.13828125 0.01328125 0.03125
2 0.70625 0.14921875 0.015625 0.034375
2 0.71171875 0.21640625 0.0140625 0.0453125
2 0.73203125 0.2203125 0.01640625 0.04140625
2 0.71796875 0.275 0.01953125 0.0640625
2 0.72890625 0.4015625 0.02734375 0.06796875
2 0.7546875 0.23359375 0.01796875 0.04140625
2 0.75703125 0.19921875 0.015625 0.03828125
2 0.7796875 0.17421875 0.0140625 0.03984375
2 0.78046875 0.20859375 0.015625 0.04296875
2 0.79453125 0.25390625 0.0171875 0.05
2 0.765625 0.28515625 0.01640625 0.046875
2 0.803125 0.47421875 0.0359375 0.08125
2 0.859375 0.53125 0.03046875 0.0921875
2 0.8734375 0.42734375 0.02265625 0.078125
2 0.8171875 0.30859375 0.01875 0.05546875
2 0.8609375 0.35 0.01953125 0.05859375
2 0.8125 0.2453125 0.01875 0.05
2 0.81171875 0.19375 0.0171875 0.0484375
2 0.83203125 0.21484375 0.01875 0.0453125
2 0.87265625 0.2390625 0.0140625 0.0453125
2 0.87734375 0.2234375 0.0140625 0.05234375
2 0.90546875 0.24140625 0.01484375 0.04296875
2 0.89921875 0.25859375 0.015625 0.0453125
2 0.8890625 0.28359375 0.01953125 0.046875
2 0.921875 0.33203125 0.01875 0.0609375
2 0.9375 0.28515625 0.01484375 0.03984375
2 0.9484375 0.25859375 0.0171875 0.03828125
2 0.98671875 0.27265625 0.01484375 0.04296875
2 0.978125 0.30625 0.01484375 0.04296875
2 0.97578125 0.34609375 0.0140625 0.03984375
2 0.97734375 0.375 0.01953125 0.05390625
2 0.9484375 0.3828125 0.02109375 0.07265625
2 0.96328125 0.44765625 0.02578125 0.07421875