2 0.20390625 0.35390625 0.04765625 0.0890625
2 0.30234375 0.2421875 0.02265625 0.04375
2 0.30859375 0.21484375 0.02265625 0.03671875
2 0.3296875 0.23359375 0.01796875 0.0421875
2 0.35078125 0.24453125 0.0234375 0.04921875
2 0.37109375 0.24375 0.0234375 0.04765625
2 0.40625 0.265625 0.0265625 0.05078125
2 0.34765625 0.17578125 0.0171875 0.034375
2 0.35703125 0.1875 0.01640625 0.0328125
2 0.38203125 0.18125 0.0171875 0.034375
2 0.4171875 0.20625 0.0203125 0.03828125
2 0.415625 0.18359375 0.0171875 0.0328125
2 0.4453125 0.21328125 0.02109375 0.0421875
2 0.4734375 0.21796875 0.02578125 0.04765625
2 0.41640625 0.14296875 0.015625 0.03125
2 0.440625 0.16875 0.02109375 0.03671875
2 0.46328125 0.140625 0.015625 0.03828125
2 0.47265625 0.13515625 0.01640625 0.034375
2 0.48828125 0.16640625 0.0203125 0.034375
2 0.4890625 0.13125 0.0125 0.0328125
2 0.50078125 0.14609375 0.015625 0.034375
2 0.49921875 0.11640625 0.01328125 0.02578125
2 0.51484375 0.13359375 0.0140625 0.03125
2 0.528125 0.1234375 0.01328125 0.02890625
2 0.534375 0.16015625 0.0140625 0.02890625
2 0.51875 0.171875 0.01796875 0.034375
2 0.5546875 0.178125 0.01640625 0.0328125
2 0.56015625 0.15546875 0.01796875 0.02734375
2 0.5890625 0.1625 0.01640625 0.03125
2 0.55625 0.1171875 0.0140625 0.0234375
2 0.57265625 0.1171875 0.0125 0.0234375
2 0.58125 0.109375 0.0140625 0.021875
2 0.58828125 0.13203125 0.015625 0.03125
2 0.5953125 0.11796875 0.0109375 0.021875
2 0.61640625 0.13515625 0.0140625 0.03125
2 0.61328125 0.1015625 0.015625 0.02890625
2 0.6328125 0.11015625 0.0125 0.02734375
2 0.65703125 0.0953125 0.0171875 0.034375
2 0.67890625 0.0953125 0.015625 0.02734375
2 0.684375 0.1125 0.01640625 0.02890625
2 0.7125 0.09609375 0.01328125 0.02890625
2 0.659375 0.13125 0.0140625 0.0328125
2 0.58203125 0.2375 0.02265625 0.05234375
2 0.5453125 0.315625 0.0328125 0.07109375
2 0.4921875 0.290625 0.03046875 0.0578125
2 0.596875 0.3328125 0.028125 0.07265625
2 0.6296875 0.2328125 0.02421875 0.0546875
2 0.67578125 0.24765625 0.0234375 0.0546875
2 0.6890625 0.30703125 0.028125 0.065625
2 0.73125 0.28671875 0.02265625 0.04921875
2 0.74375 0.3953125 0.03671875 0.078125
2 0.81640625 0.38359375 0.0375 0.08359375
2 0.78359375 0.2921875 0.028125 0.06015625
2 0.76796875 0.22421875 0.0203125 0.0453125
2 0.7328125 0.22578125 0.02421875 0.04765625
2 0.7015625 0.18984375 0.0203125 0.0421875
2 0.66953125 0.17578125 0.02421875 0.03828125
2 0.69609375 0.1515625 0.0171875 0.034375
2 0.728125 0.1453125 0.01640625 0.03984375
2 0.7453125 0.12578125 0.01796875 0.03984375
2 0.7578125 0.1671875 0.01796875 0.03984375
2 0.7890625 0.13359375 0.015625 0.03125
2 0.80078125 0.15078125 0.0203125 0.03671875
2 0.79609375 0.21640625 0.01953125 0.03984375
2 0.815625 0.24765625 0.02421875 0.0546875
2 0.82578125 0.3328125 0.028125 0.0546875
2 0.86328125 0.25 0.02109375 0.0453125
2 0.88515625 0.2203125 0.0203125 0.04375
2 0.921875 0.221875 0.0171875 0.04765625
2 0.91796875 0.27578125 0.02578125 0.05234375
2 0.9078125 0.3234375 0.02421875 0.06171875
2 0.87421875 0.39375 0.0359375 0.078125