2 0.0640625 0.43125 0.046875 0.0796875
2 0.09765625 0.425 0.0453125 0.09609375
2 0.16015625 0.31328125 0.02734375 0.05625
2 0.31796875 0.2203125 0.01953125 0.03359375
2 0.3328125 0.2328125 0.02265625 0.04609375
2 0.35078125 0.22734375 0.02421875 0.04765625
2 0.3875 0.20078125 0.02265625 0.03828125
2 0.628125 0.06171875 0.01328125 0.028125
2 0.5703125 0.13203125 0.02265625 0.03984375
2 0.6265625 0.13046875 0.01953125 0.0421875
2 0.67421875 0.1 0.01796875 0.03984375
2 0.51171875 0.28125 0.02421875 0.04375
2 0.53984375 0.2953125 0.0296875 0.0515625
2 0.55 0.35546875 0.03671875 0.0796875
2 0.58828125 0.35859375 0.0453125 0.08203125
2 0.61015625 0.30859375 0.0296875 0.065625
2 0.61640625 0.19140625 0.0171875 0.03984375
2 0.64453125 0.18984375 0.01484375 0.03203125
2 0.671875 0.25546875 0.0203125 0.04765625
2 0.703125 0.18359375 0.01953125 0.03984375
2 0.71171875 0.08046875 0.01484375 0.03359375