2 0.021875 0.45859375 0.0328125 0.05859375
2 0.2296875 0.328125 0.0140625 0.0328125
2 0.25546875 0.35390625 0.01875 0.04609375
2 0.28203125 0.30390625 0.0171875 0.0328125
2 0.29296875 0.35234375 0.0171875 0.03984375
2 0.3328125 0.34609375 0.0203125 0.04609375
2 0.3515625 0.3171875 0.01640625 0.0296875
2 0.35390625 0.2796875 0.01484375 0.02578125
2 0.3828125 0.321875 0.01484375 0.03671875
2 0.40859375 0.3296875 0.01953125 0.03515625
2 0.46484375 0.39375 0.028125 0.0546875
2 0.4484375 0.3296875 0.021875 0.03828125
2 0.5421875 0.39140625 0.0265625 0.0421875
2 0.59296875 0.42734375 0.0265625 0.05546875
2 0.6546875 0.43359375 0.0234375 0.0609375
2 0.7046875 0.4625 0.0328125 0.075
2 0.81875 0.4828125 0.02890625 0.0609375
2 0.9078125 0.4515625 0.02578125 0.0609375
2 0.84453125 0.46015625 0.0265625 0.0546875
2 0.78203125 0.415625 0.02890625 0.06015625
2 0.71796875 0.40234375 0.0234375 0.0453125
2 0.653125 0.36484375 0.01875 0.04609375
2 0.53125 0.3421875 0.021875 0.040625
2 0.50234375 0.30625 0.015625 0.03515625
2 0.38828125 0.259375 0.01484375 0.02578125
2 0.4078125 0.259375 0.01328125 0.02578125
2 0.4265625 0.23671875 0.0125 0.021875
2 0.44453125 0.25625 0.015625 0.0296875
2 0.475 0.2578125 0.0140625 0.03125
2 0.50234375 0.2578125 0.0125 0.02734375
2 0.51484375 0.26796875 0.01328125 0.03125
2 0.525 0.24453125 0.0125 0.02890625
2 0.54296875 0.24609375 0.01953125 0.0234375
2 0.5609375 0.26875 0.01484375 0.034375
2 0.57890625 0.253125 0.015625 0.0328125
2 0.684375 0.35859375 0.01796875 0.03515625
2 0.8109375 0.3484375 0.02109375 0.0453125
2 0.85703125 0.35859375 0.0234375 0.04375
2 0.834375 0.328125 0.01484375 0.03515625
2 0.875 0.3453125 0.01796875 0.03984375
2 0.9375 0.34765625 0.01796875 0.03828125
2 0.6875 0.29765625 0.01875 0.03671875
2 0.59609375 0.3296875 0.02265625 0.03515625
2 0.634375 0.29609375 0.021875 0.03984375
2 0.66015625 0.2609375 0.01796875 0.03125
2 0.60078125 0.24609375 0.0109375 0.0234375
2 0.725 0.278125 0.01640625 0.0296875
2 0.70078125 0.2453125 0.01484375 0.0296875
2 0.73359375 0.2421875 0.0171875 0.0328125
2 0.77734375 0.27890625 0.0140625 0.034375
2 0.81484375 0.296875 0.015625 0.03515625
2 0.85 0.2734375 0.01484375 0.02890625
2 0.87578125 0.3 0.01484375 0.0328125
2 0.9046875 0.31953125 0.01796875 0.034375
2 0.8921875 0.27109375 0.01640625 0.02734375
2 0.87265625 0.2546875 0.01328125 0.03828125
2 0.93125 0.30078125 0.01328125 0.0328125
2 0.82109375 0.26171875 0.01328125 0.0328125
2 0.79375 0.23828125 0.01484375 0.0328125
2 0.7796875 0.23984375 0.01171875 0.02421875
2 0.7609375 0.2265625 0.0140625 0.02578125
2 0.69921875 0.2171875 0.0125 0.02890625
2 0.6078125 0.2015625 0.009375 0.02734375
2 0.55546875 0.22578125 0.0109375 0.03125
2 0.57109375 0.215625 0.01328125 0.0234375
2 0.63515625 0.21796875 0.01171875 0.02421875
2 0.66015625 0.21328125 0.0125 0.0234375
2 0.675 0.2234375 0.01171875 0.02421875
2 0.93515625 0.2765625 0.01328125 0.0296875
2 0.590625 0.3875 0.03203125 0.04765625
2 0.83828125 0.30078125 0.0171875 0.02890625
2 0.840625 0.24765625 0.01328125 0.02734375
2 0.91640625 0.3015625 0.0140625 0.03984375
2 0.7625 0.25625 0.01328125 0.02421875
2 0.5984375 0.215625 0.01171875 0.02734375
2 0.62265625 0.21171875 0.0109375 0.02578125
2 0.6421875 0.2359375 0.0125 0.02734375
2 0.40390625 0.29453125 0.01328125 0.02734375
2 0.43125 0.30546875 0.01875 0.0328125
2 0.46484375 0.309375 0.0203125 0.03828125
2 0.46328125 0.23671875 0.0125 0.02421875
2 0.64453125 0.3421875 0.01953125 0.04375