2 0.059375 0.38359375 0.0328125 0.0703125
2 0.3125 0.22890625 0.01875 0.03515625
2 0.56953125 0.1234375 0.01484375 0.0296875
2 0.778125 0.125 0.01796875 0.04296875
2 0.83125 0.12890625 0.01796875 0.03515625
2 0.36875 0.1921875 0.0203125 0.04140625
2 0.33203125 0.2234375 0.0171875 0.03359375
2 0.3875 0.1953125 0.01953125 0.0265625
2 0.42421875 0.17890625 0.01875 0.03515625
2 0.35625 0.2390625 0.02890625 0.0515625
2 0.3875 0.2578125 0.0234375 0.0484375
2 0.43359375 0.22890625 0.021875 0.0484375
2 0.44453125 0.1859375 0.01953125 0.04140625
2 0.4703125 0.23046875 0.0203125 0.0453125
2 0.50703125 0.309375 0.02265625 0.04140625
2 0.51015625 0.184375 0.01953125 0.03828125
2 0.53046875 0.1484375 0.01875 0.03671875
2 0.5546875 0.16484375 0.02578125 0.05
2 0.5640625 0.21328125 0.02265625 0.04296875
2 0.5890625 0.16484375 0.02890625 0.046875
2 0.59296875 0.125 0.015625 0.03984375
2 0.61640625 0.140625 0.02265625 0.04140625
2 0.62578125 0.20546875 0.0203125 0.0453125
2 0.55703125 0.3109375 0.02421875 0.0546875
2 0.60390625 0.3328125 0.03046875 0.06171875
2 0.60546875 0.253125 0.0265625 0.06015625
2 0.675 0.25859375 0.02578125 0.04296875
2 0.65390625 0.1953125 0.0203125 0.03984375
2 0.6734375 0.2203125 0.021875 0.04296875
2 0.709375 0.21015625 0.02421875 0.053125
2 0.73515625 0.1546875 0.0234375 0.053125
2 0.7125 0.1515625 0.0203125 0.04296875
2 0.7234375 0.2734375 0.0265625 0.05703125
2 0.77109375 0.2671875 0.04140625 0.06171875
2 0.76875 0.21953125 0.0265625 0.0453125
2 0.7875 0.19765625 0.03125 0.0515625
2 0.81171875 0.14921875 0.01953125 0.04140625
2 0.86015625 0.16640625 0.01796875 0.03671875
2 0.8328125 0.21640625 0.0171875 0.04296875
2 0.88828125 0.1953125 0.01953125 0.04296875
2 0.8625 0.24921875 0.02578125 0.0515625
2 0.84375 0.31171875 0.02578125 0.0765625
2 0.89453125 0.37578125 0.03359375 0.078125
2 0.92578125 0.23359375 0.02421875 0.05
2 0.69765625 0.16015625 0.015625 0.03671875
2 0.5828125 0.140625 0.021875 0.03515625
2 0.77265625 0.16171875 0.021875 0.046875
2 0.78828125 0.15390625 0.01875 0.0484375
2 0.4015625 0.21640625 0.01875 0.03671875
2 0.5296875 0.20859375 0.0203125 0.046875
2 0.74140625 0.203125 0.02265625 0.05
2 0.89609375 0.17109375 0.0125 0.03203125
2 0.91875 0.26328125 0.0203125 0.053125
2 0.84921875 0.1734375 0.01953125 0.03984375