2 0.1734375 0.3921875 0.05390625 0.08828125
2 0.3171875 0.2328125 0.01796875 0.040625
2 0.32265625 0.20859375 0.01953125 0.03359375
2 0.3484375 0.20234375 0.01953125 0.0390625
2 0.41328125 0.19453125 0.01875 0.040625
2 0.43984375 0.21015625 0.0203125 0.0375
2 0.41796875 0.16015625 0.0140625 0.03359375
2 0.4296875 0.17265625 0.015625 0.03046875
2 0.45390625 0.1734375 0.01875 0.03515625
2 0.4640625 0.14921875 0.0140625 0.028125
2 0.47578125 0.12734375 0.0125 0.028125
2 0.49296875 0.14296875 0.01171875 0.0265625
2 0.49609375 0.15625 0.01484375 0.03203125
2 0.4875 0.2125 0.01953125 0.0421875
2 0.48125 0.18828125 0.01953125 0.03203125
2 0.528125 0.26953125 0.02265625 0.05
2 0.50625 0.13828125 0.01171875 0.025
2 0.51640625 0.1390625 0.0140625 0.03359375
2 0.515625 0.1125 0.0125 0.03046875
2 0.5375 0.1234375 0.0109375 0.0234375
2 0.54921875 0.125 0.0140625 0.03046875
2 0.5390625 0.15 0.0125 0.03359375
2 0.55625 0.16484375 0.01484375 0.03515625
2 0.546875 0.1890625 0.01796875 0.0375
2 0.57734375 0.13828125 0.015625 0.03203125
2 0.5921875 0.1078125 0.0125 0.025
2 0.62421875 0.09765625 0.01171875 0.025
2 0.6203125 0.1171875 0.0140625 0.028125
2 0.6046875 0.14453125 0.0140625 0.0375
2 0.5921875 0.1703125 0.01875 0.03203125
2 0.59609375 0.23671875 0.01875 0.040625
2 0.57734375 0.2890625 0.0265625 0.053125
2 0.60546875 0.30234375 0.03359375 0.0765625
2 0.64453125 0.19609375 0.01875 0.04453125
2 0.64296875 0.09921875 0.01171875 0.025
2 0.64453125 0.1296875 0.01484375 0.03515625
2 0.64296875 0.14375 0.015625 0.028125
2 0.66328125 0.1046875 0.01171875 0.03203125
2 0.68046875 0.13984375 0.0140625 0.028125
2 0.6890625 0.12265625 0.01015625 0.028125
2 0.7046875 0.11953125 0.0140625 0.03359375
2 0.7140625 0.16875 0.01484375 0.03203125
2 0.67890625 0.17265625 0.015625 0.0375
2 0.6734375 0.21328125 0.015625 0.0375
2 0.68515625 0.2609375 0.021875 0.0421875
2 0.71953125 0.2265625 0.02265625 0.04609375
2 0.71328125 0.196875 0.01796875 0.03515625
2 0.7046875 0.3171875 0.0296875 0.0640625
2 0.759375 0.1234375 0.01484375 0.03046875
2 0.76875 0.12734375 0.0125 0.03203125
2 0.7640625 0.14921875 0.0125 0.03515625
2 0.75078125 0.175 0.015625 0.040625
2 0.7828125 0.18203125 0.01640625 0.040625
2 0.7421875 0.384375 0.03125 0.0671875
2 0.7921875 0.1328125 0.01640625 0.028125
2 0.803125 0.16328125 0.0140625 0.028125
2 0.796875 0.2 0.0140625 0.0421875
2 0.815625 0.190625 0.0140625 0.03359375
2 0.82890625 0.17265625 0.0125 0.03359375
2 0.84609375 0.146875 0.015625 0.03203125
2 0.86015625 0.18515625 0.01484375 0.0375
2 0.84609375 0.2078125 0.01640625 0.04609375
2 0.8125 0.26796875 0.01953125 0.053125
2 0.77890625 0.29453125 0.0234375 0.0640625
2 0.83359375 0.35546875 0.0265625 0.065625
2 0.85546875 0.30859375 0.0203125 0.05703125
2 0.88203125 0.22421875 0.015625 0.04453125
2 0.87265625 0.1859375 0.0125 0.028125
2 0.88671875 0.1484375 0.0125 0.03046875
2 0.88515625 0.16484375 0.015625 0.03203125
2 0.89140625 0.2015625 0.01640625 0.04453125
2 0.89375 0.18515625 0.01484375 0.03359375
2 0.915625 0.1703125 0.01171875 0.03203125
2 0.92265625 0.1734375 0.01484375 0.0421875
2 0.94921875 0.17109375 0.015625 0.03359375
2 0.9390625 0.196875 0.0140625 0.03515625
2 0.94296875 0.234375 0.01640625 0.0421875
2 0.9234375 0.23671875 0.01796875 0.040625
2 0.93203125 0.28515625 0.021875 0.06015625
2 0.87890625 0.2828125 0.01953125 0.0546875
2 0.92421875 0.37265625 0.02421875 0.0671875
2 0.90078125 0.41953125 0.03125 0.0765625