2 0.11875 0.546875 0.04765625 0.1171875
2 0.1984375 0.296875 0.02109375 0.05390625
2 0.2296875 0.28828125 0.0234375 0.05
2 0.26796875 0.24765625 0.01953125 0.0453125
2 0.30546875 0.24609375 0.0203125 0.0453125
2 0.30703125 0.2140625 0.0203125 0.03828125
2 0.3296875 0.23125 0.0234375 0.046875
2 0.35078125 0.21328125 0.0171875 0.04375
2 0.3640625 0.20703125 0.01953125 0.0421875
2 0.3875 0.24609375 0.01640625 0.0453125
2 0.37109375 0.26875 0.01796875 0.046875
2 0.4375 0.31640625 0.02265625 0.05546875
2 0.3890625 0.19375 0.0171875 0.03828125
2 0.43203125 0.19765625 0.01640625 0.040625
2 0.4375 0.16953125 0.01640625 0.040625
2 0.4703125 0.2515625 0.02265625 0.05
2 0.49296875 0.2125 0.01953125 0.0421875
2 0.4796875 0.178125 0.01796875 0.04375
2 0.46640625 0.17890625 0.0140625 0.0421875
2 0.4546875 0.17109375 0.01484375 0.03359375
2 0.49296875 0.15625 0.0171875 0.03359375
2 0.51875 0.1765625 0.02109375 0.046875
2 0.55 0.21953125 0.01640625 0.040625
2 0.56015625 0.1671875 0.0171875 0.0421875
2 0.55234375 0.14375 0.01328125 0.03203125
2 0.5765625 0.13671875 0.0140625 0.03515625
2 0.58125 0.20703125 0.01796875 0.0453125
2 0.5796875 0.1796875 0.01484375 0.03671875
2 0.59609375 0.134375 0.01484375 0.03671875
2 0.6078125 0.1609375 0.0171875 0.040625
2 0.603125 0.1921875 0.0140625 0.0421875
2 0.621875 0.2046875 0.0171875 0.04375
2 0.65625 0.184375 0.0125 0.03359375
2 0.65546875 0.15 0.01328125 0.03828125
2 0.6296875 0.13671875 0.01484375 0.03515625
2 0.66484375 0.13671875 0.01328125 0.03203125
2 0.68828125 0.14296875 0.0140625 0.03359375
2 0.7125 0.16015625 0.0171875 0.0421875
2 0.68984375 0.1765625 0.01640625 0.03671875
2 0.696875 0.225 0.01953125 0.05390625
2 0.66328125 0.2359375 0.02421875 0.05546875
2 0.61953125 0.30234375 0.02578125 0.05390625
2 0.57578125 0.334375 0.03125 0.06171875
2 0.60546875 0.38671875 0.02890625 0.065625
2 0.65546875 0.4046875 0.03125 0.0640625
2 0.72421875 0.4015625 0.03203125 0.08203125
2 0.7265625 0.28671875 0.02421875 0.05390625
2 0.7515625 0.30234375 0.0203125 0.06015625
2 0.73984375 0.240625 0.01953125 0.0421875
2 0.74140625 0.203125 0.02109375 0.040625
2 0.76953125 0.1921875 0.0171875 0.0453125
2 0.7796875 0.215625 0.0171875 0.0453125
2 0.7875 0.27265625 0.01796875 0.05546875
2 0.81328125 0.30390625 0.01953125 0.05390625
2 0.81796875 0.23046875 0.01953125 0.0421875
2 0.8078125 0.196875 0.01796875 0.05234375
2 0.84296875 0.22265625 0.01484375 0.0484375
2 0.86796875 0.2359375 0.01640625 0.0421875
2 0.8765625 0.2296875 0.0125 0.03359375
2 0.86171875 0.34296875 0.01875 0.0484375
2 0.88828125 0.40390625 0.02578125 0.05546875
2 0.86640625 0.4984375 0.0296875 0.08359375
2 0.803125 0.4296875 0.0328125 0.08359375
2 0.8859375 0.2828125 0.0203125 0.05234375
2 0.89765625 0.26484375 0.01484375 0.04375
2 0.9046875 0.23984375 0.0140625 0.03671875
2 0.928125 0.271875 0.01640625 0.05
2 0.9234375 0.34453125 0.01796875 0.05234375
2 0.94375 0.38671875 0.0234375 0.06171875
2 0.946875 0.47734375 0.0234375 0.071875
2 0.971875 0.3703125 0.01796875 0.05546875
2 0.96953125 0.3296875 0.0171875 0.03828125
2 0.98359375 0.2734375 0.0171875 0.040625
2 0.94375 0.25390625 0.01796875 0.05546875