2 0.11953125 0.2984375 0.040625 0.08203125
2 0.271875 0.36953125 0.01875 0.046875
2 0.33359375 0.38359375 0.01875 0.0453125
2 0.3578125 0.3453125 0.0140625 0.03203125
2 0.37578125 0.365625 0.01953125 0.0484375
2 0.4078125 0.34453125 0.0140625 0.03671875
2 0.44296875 0.34609375 0.01640625 0.04375
2 0.44375 0.32421875 0.01171875 0.0234375
2 0.4859375 0.325 0.01328125 0.0421875
2 0.50859375 0.35078125 0.0125 0.03046875
2 0.478125 0.41328125 0.02421875 0.05703125
2 0.55546875 0.378125 0.021875 0.05
2 0.54765625 0.325 0.0125 0.03828125
2 0.534375 0.309375 0.0140625 0.03984375
2 0.57890625 0.31484375 0.0125 0.03203125
2 0.5890625 0.340625 0.01640625 0.0421875
2 0.5921875 0.38046875 0.02421875 0.05546875
2 0.64375 0.3328125 0.025 0.05
2 0.6546875 0.31171875 0.01875 0.0421875
2 0.68359375 0.36875 0.0296875 0.06484375
2 0.6859375 0.33046875 0.0234375 0.05859375
2 0.68359375 0.2890625 0.01328125 0.03359375
2 0.7046875 0.2875 0.0125 0.03046875
2 0.7359375 0.29296875 0.01328125 0.03984375
2 0.75390625 0.32890625 0.02109375 0.0515625
2 0.76875 0.31015625 0.015625 0.03828125
2 0.75234375 0.2875 0.01484375 0.03046875
2 0.7953125 0.30078125 0.01640625 0.03984375
2 0.81953125 0.33984375 0.02734375 0.05
2 0.82421875 0.3140625 0.01640625 0.03984375
2 0.8609375 0.28203125 0.01875 0.03828125
2 0.903125 0.321875 0.0234375 0.0484375
2 0.90859375 0.28671875 0.01953125 0.0453125
2 0.90625 0.26015625 0.01875 0.03515625
2 0.9703125 0.2890625 0.021875 0.046875
2 0.91015625 0.384375 0.05 0.08046875
2 0.7578125 0.53671875 0.059375 0.15078125
2 0.73515625 0.46875 0.0421875 0.10546875