2 0.13671875 0.6046875 0.13515625 0.21484375
2 0.05625 0.5140625 0.09375 0.13984375
2 0.21015625 0.5109375 0.078125 0.121875
2 0.22734375 0.43828125 0.05234375 0.0921875
2 0.29140625 0.42421875 0.05546875 0.1
2 0.35625 0.58203125 0.1375 0.21953125
2 0.35703125 0.4765625 0.08828125 0.12578125
2 0.39296875 0.40390625 0.0671875 0.1125
2 0.5234375 0.49375 0.09296875 0.146875
2 0.52890625 0.41171875 0.059375 0.10234375
2 0.55 0.2015625 0.0296875 0.06015625
2 0.62734375 0.42265625 0.065625 0.10625
2 0.8078125 0.42109375 0.078125 0.1171875