2 0.0703125 0.2875 0.03203125 0.05546875
2 0.27734375 0.215625 0.01953125 0.03046875
2 0.28828125 0.23671875 0.01640625 0.03046875
2 0.31640625 0.22734375 0.01796875 0.03828125
2 0.32890625 0.2015625 0.0140625 0.03984375
2 0.34609375 0.22734375 0.01640625 0.0421875
2 0.35 0.2578125 0.02109375 0.04609375
2 0.3578125 0.1890625 0.01796875 0.0421875
2 0.37734375 0.20625 0.0125 0.03828125
2 0.3828125 0.171875 0.01484375 0.03046875
2 0.41796875 0.15546875 0.01484375 0.0328125
2 0.4296875 0.14921875 0.0125 0.03046875
2 0.4203125 0.19921875 0.01484375 0.04375
2 0.41015625 0.234375 0.01796875 0.03828125
2 0.42734375 0.24453125 0.0203125 0.0421875
2 0.44296875 0.1984375 0.0140625 0.034375
2 0.45625 0.18515625 0.01171875 0.03046875
2 0.44453125 0.16015625 0.01484375 0.03046875
2 0.48515625 0.184375 0.0203125 0.0328125
2 0.478125 0.20546875 0.01953125 0.0359375
2 0.48046875 0.128125 0.01171875 0.02265625
2 0.48828125 0.1421875 0.0140625 0.02890625
2 0.50625 0.115625 0.0125 0.025
2 0.51796875 0.146875 0.01171875 0.0265625
2 0.5234375 0.1265625 0.009375 0.025
2 0.53125 0.1734375 0.01171875 0.03046875
2 0.5390625 0.1515625 0.01484375 0.02890625
2 0.55625 0.13515625 0.0125 0.03046875
2 0.56484375 0.1203125 0.0109375 0.02265625
2 0.55703125 0.178125 0.01640625 0.04375
2 0.57734375 0.15390625 0.0125 0.0328125
2 0.58359375 0.13359375 0.01484375 0.0265625
2 0.60625 0.1078125 0.009375 0.02890625
2 0.60625 0.13671875 0.01640625 0.02890625
2 0.63515625 0.1125 0.00859375 0.0265625
2 0.64140625 0.13203125 0.01171875 0.0265625
2 0.65234375 0.1515625 0.0125 0.0328125
2 0.6578125 0.13359375 0.0109375 0.0265625
2 0.6546875 0.1109375 0.0109375 0.03046875
2 0.68359375 0.1234375 0.0125 0.025
2 0.684375 0.109375 0.0109375 0.025
2 0.7125 0.10390625 0.01171875 0.025
2 0.6140625 0.159375 0.01640625 0.03984375
2 0.66796875 0.18125 0.01640625 0.034375
2 0.5953125 0.21875 0.0203125 0.0359375
2 0.6453125 0.23359375 0.0203125 0.04765625
2 0.64921875 0.2 0.0171875 0.034375
2 0.6890625 0.2203125 0.02109375 0.0359375
2 0.69453125 0.26640625 0.02265625 0.04375
2 0.70390625 0.30703125 0.02890625 0.07265625
2 0.71484375 0.18359375 0.01640625 0.034375
2 0.73828125 0.1421875 0.0125 0.0328125
2 0.75078125 0.15625 0.0171875 0.03828125
2 0.753125 0.1984375 0.01796875 0.03828125
2 0.72421875 0.2421875 0.0203125 0.03828125
2 0.76015625 0.25546875 0.02109375 0.04609375
2 0.76796875 0.34921875 0.028125 0.06484375
2 0.809375 0.28359375 0.0203125 0.0515625
2 0.775 0.1203125 0.01171875 0.0265625
2 0.80390625 0.13515625 0.0125 0.02265625
2 0.8015625 0.16328125 0.01640625 0.025
2 0.80390625 0.2 0.01640625 0.03828125
2 0.81640625 0.18984375 0.01640625 0.0359375
2 0.83515625 0.16640625 0.01484375 0.034375
2 0.8296875 0.13515625 0.0109375 0.01875
2 0.84765625 0.15078125 0.01171875 0.03046875
2 0.86484375 0.146875 0.01171875 0.0265625
2 0.8390625 0.24453125 0.0203125 0.0421875
2 0.85859375 0.21640625 0.0171875 0.04375
2 0.8953125 0.22890625 0.01484375 0.0421875
2 0.87890625 0.17265625 0.01484375 0.0328125
2 0.8828125 0.1625 0.0140625 0.03046875
2 0.91953125 0.14375 0.0125 0.0328125
2 0.91796875 0.175 0.01171875 0.0328125
2 0.90859375 0.19453125 0.01640625 0.034375
2 0.89765625 0.21015625 0.0140625 0.03828125
2 0.94140625 0.2421875 0.01953125 0.053125
2 0.9453125 0.20234375 0.0125 0.034375
2 0.9609375 0.1890625 0.0140625 0.03046875
2 0.953125 0.1734375 0.0125 0.0265625
2 0.92109375 0.32890625 0.02578125 0.06328125