2 0.20546875 0.4375 0.03828125 0.0796875
2 0.1609375 0.22578125 0.01640625 0.03828125
2 0.2859375 0.23125 0.015625 0.03828125
2 0.3328125 0.21328125 0.0171875 0.034375
2 0.3484375 0.259375 0.0203125 0.04375
2 0.35703125 0.215625 0.01953125 0.03828125
2 0.39296875 0.19453125 0.01953125 0.03125
2 0.4078125 0.2421875 0.01640625 0.03671875
2 0.42109375 0.19453125 0.01328125 0.03125
2 0.45 0.21328125 0.01875 0.03828125
2 0.49140625 0.171875 0.0125 0.03125
2 0.471875 0.15390625 0.01328125 0.0328125
2 0.440625 0.15625 0.015625 0.02421875
2 0.4234375 0.16171875 0.01171875 0.02109375
2 0.54375 0.190625 0.01953125 0.0453125
2 0.54296875 0.1546875 0.01640625 0.03125
2 0.490625 0.1375 0.01484375 0.03125
2 0.5 0.15 0.015625 0.02578125
2 0.6640625 0.04921875 0.01484375 0.02265625
2 0.7328125 0.14140625 0.01328125 0.0328125
2 0.6515625 0.22734375 0.01953125 0.04140625
2 0.6734375 0.228125 0.01640625 0.03984375
2 0.5984375 0.23359375 0.0234375 0.0328125
2 0.9109375 0.35625 0.028125 0.05546875
2 0.8921875 0.2390625 0.0171875 0.04375
2 0.92109375 0.24140625 0.0171875 0.0453125
2 0.9 0.1984375 0.01484375 0.03671875
2 0.9375 0.2015625 0.01484375 0.034375
2 0.95390625 0.17734375 0.01484375 0.028125