2 0.16953125 0.4953125 0.0421875 0.0703125
2 0.2765625 0.2421875 0.015625 0.0328125
2 0.26953125 0.2765625 0.01796875 0.0296875
2 0.321875 0.21875 0.015625 0.03125
2 0.3265625 0.23984375 0.0140625 0.03125
2 0.334375 0.225 0.0140625 0.028125
2 0.359375 0.24765625 0.02109375 0.0375
2 0.321875 0.278125 0.02109375 0.0328125
2 0.35703125 0.22578125 0.015625 0.0328125
2 0.3828125 0.190625 0.0140625 0.034375
2 0.39453125 0.22109375 0.01875 0.0359375
2 0.39140625 0.2625 0.01640625 0.04453125
2 0.40390625 0.26640625 0.02109375 0.04609375
2 0.40703125 0.18515625 0.0140625 0.0296875
2 0.4203125 0.19140625 0.01328125 0.0359375
2 0.44453125 0.1765625 0.01484375 0.0265625
2 0.4484375 0.1859375 0.0140625 0.03125
2 0.44765625 0.23203125 0.02109375 0.0421875
2 0.4796875 0.23671875 0.02421875 0.04453125
2 0.459375 0.15234375 0.0109375 0.02265625
2 0.48125 0.14375 0.01328125 0.0265625
2 0.48046875 0.19609375 0.015625 0.0296875
2 0.496875 0.1828125 0.01796875 0.034375
2 0.49453125 0.21015625 0.0203125 0.034375
2 0.5140625 0.21328125 0.02265625 0.0375
2 0.53203125 0.17578125 0.0203125 0.040625
2 0.56171875 0.12890625 0.0140625 0.0296875
2 0.55625 0.15546875 0.01640625 0.0328125
2 0.57421875 0.17734375 0.01796875 0.04453125
2 0.59609375 0.1484375 0.0140625 0.02421875
2 0.5828125 0.1375 0.01328125 0.0296875
2 0.6296875 0.13046875 0.0109375 0.028125
2 0.66328125 0.13046875 0.0125 0.028125
2 0.64140625 0.1484375 0.015625 0.028125
2 0.61484375 0.15390625 0.0125 0.0296875
2 0.61875 0.20390625 0.01953125 0.040625
2 0.58046875 0.22734375 0.0234375 0.0421875
2 0.51875 0.296875 0.02578125 0.05078125
2 0.58515625 0.29609375 0.02578125 0.05234375
2 0.62265625 0.24296875 0.02109375 0.04765625
2 0.63671875 0.3109375 0.028125 0.05546875
2 0.6609375 0.2078125 0.01953125 0.0390625
2 0.6828125 0.21171875 0.01640625 0.040625
2 0.6921875 0.15234375 0.01484375 0.0296875
2 0.70390625 0.14296875 0.0140625 0.03125
2 0.72578125 0.13515625 0.01328125 0.028125
2 0.728125 0.16796875 0.015625 0.034375
2 0.72421875 0.20390625 0.01640625 0.04453125
2 0.70390625 0.225 0.0203125 0.04765625
2 0.67109375 0.24609375 0.01953125 0.04765625
2 0.71328125 0.271875 0.02734375 0.05234375
2 0.759375 0.134375 0.01328125 0.0265625
2 0.76484375 0.16015625 0.0140625 0.0359375
2 0.78125 0.1546875 0.01328125 0.03125
2 0.8 0.16640625 0.01640625 0.034375
2 0.82578125 0.15625 0.01328125 0.028125
2 0.84140625 0.17265625 0.01484375 0.034375
2 0.84140625 0.20234375 0.0140625 0.0375
2 0.890625 0.16328125 0.0109375 0.0296875
2 0.88125 0.17421875 0.0125 0.03125
2 0.87890625 0.196875 0.01640625 0.034375
2 0.9109375 0.22890625 0.01953125 0.04921875
2 0.91875 0.26015625 0.0203125 0.05234375
2 0.85546875 0.25625 0.01875 0.04765625
2 0.82421875 0.2265625 0.01875 0.040625
2 0.8421875 0.3171875 0.0234375 0.05546875
2 0.76875 0.20546875 0.01796875 0.04765625
2 0.75546875 0.23515625 0.02109375 0.05390625
2 0.78125 0.2578125 0.02109375 0.05390625