2 0.1890625 0.415625 0.04765625 0.07734375
2 0.2796875 0.24375 0.0140625 0.02421875
2 0.29453125 0.2484375 0.015625 0.028125
2 0.29140625 0.27265625 0.01875 0.028125
2 0.36953125 0.2796875 0.01875 0.034375
2 0.396875 0.21640625 0.01484375 0.02265625
2 0.3859375 0.18984375 0.0140625 0.01953125
2 0.384375 0.1765625 0.0125 0.01796875
2 0.4203125 0.17734375 0.015625 0.0359375
2 0.45546875 0.15078125 0.0109375 0.0265625
2 0.471875 0.15546875 0.01484375 0.0296875
2 0.4453125 0.1875 0.01484375 0.03125
2 0.46171875 0.2015625 0.015625 0.0359375
2 0.4359375 0.2359375 0.02265625 0.04296875
2 0.46796875 0.23359375 0.02734375 0.04453125
2 0.48984375 0.2 0.01875 0.0359375
2 0.5 0.1546875 0.0125 0.02421875
2 0.51328125 0.1265625 0.0125 0.01953125
2 0.53046875 0.171875 0.0109375 0.02265625
2 0.5484375 0.178125 0.01328125 0.02421875
2 0.55078125 0.12890625 0.01328125 0.02421875
2 0.56328125 0.1328125 0.0140625 0.02265625
2 0.58828125 0.11875 0.0109375 0.01796875
2 0.596875 0.10703125 0.01328125 0.02109375
2 0.62578125 0.1109375 0.01796875 0.02421875
2 0.615625 0.1453125 0.01484375 0.02421875
2 0.59453125 0.1734375 0.015625 0.0328125
2 0.6546875 0.134375 0.0125 0.02265625
2 0.6734375 0.109375 0.01484375 0.01796875
2 0.7015625 0.1046875 0.015625 0.0265625
2 0.7453125 0.11484375 0.0140625 0.02265625
2 0.76484375 0.1296875 0.0109375 0.02265625
2 0.75703125 0.13984375 0.0140625 0.02421875
2 0.74765625 0.15078125 0.0109375 0.02265625
2 0.78046875 0.1390625 0.01328125 0.0359375
2 0.80234375 0.1484375 0.01484375 0.034375
2 0.83125 0.1484375 0.0140625 0.03125
2 0.8375 0.134375 0.01328125 0.02265625
2 0.8640625 0.1359375 0.0140625 0.0265625
2 0.859375 0.1546875 0.0140625 0.02421875
2 0.84765625 0.171875 0.0171875 0.0359375
2 0.89921875 0.15625 0.01328125 0.02109375
2 0.89296875 0.17421875 0.01796875 0.034375
2 0.88125 0.2046875 0.01875 0.0390625
2 0.9203125 0.15 0.01015625 0.01796875
2 0.92734375 0.21015625 0.01328125 0.02265625
2 0.928125 0.24765625 0.0203125 0.0359375
2 0.9140625 0.29296875 0.02265625 0.05078125
2 0.86484375 0.246875 0.01953125 0.040625
2 0.82890625 0.20703125 0.015625 0.034375
2 0.8125 0.2359375 0.0171875 0.0390625
2 0.77109375 0.21171875 0.01875 0.04296875
2 0.73046875 0.196875 0.01953125 0.0390625
2 0.7328125 0.1734375 0.01328125 0.0296875
2 0.69375 0.16015625 0.01484375 0.02421875
2 0.68671875 0.18359375 0.01796875 0.0390625
2 0.653125 0.1828125 0.015625 0.034375
2 0.66328125 0.21171875 0.0203125 0.0390625
2 0.61640625 0.20703125 0.01875 0.034375
2 0.58515625 0.23984375 0.0203125 0.0375
2 0.62734375 0.24765625 0.0171875 0.0359375
2 0.69921875 0.2265625 0.01875 0.0359375
2 0.640625 0.29453125 0.02421875 0.04453125
2 0.53203125 0.3265625 0.02578125 0.04296875
2 0.496875 0.35625 0.02578125 0.04453125
2 0.51015625 0.21953125 0.01796875 0.0296875
2 0.7328125 0.2484375 0.0234375 0.05390625
2 0.69765625 0.321875 0.025 0.05390625
2 0.74765625 0.32265625 0.02890625 0.0625
2 0.778125 0.2625 0.02578125 0.04921875
2 0.82265625 0.3515625 0.0296875 0.05703125
2 0.9140625 0.42578125 0.0375 0.0640625