2 0.51796875 0.21484375 0.0234375 0.046875
2 0.546875 0.2015625 0.02265625 0.03984375
2 0.53515625 0.178125 0.01875 0.0328125
2 0.57890625 0.103125 0.02265625 0.03671875
2 0.60078125 0.0890625 0.015625 0.028125
2 0.45390625 0.09921875 0.01640625 0.03515625
2 0.378125 0.11640625 0.01484375 0.03515625
2 0.33203125 0.1515625 0.01875 0.0328125
2 0.2609375 0.19453125 0.02265625 0.03671875
2 0.11015625 0.2984375 0.02421875 0.040625
2 0.10078125 0.33984375 0.0234375 0.03984375
2 0.1625 0.303125 0.0203125 0.0421875
2 0.23828125 0.41875 0.04453125 0.0734375
2 0.21171875 0.22734375 0.01640625 0.03671875