2 0.203125 0.10859375 0.01171875 0.03125
2 0.35703125 0.08359375 0.01484375 0.03671875
2 0.22265625 0.12890625 0.015625 0.03359375
2 0.1578125 0.1484375 0.0125 0.03671875
2 0.05 0.2078125 0.01640625 0.04375
2 0.121875 0.20859375 0.01640625 0.0421875
2 0.25703125 0.12265625 0.0171875 0.0421875
2 0.38671875 0.0875 0.0109375 0.028125
2 0.403125 0.0828125 0.009375 0.028125
2 0.4890625 0.0765625 0.0078125 0.0265625
2 0.534375 0.07578125 0.009375 0.02421875
2 0.18671875 0.1921875 0.02265625 0.04375
2 0.1765625 0.2640625 0.01953125 0.04765625
2 0.06015625 0.39921875 0.01953125 0.06484375
2 0.07265625 0.47890625 0.025 0.06328125
2 0.12734375 0.58359375 0.03359375 0.07890625
2 0.20625 0.43671875 0.02578125 0.05625
2 0.20859375 0.3375 0.02265625 0.06875
2 0.24453125 0.2734375 0.015625 0.0453125
2 0.2890625 0.2015625 0.01875 0.05234375
2 0.29140625 0.16328125 0.01796875 0.03515625
2 0.3078125 0.22890625 0.01796875 0.03359375
2 0.353125 0.22109375 0.01328125 0.0453125
2 0.37265625 0.16328125 0.01015625 0.03515625
2 0.41328125 0.16015625 0.01640625 0.040625
2 0.459375 0.1265625 0.0125 0.03515625
2 0.54296875 0.46484375 0.0296875 0.0703125
2 0.471875 0.21328125 0.01484375 0.05078125
2 0.48046875 0.2625 0.0203125 0.04765625
2 0.53671875 0.2984375 0.0171875 0.04921875
2 0.50390625 0.1734375 0.01015625 0.03125
2 0.47578125 0.11484375 0.0125 0.0265625
2 0.5046875 0.0984375 0.01171875 0.02109375
2 0.59375 0.1234375 0.0125 0.03359375
2 0.565625 0.196875 0.0171875 0.03828125
2 0.60703125 0.23046875 0.01484375 0.04375
2 0.67109375 0.32421875 0.0171875 0.04921875
2 0.70390625 0.265625 0.01875 0.040625
2 0.6453125 0.14765625 0.00859375 0.028125
2 0.6140625 0.10703125 0.0140625 0.028125
2 0.7625 0.203125 0.015625 0.03828125
2 0.803125 0.2234375 0.01328125 0.040625
2 0.84609375 0.265625 0.01484375 0.040625
2 0.8609375 0.29921875 0.01328125 0.04375
2 0.915625 0.3625 0.01875 0.04375
2 0.69453125 0.20625 0.0171875 0.04375
2 0.7171875 0.21015625 0.01328125 0.03125
2 0.77734375 0.365625 0.02421875 0.05078125
2 0.040625 0.234375 0.015625 0.0546875
2 0.4640625 0.15625 0.015625 0.03125