2 0.07109375 0.46484375 0.1421875 0.165625
2 0.85234375 0.41484375 0.07421875 0.0890625
2 0.22265625 0.3953125 0.06953125 0.0796875
2 0.665625 0.36796875 0.053125 0.0578125
2 0.625 0.375 0.04296875 0.053125
2 0.265625 0.36328125 0.0453125 0.053125
2 0.36640625 0.34765625 0.03125 0.03125
2 0.56875 0.35546875 0.0453125 0.0484375
2 0.52421875 0.34765625 0.02890625 0.040625
2 0.50625 0.35234375 0.0171875 0.0359375
2 0.4890625 0.35078125 0.021875 0.03828125
2 0.459375 0.34140625 0.02421875 0.03359375
2 0.4234375 0.35234375 0.02890625 0.0359375