2 0.0625 0.43828125 0.0328125 0.075
2 0.2546875 0.28359375 0.01796875 0.03359375
2 0.28984375 0.26171875 0.0171875 0.03359375
2 0.30078125 0.25625 0.01875 0.03515625
2 0.31953125 0.21875 0.015625 0.03359375
2 0.34140625 0.21796875 0.0140625 0.03515625
2 0.36328125 0.21796875 0.0171875 0.028125
2 0.31796875 0.27578125 0.01796875 0.03671875
2 0.33671875 0.284375 0.0203125 0.03515625
2 0.3984375 0.29609375 0.0234375 0.0453125
2 0.3796875 0.2296875 0.0171875 0.03515625
2 0.39140625 0.19609375 0.015625 0.03203125
2 0.40546875 0.17421875 0.01328125 0.025
2 0.421875 0.18359375 0.015625 0.0296875
2 0.446875 0.1453125 0.0109375 0.0203125
2 0.45234375 0.1578125 0.01328125 0.025
2 0.44609375 0.18671875 0.01796875 0.0265625
2 0.4140625 0.22265625 0.01875 0.03203125
2 0.42578125 0.2421875 0.0234375 0.03984375
2 0.478125 0.228125 0.021875 0.03828125
2 0.48671875 0.20546875 0.01484375 0.0265625
2 0.471875 0.16015625 0.015625 0.03671875
2 0.48125 0.13671875 0.0125 0.0203125
2 0.49609375 0.1515625 0.01484375 0.0234375
2 0.51484375 0.15546875 0.01484375 0.0296875
2 0.53359375 0.13515625 0.01484375 0.0234375
2 0.53828125 0.20078125 0.0171875 0.03515625
2 0.5515625 0.159375 0.01484375 0.03203125
2 0.5734375 0.165625 0.0171875 0.03359375
2 0.56875 0.11171875 0.01328125 0.0265625
2 0.58515625 0.1375 0.01484375 0.028125
2 0.6046875 0.15703125 0.01484375 0.0296875
2 0.5921875 0.09921875 0.0125 0.025
2 0.61171875 0.1171875 0.0125 0.0265625
2 0.61484375 0.09921875 0.01015625 0.01875
2 0.63203125 0.12421875 0.0125 0.025
2 0.63671875 0.1046875 0.0125 0.021875
2 0.6703125 0.121875 0.015625 0.0296875
2 0.6890625 0.1 0.01328125 0.0265625
2 0.48984375 0.290625 0.02421875 0.046875
2 0.5640625 0.2828125 0.0234375 0.0484375
2 0.609375 0.328125 0.0203125 0.0515625
2 0.65703125 0.38203125 0.02890625 0.053125
2 0.603125 0.2515625 0.021875 0.04140625
2 0.60859375 0.20859375 0.01875 0.03671875
2 0.64296875 0.1796875 0.01875 0.03515625
2 0.665625 0.203125 0.015625 0.03515625
2 0.6734375 0.24453125 0.01796875 0.04140625
2 0.68671875 0.184375 0.0171875 0.03203125
2 0.69609375 0.21875 0.01953125 0.04375
2 0.71484375 0.28125 0.021875 0.0484375
2 0.7703125 0.28046875 0.025 0.05
2 0.7609375 0.22734375 0.01953125 0.03984375
2 0.74296875 0.184375 0.01484375 0.03203125
2 0.72734375 0.1625 0.0109375 0.025
2 0.709375 0.14375 0.01796875 0.03359375
2 0.73671875 0.1234375 0.0109375 0.0296875
2 0.7453125 0.11015625 0.01328125 0.0265625
2 0.75234375 0.14296875 0.0125 0.025
2 0.759375 0.16015625 0.0125 0.0265625
2 0.7640625 0.13671875 0.0125 0.0265625
2 0.7796875 0.11484375 0.0125 0.0265625
2 0.79921875 0.1375 0.01328125 0.03515625
2 0.8125 0.125 0.0109375 0.0265625
2 0.821875 0.16015625 0.0109375 0.03359375
2 0.82890625 0.13984375 0.0140625 0.0296875
2 0.79140625 0.18671875 0.01484375 0.03984375
2 0.84140625 0.1921875 0.0171875 0.04375
2 0.85859375 0.153125 0.01484375 0.03203125
2 0.865625 0.1453125 0.01328125 0.0296875
2 0.871875 0.13125 0.0140625 0.028125
2 0.896875 0.1296875 0.01328125 0.028125
2 0.89296875 0.16796875 0.01875 0.03828125
2 0.875 0.190625 0.01875 0.03671875
2 0.8703125 0.22890625 0.01796875 0.046875
2 0.92421875 0.265625 0.01875 0.046875
2 0.92890625 0.15 0.0140625 0.03359375