2 0.25625 0.35078125 0.0453125 0.084375
2 0.2765625 0.20703125 0.015625 0.03359375
2 0.3234375 0.18125 0.015625 0.03515625
2 0.3578125 0.1828125 0.0171875 0.03515625
2 0.39296875 0.14609375 0.0109375 0.02890625
2 0.3 0.21875 0.01328125 0.03203125
2 0.31015625 0.23828125 0.0125 0.02890625
2 0.30625 0.25859375 0.0203125 0.03203125
2 0.3546875 0.2375 0.01953125 0.040625
2 0.39453125 0.2296875 0.01796875 0.03671875
2 0.4109375 0.24609375 0.015625 0.040625
2 0.38125 0.18046875 0.02734375 0.03046875
2 0.39609375 0.19921875 0.0265625 0.03671875
2 0.41640625 0.1921875 0.0171875 0.03359375
2 0.45703125 0.20078125 0.01328125 0.03046875
2 0.446875 0.18125 0.01484375 0.03203125
2 0.42109375 0.1484375 0.01328125 0.02734375
2 0.43984375 0.14609375 0.015625 0.02890625
2 0.465625 0.14296875 0.01484375 0.03359375
2 0.475 0.1234375 0.009375 0.02734375
2 0.49140625 0.10703125 0.0109375 0.021875
2 0.47265625 0.18203125 0.01328125 0.03359375
2 0.4921875 0.13828125 0.0140625 0.03359375
2 0.5125 0.1125 0.01015625 0.021875
2 0.540625 0.11640625 0.0125 0.02734375
2 0.52890625 0.153125 0.0171875 0.03046875
2 0.5078125 0.17890625 0.015625 0.03046875
2 0.56875 0.09921875 0.01015625 0.02734375
2 0.5625 0.1421875 0.015625 0.025
2 0.5546875 0.17890625 0.02421875 0.040625
2 0.55546875 0.228125 0.01953125 0.03515625
2 0.58671875 0.1546875 0.015625 0.03203125
2 0.6 0.10625 0.01796875 0.03046875
2 0.625 0.1203125 0.0234375 0.03203125
2 0.62734375 0.096875 0.01328125 0.01875
2 0.6390625 0.0953125 0.01015625 0.021875
2 0.646875 0.0984375 0.0125 0.01875
2 0.64921875 0.128125 0.0171875 0.02734375
2 0.61953125 0.1484375 0.015625 0.03046875
2 0.61640625 0.24375 0.02421875 0.04921875
2 0.61640625 0.20859375 0.0203125 0.03515625
2 0.65 0.22734375 0.021875 0.040625
2 0.659375 0.178125 0.0125 0.03515625
2 0.678125 0.09765625 0.0109375 0.02734375
2 0.67109375 0.115625 0.0140625 0.025
2 0.70703125 0.10234375 0.0109375 0.02890625
2 0.703125 0.13359375 0.0171875 0.0234375
2 0.69609375 0.15859375 0.0140625 0.03671875
2 0.7125 0.1703125 0.01875 0.03046875
2 0.68046875 0.2515625 0.01875 0.05390625
2 0.65703125 0.33671875 0.028125 0.07578125
2 0.73515625 0.36953125 0.0328125 0.0671875
2 0.7140625 0.23125 0.01875 0.04375
2 0.74140625 0.17421875 0.0140625 0.0421875
2 0.7328125 0.16328125 0.01953125 0.04375
2 0.7265625 0.1375 0.01328125 0.03203125
2 0.75546875 0.1234375 0.01484375 0.02734375
2 0.76328125 0.1265625 0.01484375 0.02734375
2 0.77734375 0.128125 0.01328125 0.02734375
2 0.79921875 0.12109375 0.0140625 0.02734375
2 0.78515625 0.15703125 0.015625 0.02734375
2 0.79296875 0.1984375 0.0171875 0.0390625
2 0.75859375 0.23984375 0.02265625 0.04375
2 0.79375 0.27890625 0.0234375 0.05234375
2 0.81484375 0.2484375 0.0171875 0.04921875
2 0.8078125 0.1875 0.01328125 0.03359375
2 0.81640625 0.1234375 0.01328125 0.02734375
2 0.84296875 0.14140625 0.01328125 0.02734375
2 0.83125 0.1421875 0.01015625 0.025
2 0.85234375 0.1953125 0.0203125 0.040625
2 0.83125 0.221875 0.0171875 0.0421875
2 0.86015625 0.17421875 0.021875 0.0390625
2 0.86640625 0.1515625 0.01015625 0.02734375
2 0.90234375 0.14453125 0.0109375 0.025
2 0.9046875 0.171875 0.0140625 0.03046875
2 0.8984375 0.19453125 0.015625 0.0421875
2 0.884375 0.22109375 0.01796875 0.03671875
2 0.93359375 0.15078125 0.01328125 0.02890625
2 0.9265625 0.2 0.015625 0.0390625
2 0.9421875 0.18515625 0.0140625 0.03359375
2 0.95 0.22421875 0.0140625 0.04375
2 0.91796875 0.24609375 0.0203125 0.05078125
2 0.915625 0.3125 0.03125 0.05234375
2 0.81953125 0.16875 0.01484375 0.03671875
2 0.6046875 0.1 0.0078125 0.01875