2 0.090625 0.49609375 0.05234375 0.10859375
2 0.25859375 0.22734375 0.01796875 0.0484375
2 0.30078125 0.21484375 0.01953125 0.03984375
2 0.3203125 0.1890625 0.0203125 0.040625
2 0.33828125 0.20859375 0.025 0.0453125
2 0.35859375 0.19296875 0.021875 0.04375
2 0.371875 0.24140625 0.0234375 0.04375
2 0.4046875 0.20859375 0.01953125 0.03359375
2 0.3703125 0.175 0.01953125 0.03046875
2 0.41484375 0.1578125 0.0171875 0.03203125
2 0.43671875 0.16796875 0.01796875 0.03671875
2 0.43984375 0.26640625 0.021875 0.05
2 0.48046875 0.2125 0.02578125 0.046875
2 0.49609375 0.1875 0.01875 0.040625
2 0.53203125 0.19296875 0.02109375 0.040625
2 0.4796875 0.153125 0.01953125 0.03671875
2 0.459375 0.14765625 0.01484375 0.03515625
2 0.47578125 0.13359375 0.01484375 0.0265625
2 0.5015625 0.134375 0.0125 0.02890625
2 0.53515625 0.14609375 0.01953125 0.03515625
2 0.5609375 0.14453125 0.015625 0.03671875
2 0.56015625 0.1171875 0.0140625 0.0265625
2 0.58046875 0.1265625 0.01875 0.03046875
2 0.6 0.1078125 0.015625 0.03046875
2 0.609375 0.15703125 0.01484375 0.03203125
2 0.62265625 0.1671875 0.0171875 0.03828125
2 0.61875 0.1359375 0.01796875 0.03203125
2 0.6390625 0.11484375 0.0171875 0.03359375
2 0.6484375 0.125 0.0171875 0.03671875
2 0.65625 0.16484375 0.015625 0.028125
2 0.6859375 0.14453125 0.015625 0.03359375
2 0.68984375 0.11796875 0.01484375 0.03046875
2 0.71953125 0.1375 0.01484375 0.03203125
2 0.56484375 0.31171875 0.02734375 0.05859375
2 0.61171875 0.33515625 0.03125 0.05546875
2 0.6171875 0.25859375 0.0265625 0.05703125
2 0.66171875 0.22890625 0.025 0.0515625
2 0.7203125 0.1875 0.0203125 0.03828125
2 0.72109375 0.23671875 0.02109375 0.05390625
2 0.75078125 0.203125 0.0203125 0.03984375
2 0.7421875 0.1796875 0.0171875 0.03359375
2 0.759375 0.1703125 0.0140625 0.03359375
2 0.7875 0.15234375 0.01953125 0.040625
2 0.8109375 0.17421875 0.01484375 0.040625
2 0.83125 0.19765625 0.015625 0.03515625
2 0.8015625 0.22421875 0.01875 0.040625
2 0.77578125 0.196875 0.01484375 0.03671875
2 0.76875 0.2484375 0.0203125 0.0421875
2 0.66171875 0.3546875 0.0296875 0.06328125
2 0.7375 0.378125 0.02890625 0.0640625
2 0.7875 0.40078125 0.03203125 0.07890625
2 0.8625 0.45234375 0.0328125 0.0734375
2 0.88984375 0.37734375 0.0265625 0.06875
2 0.8609375 0.3078125 0.021875 0.046875
2 0.81875 0.26484375 0.02265625 0.05546875
2 0.87109375 0.20546875 0.01484375 0.03984375
2 0.88125 0.20625 0.015625 0.03203125
2 0.8953125 0.24375 0.0171875 0.0453125
2 0.90625 0.22265625 0.0140625 0.03828125
2 0.9125 0.20625 0.015625 0.03828125
2 0.92578125 0.30390625 0.01953125 0.05390625
2 0.9453125 0.33203125 0.0234375 0.05546875
2 0.95390625 0.40390625 0.02734375 0.0734375
2 0.98046875 0.3265625 0.01953125 0.04375
2 0.98359375 0.284375 0.01484375 0.040625
2 0.97890625 0.259375 0.01484375 0.03828125
2 0.98203125 0.22578125 0.0140625 0.02890625
2 0.946875 0.209375 0.0203125 0.046875
2 0.9421875 0.240625 0.01484375 0.03984375