2 0.0671875 0.515625 0.0421875 0.09140625
2 0.2734375 0.2640625 0.01796875 0.03515625
2 0.28125 0.23671875 0.01796875 0.03671875
2 0.315625 0.23828125 0.01953125 0.03984375
2 0.3296875 0.22109375 0.01953125 0.03828125
2 0.340625 0.2484375 0.01875 0.04296875
2 0.37265625 0.26953125 0.01875 0.03984375
2 0.3890625 0.28046875 0.02421875 0.04453125
2 0.3578125 0.22578125 0.0171875 0.04140625
2 0.3703125 0.23828125 0.01640625 0.0265625
2 0.37890625 0.2296875 0.01484375 0.03125
2 0.375 0.190625 0.0140625 0.0296875
2 0.38984375 0.18203125 0.01796875 0.0328125
2 0.4109375 0.19453125 0.0171875 0.03828125
2 0.4296875 0.2390625 0.021875 0.04765625
2 0.44375 0.178125 0.01796875 0.04140625
2 0.46171875 0.196875 0.01875 0.03671875
2 0.46875 0.2390625 0.0234375 0.04140625
2 0.46640625 0.13984375 0.01484375 0.03125
2 0.4828125 0.134375 0.01328125 0.0296875
2 0.48515625 0.1578125 0.01640625 0.03515625
2 0.49140625 0.19921875 0.02109375 0.04140625
2 0.5046875 0.16484375 0.01640625 0.03828125
2 0.5234375 0.21484375 0.02421875 0.05
2 0.5359375 0.16640625 0.0171875 0.04453125
2 0.54609375 0.15625 0.01640625 0.03515625
2 0.5625 0.16328125 0.021875 0.04453125
2 0.56640625 0.1171875 0.01484375 0.03671875
2 0.58671875 0.14453125 0.0140625 0.03125
2 0.61015625 0.14375 0.01484375 0.0328125
2 0.59453125 0.11953125 0.01328125 0.0265625
2 0.6140625 0.11640625 0.01015625 0.028125
2 0.6375 0.1421875 0.01796875 0.03671875
2 0.64140625 0.11640625 0.01953125 0.03515625
2 0.484375 0.3109375 0.03359375 0.06328125
2 0.54375 0.3046875 0.03046875 0.06953125
2 0.5890625 0.21953125 0.02421875 0.0578125
2 0.6171875 0.20703125 0.02109375 0.04609375
2 0.60703125 0.25234375 0.0265625 0.0546875
2 0.615625 0.31640625 0.0375 0.06328125
2 0.66328125 0.25546875 0.0265625 0.0609375
2 0.65 0.2140625 0.0234375 0.04765625
2 0.6671875 0.178125 0.01953125 0.04140625
2 0.68828125 0.14296875 0.0171875 0.03515625
2 0.6953125 0.1796875 0.01953125 0.04140625
2 0.6953125 0.2171875 0.02265625 0.05
2 0.73515625 0.19765625 0.01875 0.04453125
2 0.72421875 0.1625 0.021875 0.0328125
2 0.7109375 0.13828125 0.0171875 0.03515625
2 0.73359375 0.1140625 0.01796875 0.03671875
2 0.75234375 0.1421875 0.01640625 0.0328125
2 0.7640625 0.1671875 0.01796875 0.03671875
2 0.77421875 0.13671875 0.01640625 0.03515625
2 0.7890625 0.1390625 0.01328125 0.03984375
2 0.80703125 0.12421875 0.01640625 0.03984375
2 0.83359375 0.1390625 0.01796875 0.03984375
2 0.8140625 0.15625 0.0171875 0.03125
2 0.8 0.17734375 0.0171875 0.03671875
2 0.77890625 0.20859375 0.0234375 0.04296875
2 0.75859375 0.23828125 0.021875 0.05625
2 0.72109375 0.2796875 0.02421875 0.05625
2 0.771875 0.29453125 0.02421875 0.05625
2 0.8390625 0.31015625 0.028125 0.06796875
2 0.82265625 0.22265625 0.0234375 0.04765625
2 0.8390625 0.18515625 0.01640625 0.03984375
2 0.85234375 0.16015625 0.01484375 0.03828125
2 0.88046875 0.24921875 0.02578125 0.0515625
2 0.91640625 0.26953125 0.02734375 0.053125
2 0.91953125 0.22421875 0.02109375 0.04765625
2 0.88828125 0.2046875 0.01796875 0.04765625
2 0.890625 0.17421875 0.0171875 0.0328125
2 0.8984375 0.15390625 0.01640625 0.03984375