2 0.16015625 0.4421875 0.0453125 0.0796875
2 0.23359375 0.325 0.015625 0.03515625
2 0.2625 0.32890625 0.02109375 0.040625
2 0.290625 0.2953125 0.015625 0.03515625
2 0.296875 0.34765625 0.02109375 0.0421875
2 0.3453125 0.3484375 0.0234375 0.04921875
2 0.36171875 0.31640625 0.01796875 0.03515625
2 0.3625 0.2796875 0.01484375 0.0359375
2 0.41484375 0.32109375 0.02109375 0.0359375
2 0.3921875 0.32578125 0.01796875 0.0359375
2 0.4515625 0.32578125 0.02265625 0.0375
2 0.44375 0.29375 0.0203125 0.040625
2 0.4171875 0.28359375 0.01875 0.03046875
2 0.41640625 0.26015625 0.01484375 0.0296875
2 0.403125 0.24609375 0.015625 0.03359375
2 0.43359375 0.24921875 0.0140625 0.0296875
2 0.44609375 0.259375 0.015625 0.0296875
2 0.48125 0.2890625 0.02109375 0.03359375
2 0.478125 0.25625 0.015625 0.03203125
2 0.47109375 0.23359375 0.01484375 0.0296875
2 0.478125 0.22734375 0.01484375 0.025
2 0.50625 0.25703125 0.01640625 0.03046875
2 0.52578125 0.26640625 0.01875 0.03359375
2 0.51015625 0.30234375 0.02109375 0.04296875
2 0.52734375 0.2296875 0.01875 0.0375
2 0.54765625 0.23984375 0.015625 0.0359375
2 0.58046875 0.20703125 0.01640625 0.028125
2 0.5828125 0.26171875 0.01953125 0.04296875
2 0.58359375 0.23203125 0.015625 0.03359375
2 0.61640625 0.23984375 0.015625 0.0296875
2 0.61640625 0.21328125 0.0140625 0.0265625
2 0.62265625 0.19453125 0.015625 0.03203125
2 0.63828125 0.20859375 0.0140625 0.0265625
2 0.65234375 0.2375 0.015625 0.025
2 0.68671875 0.21875 0.01796875 0.0234375
2 0.68046875 0.20078125 0.0125 0.0265625
2 0.69921875 0.2140625 0.01796875 0.03203125
2 0.71640625 0.23671875 0.01640625 0.03203125
2 0.68046875 0.26640625 0.01953125 0.03515625
2 0.64609375 0.29765625 0.0234375 0.04453125
2 0.61171875 0.3171875 0.02578125 0.04453125
2 0.54921875 0.36328125 0.0265625 0.05
2 0.55390625 0.38984375 0.03203125 0.053125
2 0.515625 0.36640625 0.03203125 0.06015625
2 0.590625 0.4015625 0.03203125 0.0515625
2 0.62421875 0.4078125 0.0359375 0.05859375
2 0.659375 0.33671875 0.025 0.05
2 0.67890625 0.35625 0.03046875 0.0640625
2 0.70078125 0.334375 0.02578125 0.04921875
2 0.6734375 0.4296875 0.0359375 0.05703125
2 0.7203125 0.49375 0.04453125 0.0796875
2 0.753125 0.39296875 0.02890625 0.0625
2 0.734375 0.271875 0.01796875 0.03515625
2 0.74765625 0.2390625 0.01484375 0.0359375
2 0.75703125 0.2125 0.0140625 0.025
2 0.7609375 0.25625 0.01796875 0.03203125
2 0.77890625 0.240625 0.01484375 0.0296875
2 0.78046875 0.2703125 0.01796875 0.03515625
2 0.796875 0.2578125 0.01484375 0.0375
2 0.79765625 0.225 0.01796875 0.0359375
2 0.8265625 0.2328125 0.01796875 0.03515625
2 0.82890625 0.265625 0.01875 0.03046875
2 0.82734375 0.2953125 0.01796875 0.040625
2 0.8234375 0.34765625 0.0234375 0.04453125
2 0.80546875 0.40078125 0.02734375 0.053125
2 0.81875 0.478125 0.040625 0.0625
2 0.86015625 0.43125 0.034375 0.05703125
2 0.87265625 0.39609375 0.02890625 0.05703125
2 0.88125 0.32578125 0.02265625 0.04296875
2 0.86640625 0.29296875 0.01875 0.0359375
2 0.8734375 0.26171875 0.015625 0.03515625
2 0.85703125 0.24609375 0.01796875 0.0359375
2 0.8875 0.24375 0.01796875 0.03203125
2 0.91328125 0.2734375 0.01796875 0.0359375
2 0.9046875 0.30625 0.01953125 0.03515625
2 0.928125 0.37734375 0.021875 0.04765625
2 0.925 0.44921875 0.03203125 0.06015625
2 0.94453125 0.33828125 0.01640625 0.0359375
2 0.94375 0.3140625 0.01640625 0.028125
2 0.9515625 0.296875 0.0140625 0.03203125
2 0.953125 0.27265625 0.01640625 0.03046875