2 0.1921875 0.4421875 0.03515625 0.0765625
2 0.27890625 0.22890625 0.01796875 0.03515625
2 0.30625 0.22890625 0.01640625 0.02890625
2 0.33046875 0.23828125 0.021875 0.03046875
2 0.31875 0.19609375 0.015625 0.03359375
2 0.3671875 0.184375 0.01484375 0.03515625
2 0.378125 0.165625 0.01171875 0.02421875
2 0.36953125 0.23125 0.01328125 0.03671875
2 0.38515625 0.24609375 0.02265625 0.03984375
2 0.41484375 0.24609375 0.01953125 0.03984375
2 0.41328125 0.20078125 0.01640625 0.03984375
2 0.44140625 0.20234375 0.015625 0.03984375
2 0.4203125 0.1484375 0.015625 0.03046875
2 0.428125 0.12109375 0.01328125 0.02734375
2 0.41328125 0.15 0.01328125 0.03046875
2 0.46796875 0.19453125 0.01796875 0.03671875
2 0.50703125 0.18984375 0.01484375 0.03671875
2 0.48125 0.14609375 0.01328125 0.02890625
2 0.48203125 0.12734375 0.0109375 0.02421875
2 0.5 0.1171875 0.01328125 0.02265625
2 0.5078125 0.1484375 0.01484375 0.03359375
2 0.5203125 0.11796875 0.0125 0.02109375
2 0.53828125 0.1640625 0.01171875 0.03046875
2 0.57734375 0.1140625 0.01953125 0.04140625
2 0.55859375 0.146875 0.01484375 0.02734375
2 0.54921875 0.12109375 0.01171875 0.02109375
2 0.54765625 0.14296875 0.0109375 0.01953125
2 0.61484375 0.05625 0.01015625 0.02265625
2 0.5984375 0.115625 0.01015625 0.02265625
2 0.63828125 0.11015625 0.0109375 0.02421875
2 0.6734375 0.0578125 0.0109375 0.02578125
2 0.6515625 0.14296875 0.009375 0.01953125
2 0.6875 0.1171875 0.0109375 0.02578125
2 0.71015625 0.1078125 0.0109375 0.02421875
2 0.48203125 0.4140625 0.06640625 0.1203125
2 0.56640625 0.22421875 0.025 0.0515625
2 0.553125 0.18125 0.01796875 0.03203125
2 0.6125 0.20859375 0.01640625 0.03828125
2 0.70703125 0.3203125 0.0296875 0.0671875
2 0.74921875 0.33359375 0.025 0.0546875
2 0.7875 0.29921875 0.02109375 0.04609375
2 0.69140625 0.25703125 0.021875 0.05
2 0.6421875 0.24921875 0.02265625 0.05
2 0.66328125 0.20859375 0.01953125 0.03515625
2 0.62734375 0.1734375 0.0125 0.02578125
2 0.71640625 0.18203125 0.01484375 0.03046875
2 0.7296875 0.14609375 0.01171875 0.02578125
2 0.734375 0.1796875 0.01328125 0.02578125
2 0.74921875 0.190625 0.01640625 0.03515625
2 0.72265625 0.2109375 0.0171875 0.03671875
2 0.7609375 0.2390625 0.01953125 0.04453125
2 0.7875 0.23671875 0.01640625 0.03359375
2 0.75 0.13046875 0.01640625 0.03359375
2 0.771875 0.15390625 0.0125 0.02578125
2 0.79453125 0.1265625 0.01484375 0.02890625
2 0.78984375 0.1703125 0.0109375 0.02734375
2 0.80703125 0.1890625 0.0171875 0.02890625
2 0.82109375 0.2453125 0.0171875 0.0515625
2 0.8375 0.24609375 0.015625 0.03359375
2 0.88046875 0.26875 0.01796875 0.03046875
2 0.84921875 0.0859375 0.01484375 0.02734375
2 0.83984375 0.1578125 0.01484375 0.03671875
2 0.853125 0.1453125 0.0109375 0.02109375
2 0.86484375 0.18359375 0.01328125 0.02734375
2 0.8625 0.22421875 0.01484375 0.02890625
2 0.89375 0.21328125 0.0125 0.03828125
2 0.90234375 0.1671875 0.01328125 0.03046875
2 0.8921875 0.17890625 0.01484375 0.02734375
2 0.9359375 0.16796875 0.0125 0.02890625
2 0.9734375 0.13203125 0.0109375 0.03046875
2 0.9328125 0.2 0.01171875 0.02890625
2 0.91875 0.2234375 0.01484375 0.03671875
2 0.9375 0.26484375 0.01953125 0.03671875
2 0.890625 0.32578125 0.0234375 0.05625
2 0.7 0.1734375 0.0171875 0.03515625
2 0.62578125 0.1453125 0.01328125 0.02734375