2 0.59921875 0.25390625 0.03046875 0.05078125
2 0.7484375 0.21328125 0.025 0.04921875
2 0.71484375 0.1828125 0.01640625 0.04140625
2 0.678125 0.07734375 0.015625 0.0296875
2 0.6046875 0.09921875 0.01953125 0.04140625
2 0.571875 0.13046875 0.01640625 0.034375
2 0.4890625 0.296875 0.028125 0.04921875
2 0.42578125 0.25078125 0.025 0.05078125
2 0.38828125 0.25078125 0.01640625 0.04453125
2 0.321875 0.26875 0.0203125 0.04140625
2 0.459375 0.2171875 0.01640625 0.04140625
2 0.44609375 0.17890625 0.01484375 0.0359375
2 0.47421875 0.17890625 0.0140625 0.0390625
2 0.48671875 0.19296875 0.01640625 0.0375
2 0.47578125 0.215625 0.01875 0.04140625
2 0.04921875 0.340625 0.01953125 0.0375