1 0.72578125 0.4578125 0.0984375 0.14453125
1 0.5734375 0.44921875 0.04375 0.06953125
1 0.51640625 0.48046875 0.0515625 0.08359375
1 0.62109375 0.7078125 0.1078125 0.134375
1 0.41953125 0.44609375 0.0671875 0.10390625
1 0.4578125 0.46640625 0.021875 0.0390625
1 0.48984375 0.45234375 0.0265625 0.04296875
1 0.325 0.45703125 0.04375 0.05703125
1 0.1296875 0.359375 0.096875 0.12265625
1 0.17578125 0.47421875 0.0203125 0.0390625
1 0.6796875 0.44609375 0.028125 0.0671875
1 0.2625 0.4390625 0.040625 0.05625