2 0.09140625 0.246875 0.01953125 0.04140625
2 0.2953125 0.21796875 0.01796875 0.0375
2 0.36640625 0.19296875 0.02109375 0.04453125
2 0.38359375 0.16640625 0.01796875 0.034375
2 0.4046875 0.17421875 0.01328125 0.0359375
2 0.421875 0.2265625 0.02734375 0.0609375
2 0.425 0.1703125 0.0171875 0.02890625
2 0.43125 0.146875 0.015625 0.02890625
2 0.459375 0.20546875 0.01796875 0.04140625
2 0.4921875 0.2171875 0.02421875 0.04296875
2 0.49609375 0.175 0.0203125 0.0375
2 0.490625 0.1484375 0.01328125 0.034375
2 0.46875 0.13671875 0.0140625 0.025
2 0.50390625 0.15078125 0.01328125 0.025
2 0.52421875 0.1640625 0.01953125 0.034375
2 0.51796875 0.13046875 0.0140625 0.0265625
2 0.54765625 0.13828125 0.01328125 0.03203125
2 0.56328125 0.1875 0.02109375 0.0484375
2 0.584375 0.1765625 0.01640625 0.0375
2 0.58125 0.125 0.01015625 0.0265625
2 0.590625 0.12890625 0.0125 0.02890625
2 0.61953125 0.1703125 0.01953125 0.0359375
2 0.6265625 0.13671875 0.0171875 0.02890625
2 0.6109375 0.1125 0.01796875 0.0265625
2 0.63828125 0.11328125 0.01328125 0.03203125
2 0.65859375 0.1421875 0.01953125 0.02890625
2 0.665625 0.11015625 0.0140625 0.03046875
2 0.6921875 0.12109375 0.01328125 0.0265625
2 0.6890625 0.10234375 0.015625 0.02890625
2 0.71875 0.1140625 0.0125 0.0265625
2 0.740625 0.13671875 0.01640625 0.0359375
2 0.5734375 0.2734375 0.03046875 0.059375
2 0.56953125 0.2453125 0.02421875 0.034375
2 0.62578125 0.20390625 0.01953125 0.0375
2 0.63046875 0.253125 0.02265625 0.05390625
2 0.67578125 0.2109375 0.02109375 0.04453125
2 0.66484375 0.19921875 0.01796875 0.0359375
2 0.690625 0.18828125 0.0203125 0.046875
2 0.7015625 0.17578125 0.01796875 0.0359375
2 0.68359375 0.2625 0.02734375 0.046875
2 0.72421875 0.22734375 0.0265625 0.05234375
2 0.75546875 0.209375 0.02109375 0.0375
2 0.7515625 0.265625 0.02421875 0.05390625
2 0.7734375 0.2578125 0.0234375 0.0484375
2 0.80234375 0.31875 0.0265625 0.0625
2 0.86015625 0.32734375 0.028125 0.05546875
2 0.92421875 0.365625 0.02734375 0.06640625
2 0.88671875 0.25703125 0.02421875 0.05390625
2 0.93671875 0.30078125 0.02265625 0.05546875
2 0.80234375 0.21640625 0.02265625 0.05234375
2 0.74921875 0.178125 0.0125 0.02890625
2 0.76875 0.190625 0.0140625 0.0359375
2 0.77578125 0.1421875 0.015625 0.03203125
2 0.7890625 0.15546875 0.01640625 0.03046875
2 0.80625 0.16171875 0.0140625 0.03984375
2 0.80546875 0.13046875 0.0140625 0.0375
2 0.821875 0.14921875 0.01796875 0.03984375
2 0.8296875 0.13671875 0.01796875 0.0359375
2 0.8484375 0.2421875 0.01953125 0.046875
2 0.85234375 0.1953125 0.0203125 0.0359375
2 0.84765625 0.1546875 0.015625 0.025
2 0.8625 0.1484375 0.01640625 0.034375
2 0.87578125 0.1828125 0.0140625 0.0359375
2 0.88203125 0.16953125 0.0140625 0.034375
2 0.90078125 0.15625 0.015625 0.03984375
2 0.921875 0.1625 0.01640625 0.04140625
2 0.90859375 0.1953125 0.01796875 0.03984375
2 0.940625 0.2328125 0.01796875 0.04453125
2 0.95703125 0.21171875 0.015625 0.03984375
2 0.965625 0.1890625 0.0125 0.0375
2 0.90078125 0.2328125 0.02109375 0.034375