2 0.09140625 0.4234375 0.04609375 0.09375
2 0.2578125 0.2859375 0.01953125 0.03515625
2 0.28125 0.27578125 0.021875 0.0421875
2 0.29921875 0.2578125 0.01875 0.04375
2 0.321875 0.2671875 0.01953125 0.0453125
2 0.33984375 0.28125 0.0203125 0.04375
2 0.32109375 0.22109375 0.01484375 0.03046875
2 0.346875 0.21171875 0.01796875 0.03203125
2 0.3546875 0.24609375 0.01953125 0.03671875
2 0.37109375 0.22890625 0.015625 0.03515625
2 0.41640625 0.2203125 0.01796875 0.03515625
2 0.38671875 0.21953125 0.021875 0.03984375
2 0.39375 0.30546875 0.02421875 0.0515625
2 0.4484375 0.2234375 0.0171875 0.0421875
2 0.425 0.1859375 0.015625 0.0265625
2 0.4078125 0.17578125 0.01484375 0.0265625
2 0.45546875 0.1671875 0.01875 0.03359375
2 0.4796875 0.16953125 0.0171875 0.03359375
2 0.49609375 0.23125 0.021875 0.05
2 0.471875 0.15 0.0140625 0.028125
2 0.484375 0.13984375 0.0140625 0.03203125
2 0.503125 0.17421875 0.01796875 0.03359375
2 0.5265625 0.13671875 0.01875 0.03828125
2 0.5296875 0.171875 0.01953125 0.03515625
2 0.540625 0.2015625 0.02265625 0.0453125
2 0.5703125 0.1625 0.021875 0.03984375
2 0.55 0.15390625 0.015625 0.03671875
2 0.56875 0.11640625 0.01328125 0.025
2 0.58203125 0.13203125 0.015625 0.03046875
2 0.59453125 0.10390625 0.0140625 0.03046875
2 0.6171875 0.10234375 0.01328125 0.03046875
2 0.63828125 0.1046875 0.01328125 0.025
2 0.61953125 0.14296875 0.0171875 0.03203125
2 0.63046875 0.1265625 0.015625 0.03203125
2 0.68828125 0.1046875 0.01484375 0.03203125
2 0.6703125 0.12109375 0.01796875 0.03515625
2 0.48984375 0.29765625 0.02890625 0.0515625
2 0.559375 0.2921875 0.02421875 0.05859375
2 0.56484375 0.23984375 0.021875 0.04375
2 0.60390625 0.2578125 0.03125 0.05390625
2 0.62265625 0.19140625 0.021875 0.0515625
2 0.64765625 0.1765625 0.01796875 0.0421875
2 0.66015625 0.2078125 0.0203125 0.03984375
2 0.67734375 0.24453125 0.01875 0.05
2 0.69453125 0.21328125 0.02421875 0.0453125
2 0.6734375 0.3359375 0.03203125 0.065625
2 0.6046875 0.334375 0.0265625 0.05859375
2 0.68359375 0.14140625 0.0171875 0.03203125
2 0.70625 0.13671875 0.015625 0.03828125
2 0.69140625 0.17734375 0.0203125 0.03359375
2 0.72890625 0.15546875 0.01875 0.03984375
2 0.73828125 0.12109375 0.01875 0.03203125
2 0.74765625 0.1109375 0.01484375 0.03359375
2 0.7640625 0.134375 0.01484375 0.03359375
2 0.75546875 0.15859375 0.01953125 0.03515625
2 0.7390625 0.209375 0.021875 0.04375
2 0.759375 0.23046875 0.0234375 0.0484375
2 0.7703125 0.28046875 0.03125 0.065625
2 0.70625 0.28984375 0.03125 0.05703125
2 0.79375 0.184375 0.021875 0.04375
2 0.7921875 0.13203125 0.0140625 0.03046875
2 0.7875 0.11796875 0.01484375 0.025
2 0.80546875 0.11875 0.01328125 0.03359375
2 0.8234375 0.15859375 0.01484375 0.03515625
2 0.82734375 0.1328125 0.01484375 0.03203125
2 0.8484375 0.146875 0.0171875 0.03515625
2 0.8453125 0.19140625 0.01875 0.0453125
2 0.8734375 0.2234375 0.02421875 0.0453125
2 0.87734375 0.1859375 0.021875 0.03984375
2 0.865625 0.1484375 0.0140625 0.03203125
2 0.86875 0.1234375 0.01484375 0.028125
2 0.89453125 0.12890625 0.0171875 0.03984375
2 0.93203125 0.16484375 0.01953125 0.0421875
2 0.89140625 0.17109375 0.0171875 0.03046875
2 0.92734375 0.271875 0.02421875 0.05546875