2 0.1296875 0.53203125 0.040625 0.0734375
2 0.22578125 0.34140625 0.0140625 0.0296875
2 0.253125 0.3625 0.01796875 0.04140625
2 0.28828125 0.30703125 0.0140625 0.028125
2 0.28203125 0.38828125 0.01796875 0.0296875
2 0.33671875 0.36015625 0.021875 0.04140625
2 0.35546875 0.33203125 0.015625 0.03125
2 0.35390625 0.30234375 0.015625 0.02421875
2 0.3921875 0.265625 0.0140625 0.02578125
2 0.415625 0.275 0.0125 0.02109375
2 0.41171875 0.3375 0.01953125 0.0328125
2 0.38125 0.35234375 0.01796875 0.03125
2 0.40703125 0.3046875 0.01328125 0.0265625
2 0.4296875 0.26328125 0.01171875 0.02265625
2 0.44765625 0.26796875 0.0125 0.02421875
2 0.4515625 0.346875 0.01875 0.028125
2 0.47734375 0.31171875 0.0171875 0.0265625
2 0.478125 0.26875 0.01640625 0.02578125
2 0.46875 0.2515625 0.015625 0.02265625
2 0.475 0.2421875 0.01328125 0.01953125
2 0.51796875 0.2671875 0.0140625 0.028125
2 0.5296875 0.278125 0.01328125 0.0296875
2 0.56015625 0.28125 0.01640625 0.028125
2 0.54921875 0.2640625 0.01328125 0.02421875
2 0.56328125 0.234375 0.01328125 0.02421875
2 0.578125 0.2265625 0.0125 0.02265625
2 0.58515625 0.265625 0.0125 0.02578125
2 0.609375 0.25625 0.0140625 0.02578125
2 0.61171875 0.23203125 0.0125 0.02265625
2 0.6171875 0.2140625 0.01328125 0.02421875
2 0.6453125 0.253125 0.0140625 0.02578125
2 0.6484375 0.22734375 0.01328125 0.02109375
2 0.6828125 0.215625 0.01171875 0.02109375
2 0.6859375 0.23828125 0.0109375 0.02109375
2 0.6953125 0.23046875 0.0125 0.02578125
2 0.634375 0.22421875 0.01171875 0.015625
2 0.50390625 0.3359375 0.01953125 0.0328125
2 0.4859375 0.41171875 0.02578125 0.0453125
2 0.54375 0.4328125 0.02734375 0.05078125
2 0.5484375 0.3640625 0.02109375 0.04140625
2 0.59375 0.4609375 0.0296875 0.0625
2 0.646875 0.46796875 0.03125 0.0625
2 0.71171875 0.54140625 0.03671875 0.06484375
2 0.83671875 0.52578125 0.03359375 0.071875
2 0.94375 0.47265625 0.0296875 0.05625
2 0.9265625 0.44296875 0.01953125 0.03359375
2 0.85625 0.475 0.03359375 0.05625
2 0.8 0.42109375 0.028125 0.046875
2 0.828125 0.3640625 0.021875 0.04375
2 0.86953125 0.4046875 0.02421875 0.05078125
2 0.95 0.40703125 0.01875 0.03828125
2 0.9359375 0.32734375 0.0140625 0.0296875
2 0.95 0.31328125 0.0140625 0.0265625
2 0.9578125 0.29140625 0.01328125 0.02265625
2 0.9140625 0.2921875 0.01640625 0.0328125
2 0.8875 0.340625 0.0171875 0.03359375
2 0.90859375 0.328125 0.01328125 0.02578125
2 0.8625 0.328125 0.01640625 0.03125
2 0.87109375 0.2796875 0.015625 0.0328125
2 0.89765625 0.259375 0.01171875 0.02421875
2 0.86328125 0.2625 0.0125 0.01875
2 0.83515625 0.30859375 0.01640625 0.028125
2 0.8375 0.2734375 0.015625 0.0265625
2 0.825 0.25 0.0140625 0.02578125
2 0.790625 0.2859375 0.015625 0.03359375
2 0.8 0.26796875 0.0140625 0.0265625
2 0.79453125 0.24296875 0.0125 0.028125
2 0.75078125 0.25234375 0.0140625 0.0328125
2 0.75859375 0.24375 0.01328125 0.0265625
2 0.71796875 0.25703125 0.015625 0.0328125
2 0.7140625 0.30234375 0.01796875 0.0328125
2 0.68046875 0.28203125 0.015625 0.0328125
2 0.6890625 0.3171875 0.01875 0.03671875
2 0.703125 0.3609375 0.021875 0.0453125
2 0.73359375 0.40390625 0.02109375 0.046875
2 0.665625 0.36484375 0.0234375 0.03984375
2 0.62109375 0.3765625 0.01953125 0.03125
2 0.64375 0.3078125 0.0140625 0.0296875
2 0.61015625 0.33359375 0.01953125 0.03125