2 0.1890625 0.39140625 0.04140625 0.09140625
2 0.2171875 0.38984375 0.0296875 0.07421875
2 0.23046875 0.28984375 0.02734375 0.06015625
2 0.26484375 0.29765625 0.0359375 0.07265625
2 0.2484375 0.23125 0.021875 0.04921875
2 0.32890625 0.33046875 0.028125 0.06875
2 0.35625 0.315625 0.034375 0.071875
2 0.378125 0.4265625 0.04609375 0.10234375
2 0.40546875 0.30546875 0.03515625 0.07421875
2 0.3984375 0.22578125 0.028125 0.06015625
2 0.33203125 0.23515625 0.02578125 0.0578125
2 0.5578125 0.31171875 0.0390625 0.059375