2 0.06484375 0.52265625 0.03359375 0.05
2 0.05703125 0.47734375 0.0265625 0.0453125
2 0.10078125 0.3375 0.03203125 0.05
2 0.1359375 0.475 0.03203125 0.0546875
2 0.178125 0.4578125 0.03359375 0.05
2 0.1890625 0.43515625 0.025 0.03984375
2 0.19609375 0.4984375 0.03515625 0.05234375
2 0.22421875 0.42109375 0.025 0.0375
2 0.24296875 0.47109375 0.0265625 0.0578125
2 0.2734375 0.4796875 0.0296875 0.05
2 0.30546875 0.55390625 0.0515625 0.07734375
2 0.32578125 0.51015625 0.03828125 0.075
2 0.31640625 0.44765625 0.03359375 0.03984375
2 0.31015625 0.34765625 0.0234375 0.03515625
2 0.38828125 0.4734375 0.0296875 0.05234375
2 0.37734375 0.43515625 0.025 0.03984375
2 0.39609375 0.4359375 0.021875 0.04765625
2 0.45859375 0.42890625 0.0234375 0.0375
2 0.46484375 0.4484375 0.0265625 0.04765625
2 0.46796875 0.49375 0.04296875 0.0625
2 0.49296875 0.5421875 0.06015625 0.08984375
2 0.50859375 0.43125 0.0234375 0.0328125
2 0.50078125 0.4125 0.01796875 0.025
2 0.56171875 0.42890625 0.0203125 0.0375
2 0.58046875 0.50859375 0.0484375 0.0828125
2 0.5796875 0.3546875 0.0265625 0.03515625
2 0.6078125 0.41015625 0.025 0.03984375
2 0.6546875 0.42890625 0.0265625 0.0421875
2 0.684375 0.3328125 0.021875 0.03984375
2 0.71796875 0.48984375 0.03984375 0.075
2 0.7046875 0.46484375 0.03359375 0.0546875
2 0.76015625 0.4609375 0.0296875 0.0578125
2 0.79609375 0.48359375 0.03515625 0.0578125
2 0.83828125 0.4625 0.0296875 0.06015625
2 0.8515625 0.43359375 0.0203125 0.0421875
2 0.91328125 0.45 0.03359375 0.0546875
2 0.95 0.4359375 0.0296875 0.05234375