2 0.08359375 0.27890625 0.046875 0.0828125
2 0.12890625 0.2359375 0.03515625 0.08046875
2 0.15546875 0.228125 0.03203125 0.07734375
2 0.171875 0.2921875 0.03359375 0.0859375
2 0.2203125 0.25234375 0.03671875 0.07109375
2 0.23203125 0.209375 0.0296875 0.0625
2 0.2828125 0.24921875 0.03828125 0.065625
2 0.27578125 0.3859375 0.0484375 0.0953125
2 0.3765625 0.45703125 0.046875 0.1125
2 0.36328125 0.3875 0.04296875 0.0859375
2 0.4390625 0.271875 0.03515625 0.07421875
2 0.4703125 0.24921875 0.0265625 0.053125
2 0.50390625 0.3015625 0.025 0.05078125
2 0.5515625 0.30390625 0.0265625 0.0625
2 0.46015625 0.434375 0.05 0.115625
2 0.5109375 0.48671875 0.075 0.1484375
2 0.5390625 0.38984375 0.03515625 0.0859375
2 0.6 0.359375 0.03359375 0.065625
2 0.6265625 0.39921875 0.046875 0.0859375
2 0.63828125 0.54609375 0.06640625 0.13671875
2 0.771875 0.66171875 0.10703125 0.2078125
2 0.953125 0.6203125 0.08984375 0.19609375
2 0.7734375 0.45546875 0.05 0.09765625
2 0.7109375 0.40625 0.03828125 0.07109375
2 0.69296875 0.3515625 0.03671875 0.06796875
2 0.74765625 0.34453125 0.03203125 0.065625
2 0.78203125 0.33671875 0.0265625 0.05625
2 0.840625 0.39453125 0.03828125 0.07734375
2 0.88359375 0.42578125 0.04296875 0.09765625
2 0.846875 0.33671875 0.0265625 0.0625
2 0.925 0.36171875 0.03359375 0.065625
2 0.9234375 0.328125 0.0296875 0.04453125
2 0.97890625 0.3453125 0.025 0.0625
2 0.98828125 0.42734375 0.0203125 0.0828125