2 0.38125 0.4515625 0.0640625 0.11875
2 0.44296875 0.23671875 0.021875 0.0484375
2 0.4078125 0.23984375 0.02265625 0.046875
2 0.3578125 0.24296875 0.0203125 0.04453125
2 0.3328125 0.2171875 0.0203125 0.040625
2 0.2859375 0.23359375 0.01640625 0.03125
2 0.28046875 0.21328125 0.021875 0.03671875
2 0.321875 0.19609375 0.01953125 0.040625
2 0.346875 0.1921875 0.01875 0.04453125
2 0.3578125 0.21015625 0.01640625 0.03125
2 0.37578125 0.2 0.01875 0.040625
2 0.39453125 0.20234375 0.0203125 0.0390625
2 0.39375 0.16015625 0.01875 0.03515625
2 0.41328125 0.1546875 0.01640625 0.03671875
2 0.4390625 0.19609375 0.01875 0.04453125
2 0.45078125 0.2078125 0.01953125 0.040625
2 0.43828125 0.15625 0.01484375 0.03125
2 0.4484375 0.17734375 0.01484375 0.03125
2 0.47421875 0.1921875 0.0203125 0.04453125
2 0.42578125 0.14921875 0.01484375 0.0328125
2 0.48046875 0.1421875 0.0140625 0.03125
2 0.475 0.12734375 0.01171875 0.025
2 0.49765625 0.11875 0.01640625 0.03125
2 0.51015625 0.146875 0.01171875 0.0328125
2 0.50625 0.1859375 0.01953125 0.040625
2 0.53671875 0.18828125 0.01875 0.040625
2 0.53828125 0.15078125 0.0140625 0.03671875
2 0.521875 0.12734375 0.0140625 0.02890625
2 0.5484375 0.13125 0.01328125 0.0328125
2 0.55546875 0.15625 0.0140625 0.0390625
2 0.5546875 0.12109375 0.0140625 0.02734375
2 0.57890625 0.13671875 0.01484375 0.03125
2 0.59609375 0.153125 0.01640625 0.02890625
2 0.59609375 0.1140625 0.01328125 0.025
2 0.60859375 0.10625 0.0109375 0.02890625
2 0.62109375 0.1296875 0.01640625 0.02890625
2 0.63828125 0.14921875 0.0140625 0.03671875
2 0.6515625 0.1375 0.01328125 0.0328125
2 0.66015625 0.10546875 0.0109375 0.02734375
2 0.678125 0.11875 0.0140625 0.03125
2 0.70234375 0.10546875 0.003125 0.0390625
2 0.7078125 0.10390625 0.0140625 0.03671875
2 0.69765625 0.1703125 0.0203125 0.04453125
2 0.66328125 0.18984375 0.01640625 0.03671875
2 0.6359375 0.23984375 0.02734375 0.0546875
2 0.62421875 0.215625 0.0203125 0.03671875
2 0.578125 0.23125 0.02734375 0.0484375
2 0.7 0.3140625 0.0390625 0.078125
2 0.6875 0.2484375 0.021875 0.0484375
2 0.68125 0.21953125 0.021875 0.040625
2 0.71640625 0.18046875 0.01875 0.040625
2 0.73046875 0.1453125 0.01640625 0.040625
2 0.74453125 0.1578125 0.01875 0.04296875
2 0.7546875 0.2 0.01875 0.040625
2 0.728125 0.22890625 0.02421875 0.04453125
2 0.76953125 0.24765625 0.03046875 0.05859375
2 0.7484375 0.38984375 0.0390625 0.078125
2 0.8015625 0.284375 0.0296875 0.0546875
2 0.803125 0.2046875 0.021875 0.046875
2 0.796875 0.1625 0.0171875 0.0328125
2 0.78046875 0.121875 0.01328125 0.03671875
2 0.8 0.12734375 0.0140625 0.0328125
2 0.81953125 0.1265625 0.0171875 0.03125
2 0.82734375 0.1640625 0.01640625 0.03125
2 0.81875 0.2 0.01640625 0.03671875
2 0.82890625 0.25078125 0.021875 0.0484375
2 0.85234375 0.21796875 0.01953125 0.04296875
2 0.8671875 0.1703125 0.01953125 0.04453125
2 0.85546875 0.146875 0.0140625 0.03671875
2 0.83984375 0.15 0.01484375 0.03125
2 0.9 0.1765625 0.01328125 0.02890625
2 0.89765625 0.23359375 0.0171875 0.04296875
2 0.909375 0.334375 0.028125 0.06796875
2 0.93984375 0.2546875 0.021875 0.05234375
2 0.92890625 0.21640625 0.0140625 0.0390625
2 0.91015625 0.1421875 0.01640625 0.0390625
2 0.93515625 0.1921875 0.01171875 0.02890625
2 0.946875 0.19609375 0.01328125 0.02890625
2 0.95234375 0.17578125 0.01640625 0.03125