2 0.1703125 0.44296875 0.03984375 0.075
2 0.1953125 0.40546875 0.0296875 0.05390625
2 0.4140625 0.5421875 0.05234375 0.075
2 0.48515625 0.59609375 0.0578125 0.09296875
2 0.528125 0.5328125 0.0359375 0.06875
2 0.4921875 0.3796875 0.028125 0.05703125
2 0.58203125 0.58984375 0.05234375 0.06875
2 0.653125 0.46875 0.0296875 0.06015625
2 0.67578125 0.5 0.04765625 0.075
2 0.76875 0.49375 0.03828125 0.05703125
2 0.8171875 0.5 0.0421875 0.06875
2 0.83828125 0.48515625 0.028125 0.05078125
2 0.87109375 0.6921875 0.08203125 0.12890625
2 0.95390625 0.63515625 0.0640625 0.1109375
2 0.95390625 0.40390625 0.03203125 0.05703125