2 0.1640625 0.371875 0.0453125 0.090625
2 0.3109375 0.23046875 0.025 0.04140625
2 0.321875 0.18671875 0.01796875 0.03359375
2 0.34765625 0.19140625 0.01875 0.03984375
2 0.4125 0.2015625 0.01875 0.0375
2 0.4421875 0.2078125 0.01875 0.0453125
2 0.4140625 0.17109375 0.01640625 0.028125
2 0.4109375 0.15625 0.01484375 0.0265625
2 0.4578125 0.1640625 0.01328125 0.03046875
2 0.47265625 0.18671875 0.01640625 0.0375
2 0.50234375 0.2109375 0.01953125 0.04140625
2 0.46640625 0.13125 0.0125 0.028125
2 0.47578125 0.1453125 0.01328125 0.0265625
2 0.4859375 0.140625 0.01171875 0.028125
2 0.5015625 0.14375 0.01328125 0.03359375
2 0.51171875 0.11015625 0.0125 0.03203125
2 0.52109375 0.128125 0.01171875 0.03046875
2 0.52890625 0.12109375 0.0125 0.0265625
2 0.54375 0.11953125 0.0125 0.02421875
2 0.5453125 0.1359375 0.0125 0.02265625
2 0.546875 0.16484375 0.0125 0.0359375
2 0.5296875 0.1515625 0.01328125 0.028125
2 0.55859375 0.17734375 0.01640625 0.03359375
2 0.5734375 0.1375 0.01328125 0.03359375
2 0.5890625 0.178125 0.01484375 0.028125
2 0.59140625 0.14453125 0.015625 0.03984375
2 0.5875 0.1078125 0.01328125 0.03046875
2 0.60078125 0.1125 0.01171875 0.03203125
2 0.61796875 0.10546875 0.0125 0.0265625
2 0.6265625 0.0984375 0.01484375 0.03046875
2 0.65078125 0.103125 0.01484375 0.028125
2 0.634375 0.13984375 0.015625 0.03046875
2 0.66875 0.128125 0.0125 0.03359375
2 0.65078125 0.128125 0.0125 0.02265625
2 0.68046875 0.11953125 0.009375 0.028125
2 0.6953125 0.1171875 0.009375 0.0265625
2 0.584375 0.23125 0.01875 0.05078125
2 0.5109375 0.296875 0.03046875 0.05859375
2 0.58125 0.27578125 0.02265625 0.053125
2 0.596875 0.30859375 0.034375 0.08125
2 0.61484375 0.2546875 0.02734375 0.05625
2 0.6359375 0.2 0.02265625 0.04921875
2 0.66953125 0.2109375 0.02109375 0.04921875
2 0.66953125 0.17109375 0.01640625 0.03984375
2 0.7015625 0.196875 0.01875 0.04375
2 0.6921875 0.17109375 0.01640625 0.0359375
2 0.71171875 0.16875 0.01796875 0.03984375
2 0.73984375 0.1640625 0.0125 0.0375
2 0.7515625 0.15 0.01171875 0.0359375
2 0.75 0.121875 0.01484375 0.03203125
2 0.77890625 0.13046875 0.01640625 0.04140625
2 0.77890625 0.17265625 0.01328125 0.03203125
2 0.79296875 0.153125 0.01484375 0.03359375
2 0.7921875 0.1953125 0.01953125 0.04375
2 0.715625 0.23515625 0.02421875 0.04375
2 0.684375 0.2640625 0.02109375 0.0453125
2 0.69296875 0.328125 0.028125 0.071875
2 0.73671875 0.36015625 0.028125 0.0640625
2 0.765625 0.26875 0.02734375 0.06640625
2 0.8046875 0.26953125 0.02421875 0.04921875
2 0.82421875 0.359375 0.03359375 0.0625
2 0.8421875 0.3078125 0.021875 0.05625
2 0.871875 0.2671875 0.01953125 0.046875
2 0.9078125 0.33046875 0.025 0.0640625
2 0.8921875 0.42109375 0.0359375 0.07890625
2 0.9359375 0.2859375 0.02734375 0.05078125
2 0.915625 0.24453125 0.021875 0.04375
2 0.93125 0.22734375 0.01796875 0.03984375
2 0.9421875 0.209375 0.01640625 0.03359375
2 0.9390625 0.16640625 0.01640625 0.0375
2 0.90546875 0.18046875 0.015625 0.0359375
2 0.91640625 0.16796875 0.01484375 0.03046875
2 0.88515625 0.196875 0.021875 0.03984375
2 0.87265625 0.221875 0.02109375 0.046875
2 0.8359375 0.20546875 0.01875 0.04140625
2 0.8171875 0.1890625 0.01875 0.04140625
2 0.8265625 0.16875 0.0125 0.03203125
2 0.8375 0.15390625 0.0125 0.0359375
2 0.85078125 0.18671875 0.015625 0.04140625
2 0.86484375 0.171875 0.01328125 0.0375
2 0.8640625 0.15390625 0.01015625 0.02421875
2 0.87578125 0.1515625 0.01328125 0.0359375