2 0.15859375 0.4734375 0.04296875 0.0640625
2 0.26875 0.27265625 0.02109375 0.0359375
2 0.2828125 0.23671875 0.01875 0.0390625
2 0.315625 0.23984375 0.025 0.0390625
2 0.33125 0.2171875 0.01640625 0.028125
2 0.33828125 0.2546875 0.02265625 0.0359375
2 0.35234375 0.2296875 0.0140625 0.04296875
2 0.384375 0.1890625 0.0203125 0.0328125
2 0.3671875 0.24140625 0.0203125 0.0390625
2 0.3875 0.25078125 0.01640625 0.04765625
2 0.41171875 0.25078125 0.0203125 0.04765625
2 0.40703125 0.18359375 0.01640625 0.0328125
2 0.44375 0.171875 0.01640625 0.03125
2 0.45078125 0.15234375 0.0140625 0.02265625
2 0.4578125 0.2234375 0.01953125 0.04609375
2 0.48125 0.22578125 0.02421875 0.0578125
2 0.48125 0.14921875 0.01484375 0.0296875
2 0.53203125 0.1734375 0.01953125 0.0375
2 0.5234375 0.21328125 0.028125 0.05234375
2 0.5015625 0.20703125 0.0203125 0.0359375
2 0.55859375 0.15390625 0.01953125 0.028125
2 0.5609375 0.11953125 0.01796875 0.0390625
2 0.55390625 0.2484375 0.02109375 0.034375
2 0.5171875 0.2921875 0.02890625 0.04921875
2 0.58984375 0.121875 0.01875 0.02265625
2 0.59296875 0.1578125 0.01484375 0.0390625
2 0.578125 0.16796875 0.01640625 0.0375
2 0.615625 0.20078125 0.02265625 0.04765625
2 0.615625 0.1484375 0.01484375 0.034375
2 0.60703125 0.12421875 0.01640625 0.02109375
2 0.6328125 0.1328125 0.0203125 0.0390625
2 0.62421875 0.24296875 0.0203125 0.0359375
2 0.575 0.28515625 0.0296875 0.05078125
2 0.63515625 0.31171875 0.02890625 0.059375
2 0.65234375 0.20234375 0.01953125 0.0359375
2 0.6453125 0.2359375 0.02421875 0.04765625
2 0.675 0.25703125 0.02578125 0.0578125
2 0.66640625 0.11953125 0.0203125 0.0390625
2 0.7140625 0.1328125 0.01953125 0.0390625
2 0.69296875 0.14921875 0.01640625 0.0296875
2 0.67890625 0.21171875 0.02578125 0.04921875
2 0.6953125 0.2359375 0.0234375 0.05390625
2 0.71328125 0.18046875 0.02109375 0.0296875
2 0.734375 0.196875 0.0203125 0.04609375
2 0.74296875 0.146875 0.01796875 0.04765625
2 0.76328125 0.134375 0.01640625 0.0265625
2 0.76328125 0.16640625 0.01953125 0.034375
2 0.76796875 0.20859375 0.0234375 0.04921875
2 0.7640625 0.2609375 0.02578125 0.05234375
2 0.72265625 0.271875 0.028125 0.05078125
2 0.78515625 0.14296875 0.01796875 0.0328125
2 0.79921875 0.1671875 0.01953125 0.0328125
2 0.82578125 0.15 0.01796875 0.03125
2 0.8234375 0.21171875 0.01875 0.04296875
2 0.840625 0.1859375 0.01875 0.0390625
2 0.8390625 0.31953125 0.025 0.04765625
2 0.85625 0.2484375 0.01953125 0.04140625
2 0.85625 0.1625 0.01875 0.04609375
2 0.88828125 0.159375 0.015625 0.0359375
2 0.878125 0.178125 0.01875 0.04765625
2 0.8984375 0.203125 0.02265625 0.034375
2 0.9078125 0.23203125 0.01640625 0.04453125
2 0.93359375 0.25234375 0.02734375 0.05390625
2 0.3953125 0.21953125 0.0203125 0.04140625
2 0.3015625 0.24375 0.01484375 0.03125
2 0.46640625 0.17421875 0.01640625 0.04296875