2 0.265625 0.2265625 0.02109375 0.0390625
2 0.33828125 0.24609375 0.021875 0.04296875
2 0.37578125 0.24609375 0.0234375 0.046875
2 0.36640625 0.1921875 0.01953125 0.04140625
2 0.39296875 0.1890625 0.01640625 0.03125
2 0.38671875 0.16640625 0.01796875 0.0296875
2 0.4078125 0.159375 0.0140625 0.02734375
2 0.4421875 0.24375 0.0234375 0.04296875
2 0.42734375 0.2078125 0.01953125 0.03359375
2 0.4375 0.16640625 0.015625 0.0375
2 0.44296875 0.1375 0.01328125 0.02734375
2 0.46875 0.20078125 0.01640625 0.0390625
2 0.484375 0.24609375 0.03515625 0.0671875
2 0.50234375 0.20859375 0.01953125 0.046875
2 0.48046875 0.16953125 0.01640625 0.03515625
2 0.48125 0.14765625 0.015625 0.03125
2 0.46484375 0.1375 0.015625 0.02734375
2 0.4890625 0.12890625 0.0109375 0.02578125
2 0.5109375 0.12578125 0.0109375 0.0234375
2 0.5203125 0.178125 0.01875 0.03359375
2 0.54765625 0.18125 0.021875 0.04296875
2 0.5359375 0.15390625 0.0140625 0.02734375
2 0.53671875 0.12890625 0.0140625 0.02578125
2 0.525 0.11875 0.0109375 0.02578125
2 0.5453125 0.121875 0.015625 0.03125
2 0.56796875 0.13359375 0.0140625 0.03125
2 0.5796875 0.1171875 0.0125 0.0296875
2 0.59453125 0.15859375 0.0140625 0.03359375
2 0.58046875 0.2375 0.021875 0.04921875
2 0.61640625 0.24609375 0.02890625 0.0515625
2 0.625 0.19765625 0.01875 0.0453125
2 0.63671875 0.1375 0.01328125 0.02734375
2 0.621875 0.12890625 0.01328125 0.02578125
2 0.60390625 0.12421875 0.01796875 0.02734375
2 0.60546875 0.0953125 0.01328125 0.02578125
2 0.61640625 0.1046875 0.01015625 0.0234375
2 0.63125 0.11015625 0.01328125 0.0234375
2 0.65390625 0.1046875 0.0125 0.03515625
2 0.66796875 0.10859375 0.0140625 0.02734375
2 0.68125 0.103125 0.0125 0.0296875
2 0.69140625 0.11640625 0.01328125 0.03125
2 0.66328125 0.1859375 0.01953125 0.0453125
2 0.675 0.215625 0.01953125 0.04921875
2 0.68359375 0.26484375 0.03046875 0.05703125
2 0.7296875 0.13359375 0.01640625 0.03125
2 0.696875 0.16171875 0.015625 0.03515625
2 0.71640625 0.1890625 0.02109375 0.04296875
2 0.71953125 0.23359375 0.01953125 0.0453125
2 0.73828125 0.25703125 0.025 0.053125
2 0.76328125 0.2640625 0.02421875 0.046875
2 0.78984375 0.27421875 0.0265625 0.053125
2 0.78828125 0.2046875 0.01875 0.0390625
2 0.75625 0.18515625 0.015625 0.0390625
2 0.73515625 0.17890625 0.01640625 0.0390625
2 0.7609375 0.14296875 0.015625 0.0375
2 0.74921875 0.12734375 0.015625 0.03359375
2 0.775 0.1328125 0.015625 0.0296875
2 0.79765625 0.15234375 0.01640625 0.03359375
2 0.7953125 0.12265625 0.015625 0.02578125
2 0.80859375 0.13203125 0.01328125 0.03515625
2 0.8234375 0.12734375 0.0140625 0.0296875
2 0.840625 0.16328125 0.0140625 0.03125
2 0.84765625 0.18984375 0.015625 0.04140625
2 0.83984375 0.22109375 0.01875 0.0453125
2 0.8515625 0.29140625 0.0296875 0.075
2 0.84921875 0.146875 0.015625 0.0296875
2 0.8640625 0.1703125 0.01640625 0.03359375
2 0.88671875 0.2203125 0.01953125 0.0390625
2 0.8796875 0.14296875 0.01796875 0.0375
2 0.903125 0.17421875 0.01796875 0.0375
2 0.91171875 0.14765625 0.0140625 0.03125
2 0.93984375 0.1625 0.0140625 0.03359375
2 0.93125 0.18828125 0.0140625 0.0296875
2 0.9453125 0.20703125 0.01328125 0.03515625
2 0.9296875 0.22421875 0.01796875 0.03515625
2 0.9203125 0.23984375 0.01875 0.0515625
2 0.93046875 0.27578125 0.01953125 0.059375
2 0.9140625 0.3328125 0.0265625 0.075