2 0.18359375 0.47890625 0.0453125 0.08203125
2 0.3375 0.225 0.02109375 0.04296875
2 0.38046875 0.2296875 0.028125 0.03984375
2 0.40234375 0.20078125 0.02109375 0.0390625
2 0.43984375 0.21875 0.01796875 0.0359375
2 0.4625 0.22578125 0.02265625 0.046875
2 0.5109375 0.18515625 0.021875 0.04296875
2 0.5671875 0.16328125 0.0203125 0.04453125
2 0.5953125 0.10546875 0.01015625 0.021875
2 0.56015625 0.24453125 0.02578125 0.04609375
2 0.62109375 0.23359375 0.02578125 0.0484375
2 0.65078125 0.21328125 0.0234375 0.046875
2 0.6671875 0.25 0.02890625 0.05703125
2 0.70390625 0.22734375 0.02578125 0.05546875
2 0.7578125 0.271875 0.0265625 0.0609375
2 0.72109375 0.1546875 0.02265625 0.03984375
2 0.75703125 0.1671875 0.0171875 0.04296875
2 0.79375 0.16953125 0.01953125 0.046875
2 0.80625 0.35234375 0.03671875 0.075
2 0.828125 0.31796875 0.03203125 0.071875
2 0.8859375 0.3671875 0.03125 0.071875
2 0.88828125 0.29609375 0.02578125 0.06484375
2 0.81875 0.21796875 0.021875 0.0390625
2 0.83359375 0.1734375 0.01484375 0.0390625
2 0.88671875 0.17734375 0.015625 0.03359375
2 0.865625 0.2296875 0.01875 0.04609375
2 0.84609375 0.16171875 0.01796875 0.0375
2 0.91484375 0.23359375 0.01875 0.0484375