2 0.31328125 0.22265625 0.0140625 0.034375
2 0.2828125 0.25234375 0.015625 0.03046875
2 0.29296875 0.24609375 0.01171875 0.02890625
2 0.3046875 0.25625 0.01484375 0.0359375
2 0.33125 0.2734375 0.01953125 0.0390625
2 0.33046875 0.2171875 0.01484375 0.034375
2 0.41171875 0.26328125 0.01953125 0.04140625
2 0.40546875 0.25546875 0.01875 0.04140625
2 0.40546875 0.221875 0.0171875 0.03046875
2 0.43515625 0.2375 0.01640625 0.0359375
2 0.4765625 0.228125 0.0171875 0.04296875
2 0.4171875 0.19296875 0.01640625 0.03046875
2 0.40546875 0.18984375 0.0109375 0.021875
2 0.40546875 0.16953125 0.0125 0.025
2 0.4234375 0.1640625 0.0125 0.03203125
2 0.47890625 0.18828125 0.0140625 0.034375
2 0.4515625 0.14453125 0.01171875 0.028125
2 0.46875 0.1546875 0.01171875 0.034375
2 0.484375 0.13828125 0.0125 0.02890625
2 0.49765625 0.12890625 0.0109375 0.025
2 0.5234375 0.19296875 0.0171875 0.03359375
2 0.51796875 0.14609375 0.01484375 0.02890625
2 0.521875 0.134375 0.01328125 0.028125
2 0.54453125 0.16015625 0.01640625 0.03203125
2 0.49453125 0.29765625 0.021875 0.0484375
2 0.5375 0.30546875 0.02421875 0.046875
2 0.5765625 0.23125 0.015625 0.03984375
2 0.60703125 0.2359375 0.01953125 0.04140625
2 0.56328125 0.1390625 0.0125 0.03359375
2 0.5890625 0.11015625 0.0109375 0.0265625
2 0.578125 0.1140625 0.01171875 0.028125
2 0.5890625 0.14453125 0.0140625 0.028125
2 0.5953125 0.1609375 0.01015625 0.025
2 0.6109375 0.19921875 0.01640625 0.04296875
2 0.615625 0.14140625 0.01328125 0.03359375
2 0.621875 0.128125 0.01171875 0.0234375
2 0.6484375 0.1140625 0.01171875 0.02890625
2 0.66953125 0.1125 0.01328125 0.03359375
2 0.690625 0.153125 0.0125 0.03203125
2 0.6578125 0.20703125 0.01953125 0.03984375
2 0.65 0.1734375 0.01328125 0.028125
2 0.66328125 0.3078125 0.02421875 0.06640625
2 0.65078125 0.25078125 0.0203125 0.046875
2 0.7109375 0.28359375 0.025 0.05390625
2 0.7421875 0.36171875 0.025 0.06640625
2 0.78046875 0.26328125 0.01953125 0.05234375
2 0.85625 0.28984375 0.0203125 0.046875
2 0.70390625 0.21875 0.021875 0.04140625
2 0.7140625 0.18203125 0.01640625 0.03359375
2 0.73359375 0.19140625 0.0171875 0.0390625
2 0.75390625 0.21953125 0.01484375 0.0375
2 0.7265625 0.15546875 0.01171875 0.03046875
2 0.75234375 0.14765625 0.0125 0.0265625
2 0.7703125 0.121875 0.01171875 0.025
2 0.759375 0.17109375 0.01328125 0.034375
2 0.7828125 0.1515625 0.01171875 0.03046875
2 0.7953125 0.14140625 0.01171875 0.03046875
2 0.784375 0.125 0.01171875 0.021875
2 0.78203125 0.1921875 0.01484375 0.04609375
2 0.80625 0.1703125 0.0140625 0.0359375
2 0.82109375 0.15625 0.0125 0.03203125
2 0.8296875 0.13125 0.01328125 0.0265625
2 0.8625 0.14140625 0.01328125 0.03359375
2 0.8125 0.22265625 0.0171875 0.04296875
2 0.8375 0.20078125 0.015625 0.0390625
2 0.8390625 0.16640625 0.0125 0.03359375
2 0.86640625 0.21484375 0.01796875 0.05234375
2 0.89453125 0.24375 0.0203125 0.046875
2 0.8796875 0.18828125 0.0140625 0.03203125
2 0.42890625 0.32109375 0.034375 0.0765625