2 0.17109375 0.39765625 0.04453125 0.11640625
2 0.6625 0.51015625 0.06875 0.12421875
2 0.375 0.134375 0.01640625 0.028125
2 0.40703125 0.16015625 0.01328125 0.0375
2 0.409375 0.246875 0.01328125 0.03359375
2 0.42421875 0.22109375 0.01875 0.03984375
2 0.45 0.23125 0.01875 0.03359375
2 0.4703125 0.15703125 0.01328125 0.0359375
2 0.47734375 0.1796875 0.01875 0.0359375
2 0.58125 0.12890625 0.01640625 0.028125
2 0.52109375 0.19609375 0.02578125 0.0375
2 0.55546875 0.20078125 0.028125 0.04296875
2 0.6078125 0.23984375 0.028125 0.0359375
2 0.6328125 0.253125 0.02421875 0.05078125
2 0.71328125 0.1609375 0.01640625 0.03203125
2 0.71796875 0.18359375 0.015625 0.03203125
2 0.73828125 0.1703125 0.01328125 0.04296875
2 0.75546875 0.1984375 0.01640625 0.03203125
2 0.78125 0.19609375 0.01328125 0.04140625
2 0.83046875 0.26953125 0.02109375 0.05234375
2 0.88125 0.2625 0.02421875 0.0546875
2 0.9390625 0.24375 0.01953125 0.03984375
2 0.94921875 0.20546875 0.015625 0.04140625