2 0.37421875 0.13046875 0.0171875 0.0328125
2 0.44296875 0.10859375 0.01484375 0.028125
2 0.2171875 0.2203125 0.01796875 0.0296875
2 0.33828125 0.265625 0.01875 0.03828125
2 0.36953125 0.2625 0.0203125 0.04140625
2 0.39765625 0.26953125 0.025 0.04609375
2 0.459375 0.228125 0.01875 0.03671875
2 0.4859375 0.23046875 0.01953125 0.03671875
2 0.49375 0.30078125 0.0234375 0.04140625
2 0.60859375 0.2578125 0.0203125 0.03828125
2 0.49375 0.19609375 0.0203125 0.028125
2 0.45625 0.1765625 0.0203125 0.03515625
2 0.57890625 0.1328125 0.02265625 0.0328125
2 0.7140625 0.18359375 0.025 0.0296875
2 0.75546875 0.22578125 0.02421875 0.0515625