2 0.09375 0.34140625 0.04375 0.0734375
2 0.2796875 0.2203125 0.0203125 0.03984375
2 0.3125 0.221875 0.01875 0.03984375
2 0.33203125 0.21796875 0.0171875 0.03984375
2 0.34765625 0.221875 0.0203125 0.04375
2 0.3765625 0.23515625 0.0234375 0.04375
2 0.403125 0.23359375 0.01875 0.03984375
2 0.42890625 0.24609375 0.02109375 0.04140625
2 0.41875 0.2 0.0203125 0.04140625
2 0.37109375 0.20234375 0.015625 0.02265625
2 0.38984375 0.18984375 0.01796875 0.03203125
2 0.3703125 0.184375 0.0171875 0.028125
2 0.346875 0.17265625 0.01484375 0.03203125
2 0.3765625 0.16796875 0.01796875 0.0265625
2 0.41171875 0.15859375 0.01484375 0.03046875
2 0.42734375 0.1546875 0.01484375 0.03046875
2 0.43984375 0.1609375 0.0125 0.0265625
2 0.45390625 0.20703125 0.01875 0.03984375
2 0.453125 0.1875 0.0171875 0.0265625
2 0.49453125 0.16484375 0.0171875 0.0375
2 0.51484375 0.18125 0.01796875 0.034375
2 0.55390625 0.18125 0.015625 0.0375
2 0.48203125 0.146875 0.015625 0.028125
2 0.49765625 0.11796875 0.01171875 0.02421875
2 0.5015625 0.13828125 0.01484375 0.0265625
2 0.53203125 0.15703125 0.0140625 0.03046875
2 0.52890625 0.1203125 0.0140625 0.028125
2 0.54921875 0.125 0.0125 0.0265625
2 0.5453125 0.15625 0.0140625 0.028125
2 0.56484375 0.14140625 0.0140625 0.034375
2 0.578125 0.175 0.0203125 0.03984375
2 0.59453125 0.16171875 0.01484375 0.028125
2 0.59765625 0.1171875 0.0125 0.0265625
2 0.609375 0.1171875 0.01171875 0.0265625
2 0.60703125 0.13671875 0.01171875 0.028125
2 0.62421875 0.13359375 0.0125 0.03203125
2 0.64375 0.153125 0.01484375 0.034375
2 0.64765625 0.1140625 0.0125 0.028125
2 0.6890625 0.12265625 0.01484375 0.0265625
2 0.7109375 0.1125 0.01484375 0.03984375
2 0.6890625 0.10703125 0.0109375 0.02109375
2 0.57734375 0.234375 0.0265625 0.04921875
2 0.61796875 0.2515625 0.0296875 0.053125
2 0.61484375 0.21015625 0.0234375 0.0453125
2 0.6609375 0.19765625 0.01796875 0.04375
2 0.678125 0.22890625 0.0203125 0.053125
2 0.69765625 0.2578125 0.021875 0.05078125
2 0.709375 0.32265625 0.03203125 0.08515625
2 0.76875 0.3609375 0.02890625 0.071875
2 0.73203125 0.2328125 0.02421875 0.053125
2 0.7171875 0.18359375 0.02109375 0.0453125
2 0.73203125 0.18046875 0.01484375 0.03984375
2 0.73359375 0.14296875 0.0171875 0.0359375
2 0.75234375 0.13359375 0.0125 0.03203125
2 0.77109375 0.134375 0.01484375 0.0375
2 0.76171875 0.24296875 0.021875 0.05078125
2 0.759375 0.196875 0.015625 0.034375
2 0.79375 0.16484375 0.01484375 0.034375
2 0.784375 0.2796875 0.0328125 0.05703125
2 0.815625 0.26484375 0.02421875 0.05703125
2 0.79296875 0.20625 0.021875 0.04140625
2 0.8140625 0.2171875 0.0171875 0.0375
2 0.82421875 0.17734375 0.0171875 0.034375
2 0.83203125 0.13671875 0.0125 0.02421875
2 0.7890625 0.13515625 0.01171875 0.028125
2 0.84609375 0.15390625 0.015625 0.03203125
2 0.85625 0.146875 0.0125 0.02421875
2 0.865625 0.18046875 0.01484375 0.03984375
2 0.8390625 0.21953125 0.02109375 0.0375
2 0.915625 0.3125 0.02734375 0.0625
2 0.88828125 0.23125 0.01796875 0.04375
2 0.90078125 0.2171875 0.015625 0.04140625
2 0.8984375 0.18984375 0.01484375 0.03203125
2 0.90703125 0.1765625 0.01171875 0.02421875
2 0.909375 0.1515625 0.01171875 0.0265625
2 0.91953125 0.2234375 0.01875 0.04921875
2 0.93359375 0.24765625 0.01875 0.0453125
2 0.93203125 0.20390625 0.015625 0.034375
2 0.9453125 0.18359375 0.01484375 0.04140625