2 0.0859375 0.54375 0.04609375 0.109375
2 0.21015625 0.25859375 0.01796875 0.03984375
2 0.2171875 0.27578125 0.021875 0.04453125
2 0.265625 0.23359375 0.01796875 0.04296875
2 0.29765625 0.20390625 0.01875 0.03671875
2 0.29453125 0.23359375 0.01953125 0.04296875
2 0.3234375 0.22421875 0.01796875 0.04609375
2 0.33359375 0.225 0.01640625 0.04140625
2 0.35234375 0.26484375 0.02109375 0.0515625
2 0.353125 0.1953125 0.01875 0.03671875
2 0.38828125 0.23203125 0.01796875 0.03984375
2 0.3828125 0.18671875 0.01796875 0.03828125
2 0.4109375 0.17109375 0.01640625 0.0296875
2 0.4234375 0.18671875 0.015625 0.03515625
2 0.42890625 0.2875 0.01875 0.03828125
2 0.46640625 0.23203125 0.01953125 0.04296875
2 0.46640625 0.171875 0.01640625 0.03515625
2 0.4875 0.19921875 0.015625 0.0328125
2 0.48203125 0.14765625 0.01484375 0.0328125
2 0.44765625 0.15859375 0.0140625 0.025
2 0.51171875 0.16171875 0.01796875 0.0484375
2 0.52265625 0.15703125 0.0140625 0.03125
2 0.5234375 0.22421875 0.01640625 0.04609375
2 0.5484375 0.134375 0.0140625 0.03671875
2 0.553125 0.146875 0.0140625 0.03125
2 0.56953125 0.13125 0.015625 0.0328125
2 0.5921875 0.12265625 0.01484375 0.0296875
2 0.6 0.1453125 0.0140625 0.028125
2 0.60546875 0.17421875 0.0140625 0.0328125
2 0.60078125 0.20859375 0.01796875 0.04296875
2 0.5765625 0.21015625 0.01328125 0.025
2 0.5765625 0.16796875 0.015625 0.03515625
2 0.62734375 0.12109375 0.0140625 0.0328125
2 0.65390625 0.13203125 0.01640625 0.03828125
2 0.653125 0.17109375 0.01484375 0.03671875
2 0.68671875 0.13359375 0.01328125 0.03125
2 0.6828125 0.15 0.015625 0.04140625
2 0.70546875 0.1515625 0.0140625 0.03828125
2 0.7671875 0.1734375 0.01484375 0.03125
2 0.75703125 0.1921875 0.01328125 0.03671875
2 0.775 0.1984375 0.015625 0.04140625
2 0.809375 0.18515625 0.0140625 0.04140625
2 0.81875 0.2203125 0.01640625 0.03671875
2 0.83046875 0.20546875 0.015625 0.03671875
2 0.73984375 0.2234375 0.01953125 0.04453125
2 0.690625 0.20859375 0.0171875 0.04296875
2 0.65390625 0.24296875 0.021875 0.0546875
2 0.60703125 0.28125 0.02421875 0.0578125
2 0.56953125 0.325 0.02109375 0.05625
2 0.6 0.375 0.025 0.05625
2 0.6546875 0.3828125 0.02578125 0.06328125
2 0.72421875 0.3890625 0.02578125 0.0578125
2 0.7140625 0.27265625 0.02109375 0.04453125
2 0.74765625 0.29140625 0.02109375 0.03828125
2 0.79296875 0.24609375 0.01796875 0.04453125
2 0.7984375 0.303125 0.0234375 0.05
2 0.865625 0.22734375 0.01484375 0.03671875
2 0.878125 0.23046875 0.0125 0.0296875
2 0.89921875 0.2234375 0.01640625 0.03125
2 0.90234375 0.253125 0.01640625 0.03828125
2 0.93125 0.25703125 0.015625 0.03671875
2 0.95390625 0.2421875 0.01640625 0.03671875
2 0.98203125 0.25234375 0.0125 0.03984375
2 0.87265625 0.2875 0.01875 0.04453125
2 0.88984375 0.28359375 0.015625 0.03671875
2 0.928125 0.3203125 0.01875 0.04609375
2 0.97734375 0.30625 0.01640625 0.0484375
2 0.9765625 0.35546875 0.01796875 0.0546875
2 0.953125 0.36640625 0.01875 0.04296875
2 0.85703125 0.34921875 0.021875 0.0578125
2 0.88203125 0.40703125 0.021875 0.06171875
2 0.95546875 0.42734375 0.02265625 0.0578125
2 0.7921875 0.45390625 0.03203125 0.078125
2 0.86328125 0.515625 0.03125 0.06953125