2 0.02421875 0.4171875 0.021875 0.04296875
2 0.2390625 0.3515625 0.015625 0.0328125
2 0.26953125 0.35859375 0.01953125 0.04453125
2 0.2984375 0.3765625 0.01953125 0.04296875
2 0.2953125 0.31640625 0.01796875 0.034375
2 0.34765625 0.3796875 0.02109375 0.04609375
2 0.36640625 0.30078125 0.01484375 0.0328125
2 0.42109375 0.3515625 0.01953125 0.0359375
2 0.39765625 0.26796875 0.01328125 0.021875
2 0.4125 0.2875 0.01015625 0.021875
2 0.42109375 0.31171875 0.0140625 0.02578125
2 0.43515625 0.29296875 0.0140625 0.02578125
2 0.47734375 0.32109375 0.01796875 0.02734375
2 0.45390625 0.31875 0.0171875 0.02890625
2 0.45859375 0.35390625 0.0234375 0.0359375
2 0.48359375 0.2765625 0.0140625 0.02421875
2 0.46875 0.25703125 0.0125 0.0234375
2 0.48046875 0.2453125 0.01015625 0.0234375
2 0.51171875 0.2703125 0.01171875 0.0359375
2 0.53203125 0.3296875 0.01796875 0.0328125
2 0.5296875 0.259375 0.0109375 0.021875
2 0.53046875 0.28984375 0.0203125 0.02890625
2 0.5671875 0.2953125 0.0171875 0.02734375
2 0.5625 0.23671875 0.01328125 0.02578125
2 0.61640625 0.23125 0.0125 0.021875
2 0.62421875 0.2140625 0.0109375 0.021875
2 0.61640625 0.26328125 0.01015625 0.021875
2 0.65546875 0.2625 0.0140625 0.02578125
2 0.61015625 0.340625 0.01796875 0.0375
2 0.51171875 0.4046875 0.02265625 0.05078125
2 0.55 0.378125 0.01796875 0.0375
2 0.55390625 0.41953125 0.025 0.040625
2 0.625 0.44140625 0.028125 0.0546875
2 0.6609375 0.34296875 0.0125 0.03046875
2 0.646875 0.3140625 0.01640625 0.03046875
2 0.66953125 0.2265625 0.00859375 0.0234375
2 0.68515625 0.2375 0.01015625 0.03046875
2 0.69921875 0.23828125 0.0125 0.02578125
2 0.68515625 0.28046875 0.01484375 0.0328125
2 0.7265625 0.296875 0.01796875 0.02890625
2 0.715625 0.27109375 0.0109375 0.0171875
2 0.75859375 0.23203125 0.01484375 0.02890625
2 0.75859375 0.28125 0.01328125 0.03203125
2 0.7796875 0.29453125 0.0140625 0.034375
2 0.7953125 0.23984375 0.01328125 0.03203125
2 0.825 0.25703125 0.01953125 0.03203125
2 0.85859375 0.2671875 0.0140625 0.02578125
2 0.8890625 0.259375 0.0125 0.02734375
2 0.91484375 0.2921875 0.01484375 0.0359375
2 0.86875 0.296875 0.01484375 0.02421875
2 0.82734375 0.315625 0.01796875 0.02734375
2 0.86171875 0.325 0.01640625 0.03203125
2 0.88828125 0.32890625 0.0171875 0.034375
2 0.878125 0.3625 0.0203125 0.0375
2 0.8234375 0.38671875 0.02109375 0.040625
2 0.7046875 0.35625 0.0203125 0.034375
2 0.6203125 0.3921875 0.03359375 0.034375
2 0.67421875 0.38359375 0.021875 0.04609375
2 0.6734375 0.465625 0.02734375 0.06171875
2 0.725 0.515625 0.0390625 0.0765625
2 0.7515625 0.41015625 0.0265625 0.0515625
2 0.80078125 0.4140625 0.02265625 0.04921875
2 0.8453125 0.5265625 0.0265625 0.0578125
2 0.8578125 0.44921875 0.0234375 0.05078125
2 0.87421875 0.4109375 0.01796875 0.034375
2 0.91953125 0.48046875 0.025 0.0515625
2 0.93359375 0.40859375 0.01640625 0.04609375
2 0.94375 0.3640625 0.0171875 0.0359375
2 0.95234375 0.29453125 0.01484375 0.02578125
2 0.3890625 0.3609375 0.01953125 0.03203125
2 0.38203125 0.33515625 0.01640625 0.0328125
2 0.43671875 0.271875 0.0125 0.02734375
2 0.5453125 0.2765625 0.01484375 0.03046875
2 0.57734375 0.27421875 0.015625 0.02890625
2 0.5828125 0.23359375 0.01171875 0.0234375
2 0.8265625 0.353125 0.0171875 0.0359375
2 0.8765625 0.27890625 0.0140625 0.0328125
2 0.79140625 0.27265625 0.015625 0.040625
2 0.640625 0.23046875 0.0140625 0.02734375
2 0.94140625 0.33203125 0.01640625 0.034375
2 0.953125 0.31796875 0.01484375 0.03046875