2 0.15 0.675 0.1046875 0.13125
2 0.1546875 0.6015625 0.0703125 0.0859375
2 0.2015625 0.59921875 0.0484375 0.10390625
2 0.25625 0.60078125 0.0453125 0.06796875
2 0.334375 0.609375 0.06015625 0.090625
2 0.3734375 0.6203125 0.0546875 0.08359375
2 0.63515625 0.5984375 0.0421875 0.07109375
2 0.66328125 0.62421875 0.046875 0.08515625
2 0.70546875 0.63515625 0.05 0.08125
2 0.75625 0.61328125 0.05078125 0.078125
2 0.8 0.7046875 0.10546875 0.1453125
2 0.94296875 0.6328125 0.05625 0.09296875
2 0.9234375 0.590625 0.04375 0.0625
2 0.98125 0.615625 0.0375 0.1