2 0.15390625 0.49921875 0.05625 0.1046875
2 0.23046875 0.33515625 0.01875 0.0359375
2 0.2578125 0.35 0.02421875 0.04609375
2 0.2953125 0.3546875 0.0234375 0.04453125
2 0.2875 0.29921875 0.0171875 0.0359375
2 0.33203125 0.359375 0.025 0.04296875
2 0.36640625 0.31328125 0.01796875 0.03203125
2 0.3578125 0.2859375 0.0171875 0.03046875
2 0.39140625 0.3234375 0.01796875 0.03515625
2 0.41328125 0.325 0.01953125 0.03515625
2 0.4109375 0.2890625 0.01640625 0.03046875
2 0.44609375 0.334375 0.02265625 0.04609375
2 0.3875 0.259375 0.01484375 0.03515625
2 0.39921875 0.27421875 0.0140625 0.0265625
2 0.409375 0.25625 0.0171875 0.03203125
2 0.44921875 0.25703125 0.015625 0.028125
2 0.434375 0.2765625 0.0171875 0.0359375
2 0.46875 0.29765625 0.015625 0.03359375
2 0.5125 0.30078125 0.01953125 0.03515625
2 0.4953125 0.26015625 0.0171875 0.03359375
2 0.46484375 0.2359375 0.01328125 0.028125
2 0.47109375 0.225 0.01171875 0.02265625
2 0.51796875 0.23984375 0.01640625 0.0296875
2 0.54609375 0.2421875 0.01640625 0.03203125
2 0.55078125 0.2796875 0.0171875 0.0390625
2 0.58046875 0.2484375 0.01796875 0.03359375
2 0.5578125 0.209375 0.0125 0.03046875
2 0.5703125 0.2109375 0.01171875 0.01953125
2 0.5734375 0.23359375 0.01171875 0.0234375
2 0.59921875 0.234375 0.0140625 0.03046875
2 0.60859375 0.19765625 0.0125 0.0265625
2 0.62578125 0.20703125 0.01171875 0.0265625
2 0.6328125 0.22265625 0.0109375 0.0265625
2 0.63828125 0.240625 0.01484375 0.0296875
2 0.67421875 0.22578125 0.0140625 0.03203125
2 0.6609375 0.21328125 0.01328125 0.0234375
2 0.50078125 0.378125 0.028125 0.0640625
2 0.55 0.38984375 0.03203125 0.06171875
2 0.61328125 0.41640625 0.03125 0.06953125
2 0.60625 0.36953125 0.028125 0.0546875
2 0.5984375 0.315625 0.02421875 0.04453125
2 0.63125 0.2890625 0.02109375 0.0390625
2 0.646875 0.32421875 0.02109375 0.04765625
2 0.69453125 0.34375 0.021875 0.05
2 0.665625 0.43125 0.034375 0.07265625
2 0.65625 0.38515625 0.0265625 0.0546875
2 0.7171875 0.45390625 0.0390625 0.08125
2 0.74140625 0.39609375 0.028125 0.0546875
2 0.7734375 0.446875 0.03046875 0.05859375
2 0.79921875 0.3515625 0.021875 0.0515625
2 0.8125 0.50234375 0.034375 0.06875
2 0.84140625 0.425 0.02734375 0.06015625
2 0.90625 0.45859375 0.03046875 0.065625
2 0.89375 0.3859375 0.0234375 0.04921875
2 0.85390625 0.375 0.0234375 0.0546875
2 0.8765625 0.31328125 0.01875 0.04609375
2 0.87265625 0.3578125 0.021875 0.04453125
2 0.91640625 0.35546875 0.02109375 0.04609375
2 0.925 0.325 0.01640625 0.0375
2 0.9265625 0.29140625 0.0140625 0.03203125
2 0.67734375 0.2640625 0.01796875 0.0359375
2 0.70703125 0.246875 0.015625 0.0359375
2 0.721875 0.28203125 0.01796875 0.0390625
2 0.73125 0.25625 0.0171875 0.0375
2 0.7328125 0.228125 0.0140625 0.03203125
2 0.75546875 0.2234375 0.01640625 0.03046875
2 0.76953125 0.27890625 0.0171875 0.040625
2 0.77265625 0.24765625 0.01484375 0.0296875
2 0.77890625 0.23515625 0.0125 0.0265625
2 0.75 0.25625 0.01484375 0.0296875
2 0.81484375 0.2984375 0.02109375 0.03515625
2 0.8484375 0.29921875 0.0171875 0.0375
2 0.81875 0.340625 0.02109375 0.05
2 0.81484375 0.26875 0.01640625 0.03203125
2 0.80859375 0.23671875 0.0171875 0.03515625
2 0.8359375 0.253125 0.0140625 0.03046875
2 0.85 0.26640625 0.01640625 0.03359375
2 0.85703125 0.25390625 0.015625 0.03046875
2 0.8671875 0.24609375 0.01484375 0.03359375
2 0.90390625 0.27890625 0.01796875 0.0375
2 0.93203125 0.2578125 0.01796875 0.03203125