2 0.1703125 0.1953125 0.25234375 0.3859375
2 0.27734375 0.228125 0.07578125 0.16953125
2 0.39375 0.33515625 0.06171875 0.14453125
2 0.44765625 0.3984375 0.09140625 0.175
2 0.35546875 0.55234375 0.12890625 0.2296875
2 0.4671875 0.27421875 0.07109375 0.1421875
2 0.65078125 0.3109375 0.07734375 0.153125
2 0.72421875 0.40390625 0.109375 0.16875
2 0.6390625 0.58671875 0.1171875 0.209375
2 0.68046875 0.19609375 0.0765625 0.140625
2 0.88359375 0.36640625 0.09296875 0.18203125
2 0.9671875 0.53203125 0.0640625 0.22734375
2 0.859375 0.278125 0.09296875 0.19921875