2 0.26328125 0.27734375 0.02421875 0.0453125
2 0.45703125 0.21640625 0.0234375 0.0359375
2 0.34609375 0.23671875 0.0171875 0.0375
2 0.48984375 0.12109375 0.0125 0.0203125
2 0.5390625 0.1296875 0.01171875 0.0265625
2 0.5453125 0.134375 0.01171875 0.0203125
2 0.62578125 0.1953125 0.02421875 0.0484375
2 0.60234375 0.2515625 0.0265625 0.05234375
2 0.53984375 0.31796875 0.03203125 0.06171875
2 0.47890625 0.2953125 0.0265625 0.0546875
2 0.58359375 0.384375 0.03203125 0.05625
2 0.775 0.26796875 0.02734375 0.06015625
2 0.83359375 0.2890625 0.0265625 0.06015625
2 0.89453125 0.14453125 0.0125 0.02265625
2 0.9078125 0.14453125 0.01484375 0.03359375