2 0.08984375 0.2484375 0.015625 0.0296875
2 0.19375 0.35625 0.03515625 0.07265625
2 0.21953125 0.334375 0.04296875 0.0859375
2 0.20703125 0.25859375 0.03515625 0.06171875
2 0.228125 0.196875 0.02265625 0.046875
2 0.275 0.15625 0.02265625 0.046875
2 0.34375 0.19921875 0.01875 0.04296875
2 0.36171875 0.20625 0.021875 0.04296875
2 0.38984375 0.19453125 0.01953125 0.04140625
2 0.43515625 0.23828125 0.03203125 0.065625
2 0.43515625 0.178125 0.02578125 0.0578125
2 0.421875 0.14375 0.01875 0.04140625
2 0.39765625 0.13828125 0.021875 0.0375
2 0.3796875 0.1515625 0.01796875 0.0375
2 0.45390625 0.14921875 0.01875 0.04140625
2 0.47421875 0.20078125 0.025 0.06171875
2 0.4875 0.13359375 0.01875 0.046875
2 0.47109375 0.12265625 0.01328125 0.03203125
2 0.5078125 0.1234375 0.01328125 0.0296875
2 0.5265625 0.15234375 0.015625 0.04296875
2 0.54765625 0.17578125 0.01796875 0.04140625
2 0.553125 0.15625 0.01875 0.03515625
2 0.53984375 0.13515625 0.01640625 0.028125
2 0.53203125 0.0625 0.01328125 0.02421875
2 0.54609375 0.06015625 0.01328125 0.02265625
2 0.56640625 0.06328125 0.01640625 0.02578125
2 0.58046875 0.15234375 0.01796875 0.03515625
2 0.62734375 0.14609375 0.02265625 0.0484375
2 0.62890625 0.1109375 0.01953125 0.03203125
2 0.6625 0.1109375 0.01875 0.0390625
2 0.68203125 0.11328125 0.015625 0.03515625
2 0.69453125 0.09609375 0.01796875 0.03203125
2 0.73046875 0.08515625 0.01796875 0.03203125
2 0.696875 0.15625 0.01484375 0.03515625
2 0.70859375 0.1765625 0.01953125 0.0390625
2 0.61875 0.26484375 0.02734375 0.0578125
2 0.415625 0.36171875 0.05234375 0.0953125
2 0.69296875 0.30625 0.03203125 0.07109375
2 0.728125 0.2953125 0.02265625 0.0484375
2 0.75234375 0.25859375 0.02265625 0.05078125
2 0.74765625 0.19921875 0.021875 0.05078125
2 0.73671875 0.15546875 0.01640625 0.03359375
2 0.74921875 0.12734375 0.01875 0.0375
2 0.76328125 0.165625 0.01640625 0.0390625
2 0.78203125 0.12734375 0.01953125 0.0375
2 0.80546875 0.15234375 0.01796875 0.03515625
2 0.79921875 0.20859375 0.01640625 0.03515625
2 0.7359375 0.37265625 0.034375 0.08046875
2 0.81875 0.37578125 0.03125 0.07109375
2 0.86484375 0.4390625 0.03984375 0.08984375
2 0.85234375 0.3046875 0.025 0.06328125
2 0.80859375 0.25390625 0.025 0.0484375
2 0.87421875 0.184375 0.028125 0.06171875
2 0.92421875 0.29609375 0.028125 0.065625
2 0.9375 0.17109375 0.025 0.0578125