2 0.11796875 0.2546875 0.0140625 0.02890625
2 0.26328125 0.40546875 0.05 0.11328125
2 0.28671875 0.23359375 0.01328125 0.02890625
2 0.29765625 0.240625 0.01640625 0.02890625
2 0.36484375 0.1609375 0.0171875 0.0390625
2 0.3796875 0.18984375 0.01328125 0.02890625
2 0.41328125 0.20859375 0.0125 0.0375
2 0.403125 0.2078125 0.0140625 0.0390625
2 0.47578125 0.1421875 0.01953125 0.040625
2 0.6328125 0.1390625 0.015625 0.02109375
2 0.64453125 0.1125 0.01171875 0.02734375
2 0.646875 0.1421875 0.01328125 0.02734375
2 0.72578125 0.0609375 0.01328125 0.034375
2 0.7484375 0.12890625 0.01171875 0.02734375
2 0.76328125 0.13828125 0.0140625 0.02890625
2 0.81875 0.2578125 0.01953125 0.0515625
2 0.8609375 0.1859375 0.0140625 0.034375
2 0.8828125 0.2546875 0.02109375 0.0453125
2 0.91171875 0.25546875 0.02109375 0.04375
2 0.93125 0.18125 0.0125 0.034375