2 0.225 0.440625 0.05625 0.09296875
2 0.2296875 0.3859375 0.03203125 0.06484375
2 0.25703125 0.36953125 0.02578125 0.0609375
2 0.16875 0.39921875 0.03984375 0.07578125
2 0.1765625 0.375 0.03203125 0.06484375
2 0.1484375 0.353125 0.028125 0.04296875
2 0.10703125 0.3953125 0.04921875 0.071875
2 0.11953125 0.33984375 0.03125 0.05
2 0.0734375 0.34375 0.028125 0.05
2 0.0484375 0.365625 0.034375 0.0609375
2 0.04609375 0.31171875 0.02578125 0.04609375
2 0.0203125 0.31640625 0.02578125 0.0484375
2 0.00703125 0.34609375 0.0140625 0.0515625
2 0.0953125 0.30703125 0.02421875 0.040625
2 0.07734375 0.3140625 0.025 0.04296875
2 0.1828125 0.33515625 0.028125 0.05546875
2 0.19609375 0.33828125 0.02109375 0.04296875
2 0.215625 0.3359375 0.02109375 0.03515625
2 0.23671875 0.33984375 0.021875 0.03515625
2 0.28046875 0.33203125 0.01796875 0.04296875
2 0.31171875 0.365625 0.028125 0.05390625
2 0.3296875 0.40390625 0.03203125 0.0703125
2 0.34140625 0.3609375 0.021875 0.059375
2 0.38046875 0.4390625 0.04609375 0.09609375
2 0.39609375 0.38046875 0.02890625 0.06875
2 0.42890625 0.4265625 0.0375 0.08359375
2 0.48046875 0.42578125 0.03828125 0.0703125
2 0.4703125 0.38515625 0.03046875 0.06640625
2 0.4984375 0.375 0.021875 0.04296875
2 0.48515625 0.3453125 0.02109375 0.04296875
2 0.42578125 0.36171875 0.02109375 0.04609375
2 0.378125 0.365625 0.025 0.04609375
2 0.37109375 0.34453125 0.01640625 0.0296875
2 0.3609375 0.33515625 0.015625 0.03359375
2 0.56953125 0.43671875 0.03515625 0.0703125
2 0.56640625 0.37578125 0.028125 0.0515625
2 0.61796875 0.3890625 0.01953125 0.0484375
2 0.65 0.4140625 0.02734375 0.05390625
2 0.68515625 0.40390625 0.02578125 0.059375
2 0.68828125 0.3265625 0.01875 0.04609375
2 0.90234375 0.26953125 0.06796875 0.11328125