2 0.1265625 0.55234375 0.03671875 0.07109375
2 0.22109375 0.3578125 0.015625 0.0296875
2 0.25078125 0.38515625 0.0203125 0.04453125
2 0.28046875 0.334375 0.0171875 0.03359375
2 0.284375 0.38359375 0.0171875 0.03984375
2 0.32734375 0.3859375 0.02265625 0.04296875
2 0.3484375 0.346875 0.01484375 0.0328125
2 0.3515625 0.30546875 0.01640625 0.0328125
2 0.3859375 0.27734375 0.0140625 0.0296875
2 0.40859375 0.29296875 0.01328125 0.03125
2 0.41875 0.27734375 0.0109375 0.025
2 0.43984375 0.27734375 0.01328125 0.0265625
2 0.45078125 0.28828125 0.01796875 0.0328125
2 0.45703125 0.2546875 0.0140625 0.028125
2 0.54453125 0.23515625 0.0125 0.0234375
2 0.56171875 0.23203125 0.0140625 0.0203125
2 0.590625 0.23671875 0.009375 0.0234375
2 0.6 0.22265625 0.01484375 0.025
2 0.61953125 0.21953125 0.0140625 0.028125
2 0.659375 0.22265625 0.01328125 0.021875
2 0.62421875 0.24140625 0.015625 0.025
2 0.5890625 0.2640625 0.0125 0.0296875
2 0.60703125 0.27890625 0.01484375 0.0203125
2 0.5671875 0.28125 0.01640625 0.03359375
2 0.5359375 0.26875 0.01640625 0.0296875
2 0.51328125 0.2671875 0.0140625 0.0296875
2 0.51796875 0.2953125 0.0171875 0.0328125
2 0.54609375 0.2984375 0.015625 0.0328125
2 0.459375 0.33515625 0.01953125 0.0328125
2 0.490625 0.3453125 0.0203125 0.03515625
2 0.425 0.328125 0.0203125 0.0265625
2 0.4375 0.36015625 0.02421875 0.03515625
2 0.4046875 0.34921875 0.0203125 0.03359375
2 0.4 0.31875 0.01875 0.0265625
2 0.37421875 0.3703125 0.02109375 0.03984375
2 0.46953125 0.43125 0.025 0.053125
2 0.53046875 0.3796875 0.02109375 0.04765625
2 0.509375 0.47734375 0.02890625 0.05
2 0.57578125 0.46796875 0.028125 0.06171875
2 0.625 0.484375 0.02890625 0.06171875
2 0.609375 0.39609375 0.02109375 0.04765625
2 0.590625 0.34453125 0.01953125 0.03984375
2 0.62421875 0.31796875 0.01640625 0.028125
2 0.65859375 0.2953125 0.015625 0.0265625
2 0.69296875 0.2703125 0.0171875 0.03515625
2 0.67890625 0.2359375 0.01484375 0.021875
2 0.6609375 0.24453125 0.01484375 0.025
2 0.7234375 0.2578125 0.01484375 0.03359375
2 0.73203125 0.2765625 0.015625 0.0328125
2 0.75 0.2703125 0.01484375 0.0265625
2 0.76796875 0.25546875 0.01484375 0.0296875
2 0.775 0.26953125 0.01328125 0.025
2 0.7640625 0.29609375 0.01484375 0.04296875
2 0.684375 0.31796875 0.02109375 0.03984375
2 0.796875 0.2625 0.01640625 0.03671875
2 0.8296875 0.271875 0.0140625 0.03515625
2 0.8453125 0.28828125 0.0203125 0.04140625
2 0.8671875 0.271875 0.015625 0.03515625
2 0.88046875 0.28828125 0.01484375 0.0296875
2 0.92421875 0.3046875 0.01484375 0.03359375
2 0.91875 0.3296875 0.0171875 0.0296875
2 0.9 0.34296875 0.01875 0.04140625
2 0.8796875 0.33984375 0.01484375 0.03515625
2 0.85390625 0.35625 0.015625 0.04453125
2 0.8359375 0.34765625 0.0203125 0.0484375
2 0.8078125 0.34765625 0.01953125 0.03671875
2 0.80546875 0.31484375 0.0203125 0.0328125
2 0.7984375 0.38046875 0.02265625 0.0484375
2 0.84375 0.4125 0.03046875 0.06171875
2 0.9109375 0.390625 0.02109375 0.0546875
2 0.89765625 0.47265625 0.03125 0.06484375
2 0.7703125 0.45 0.0265625 0.0609375
2 0.7140625 0.4265625 0.03125 0.059375
2 0.68046875 0.3796875 0.0203125 0.04453125
2 0.64765625 0.3921875 0.028125 0.0578125
2 0.6375 0.36484375 0.021875 0.04453125
2 0.68671875 0.56875 0.0328125 0.06484375
2 0.80703125 0.52890625 0.02734375 0.0765625
2 0.8328125 0.48828125 0.02734375 0.0578125