2 0.07890625 0.41328125 0.03984375 0.0828125
2 0.25859375 0.259375 0.01484375 0.03046875
2 0.2796875 0.26015625 0.0171875 0.03515625
2 0.29375 0.25859375 0.0203125 0.0390625
2 0.3234375 0.21484375 0.0171875 0.03203125
2 0.34609375 0.215625 0.01875 0.03046875
2 0.33203125 0.24921875 0.01796875 0.03671875
2 0.3375 0.2796875 0.02265625 0.046875
2 0.3703125 0.20859375 0.01484375 0.03046875
2 0.38515625 0.19296875 0.015625 0.025
2 0.38671875 0.22421875 0.0203125 0.03359375
2 0.4078125 0.2328125 0.0203125 0.0390625
2 0.40390625 0.28515625 0.02265625 0.05546875
2 0.40625 0.16953125 0.015625 0.03203125
2 0.4234375 0.18203125 0.0171875 0.0265625
2 0.44375 0.1859375 0.0203125 0.03515625
2 0.4390625 0.228125 0.01875 0.0390625
2 0.4640625 0.2453125 0.021875 0.03515625
2 0.45078125 0.1453125 0.01484375 0.02890625
2 0.45859375 0.1703125 0.01484375 0.03046875
2 0.47890625 0.184375 0.015625 0.03203125
2 0.4796875 0.16015625 0.01796875 0.03359375
2 0.47421875 0.14609375 0.015625 0.03046875
2 0.4859375 0.13125 0.01328125 0.0234375
2 0.49765625 0.14609375 0.015625 0.03359375
2 0.5234375 0.15234375 0.0171875 0.03203125
2 0.53359375 0.12890625 0.01484375 0.02890625
2 0.55546875 0.1109375 0.0125 0.0234375
2 0.56171875 0.14296875 0.0203125 0.03359375
2 0.540625 0.1671875 0.021875 0.03515625
2 0.50390625 0.2015625 0.01953125 0.0421875
2 0.52734375 0.21484375 0.02265625 0.0484375
2 0.5828125 0.12890625 0.0140625 0.03203125
2 0.58125 0.15625 0.0203125 0.040625
2 0.59296875 0.09765625 0.0140625 0.0265625
2 0.61015625 0.109375 0.01015625 0.0265625
2 0.61328125 0.14375 0.0203125 0.0421875
2 0.6234375 0.09453125 0.009375 0.0265625
2 0.6375 0.10078125 0.01015625 0.03046875
2 0.64609375 0.10703125 0.0109375 0.025
2 0.66875 0.1171875 0.0125 0.025
2 0.690625 0.09140625 0.01328125 0.03203125
2 0.7328125 0.1171875 0.0140625 0.03203125
2 0.75 0.1015625 0.0125 0.025
2 0.7796875 0.109375 0.0125 0.03046875
2 0.76796875 0.12421875 0.01328125 0.03046875
2 0.796875 0.13046875 0.0125 0.03203125
2 0.81015625 0.12109375 0.01015625 0.0265625
2 0.82734375 0.13046875 0.01796875 0.0390625
2 0.86796875 0.12109375 0.0140625 0.03671875
2 0.890625 0.1234375 0.01328125 0.03203125
2 0.925 0.14921875 0.0125 0.02890625
2 0.70390625 0.1421875 0.0140625 0.02890625
2 0.6828125 0.14921875 0.015625 0.03203125
2 0.74140625 0.1390625 0.0171875 0.02890625
2 0.696875 0.175 0.015625 0.03046875
2 0.65625 0.18203125 0.0171875 0.040625
2 0.6078125 0.2 0.0234375 0.040625
2 0.5546875 0.23671875 0.0234375 0.0484375
2 0.48125 0.30859375 0.02578125 0.05234375
2 0.5609375 0.29140625 0.02421875 0.046875
2 0.59765625 0.33203125 0.02734375 0.05390625
2 0.67578125 0.34765625 0.02890625 0.05859375
2 0.6078125 0.26796875 0.02734375 0.05703125
2 0.6671875 0.25234375 0.02890625 0.05078125
2 0.8 0.16796875 0.01875 0.046875
2 0.8109375 0.16015625 0.01796875 0.03359375
2 0.846875 0.17109375 0.015625 0.02890625
2 0.865625 0.15703125 0.01328125 0.02890625
2 0.9203125 0.1890625 0.01953125 0.0390625
2 0.8953125 0.17890625 0.0203125 0.03203125
2 0.88125 0.19765625 0.0171875 0.03203125
2 0.86328125 0.22421875 0.0203125 0.046875
2 0.91953125 0.28125 0.02421875 0.05390625
2 0.75390625 0.17578125 0.01875 0.02890625
2 0.7171875 0.16640625 0.01875 0.03046875
2 0.73515625 0.2046875 0.021875 0.03515625
2 0.75625 0.225 0.021875 0.05859375
2 0.70625 0.21796875 0.0234375 0.05234375
2 0.70625 0.29609375 0.03203125 0.04375
2 0.778125 0.290625 0.0234375 0.05546875