2 0.1390625 0.29921875 0.025 0.0453125
2 0.1890625 0.45 0.06171875 0.1296875
2 0.284375 0.4828125 0.05859375 0.11796875
2 0.4703125 0.54140625 0.0640625 0.1296875
2 0.46484375 0.415625 0.05078125 0.0953125
2 0.228125 0.203125 0.01640625 0.03984375
2 0.33125 0.17265625 0.01796875 0.03203125
2 0.37890625 0.21171875 0.0234375 0.05
2 0.46953125 0.2203125 0.01953125 0.04296875
2 0.5140625 0.26484375 0.02578125 0.05703125
2 0.38984375 0.1984375 0.02109375 0.04296875
2 0.55625 0.1125 0.025 0.0453125
2 0.57578125 0.0796875 0.01171875 0.0296875
2 0.609375 0.12578125 0.01796875 0.03828125
2 0.615625 0.09609375 0.01484375 0.03203125
2 0.63203125 0.11953125 0.01796875 0.0453125
2 0.66015625 0.128125 0.025 0.046875
2 0.66015625 0.0890625 0.01640625 0.03828125
2 0.69765625 0.134375 0.021875 0.0484375
2 0.73125 0.0546875 0.01640625 0.03359375