2 0.26171875 0.234375 0.02109375 0.0515625
2 0.33125 0.15703125 0.01328125 0.03515625
2 0.13984375 0.240625 0.0171875 0.0421875
2 0.4125 0.23046875 0.01640625 0.03359375
2 0.45625 0.22890625 0.0171875 0.040625
2 0.56875 0.1734375 0.01328125 0.0390625
2 0.56796875 0.2 0.01640625 0.0390625
2 0.6765625 0.178125 0.01640625 0.0390625
2 0.68671875 0.225 0.0171875 0.04453125
2 0.6296875 0.22734375 0.0203125 0.04453125
2 0.63359375 0.26640625 0.01796875 0.04921875
2 0.95078125 0.24453125 0.0171875 0.040625