2 0.1015625 0.26328125 0.01875 0.03828125
2 0.37265625 0.2015625 0.02109375 0.03828125
2 0.4203125 0.209375 0.015625 0.03828125
2 0.45078125 0.2234375 0.01796875 0.0421875
2 0.56328125 0.18515625 0.0171875 0.03828125
2 0.56953125 0.15859375 0.015625 0.03203125
2 0.6328125 0.1234375 0.01484375 0.0296875
2 0.67265625 0.178125 0.0171875 0.0359375
2 0.6828125 0.22109375 0.02265625 0.0421875
2 0.67734375 0.259375 0.02109375 0.05
2 0.6421875 0.31328125 0.03046875 0.05390625
2 0.62734375 0.26953125 0.02109375 0.0421875
2 0.62265625 0.22265625 0.025 0.03984375
2 0.934375 0.24375 0.0171875 0.034375