2 0.20078125 0.37890625 0.04765625 0.0859375
2 0.30625 0.21328125 0.015625 0.0359375
2 0.32109375 0.24296875 0.0171875 0.04609375
2 0.3296875 0.18046875 0.0203125 0.0375
2 0.33125 0.21640625 0.0203125 0.03125
2 0.37890625 0.23671875 0.02578125 0.0515625
2 0.3484375 0.196875 0.01640625 0.034375
2 0.390625 0.196875 0.01953125 0.0375
2 0.415625 0.25234375 0.02578125 0.04765625
2 0.43828125 0.2171875 0.02421875 0.04296875
2 0.4890625 0.275 0.028125 0.06015625
2 0.48828125 0.2171875 0.02421875 0.04296875
2 0.41796875 0.14609375 0.01484375 0.02734375
2 0.43359375 0.1609375 0.0125 0.034375
2 0.4453125 0.1609375 0.01640625 0.04140625
2 0.475 0.17578125 0.0171875 0.0390625
2 0.4765625 0.14296875 0.01171875 0.02890625
2 0.48125 0.15 0.01328125 0.02890625
2 0.50390625 0.1890625 0.02109375 0.0375
2 0.5578125 0.18203125 0.01875 0.0375
2 0.49296875 0.134375 0.01328125 0.02890625
2 0.50859375 0.1421875 0.015625 0.02734375
2 0.509375 0.11796875 0.01484375 0.02421875
2 0.53359375 0.14765625 0.01484375 0.03125
2 0.54375 0.12109375 0.01640625 0.0328125
2 0.56328125 0.1546875 0.01640625 0.03125
2 0.584375 0.165625 0.015625 0.0328125
2 0.59609375 0.13203125 0.015625 0.03125
2 0.5859375 0.1171875 0.01171875 0.02578125
2 0.60703125 0.10546875 0.0125 0.0328125
2 0.63046875 0.12421875 0.01328125 0.02890625
2 0.62109375 0.15546875 0.01875 0.0359375
2 0.63828125 0.1046875 0.01171875 0.02734375
2 0.65234375 0.1234375 0.01484375 0.02734375
2 0.6671875 0.09609375 0.0125 0.02734375
2 0.671875 0.1296875 0.01328125 0.02890625
2 0.68828125 0.1140625 0.0125 0.02578125
2 0.7171875 0.11015625 0.0125 0.03125
2 0.56640625 0.2453125 0.02578125 0.0515625
2 0.55078125 0.3046875 0.0296875 0.06328125
2 0.596875 0.3484375 0.02734375 0.06484375
2 0.63125 0.253125 0.02421875 0.053125
2 0.646875 0.21328125 0.0171875 0.04609375
2 0.6765625 0.1765625 0.0203125 0.04140625
2 0.715625 0.18515625 0.02109375 0.04140625
2 0.70546875 0.16484375 0.01484375 0.03125
2 0.73515625 0.146875 0.01875 0.0328125
2 0.75 0.128125 0.01484375 0.0359375
2 0.76328125 0.1484375 0.01484375 0.0328125
2 0.77890625 0.1578125 0.0171875 0.0375
2 0.7875 0.13125 0.01171875 0.02890625
2 0.81171875 0.15390625 0.01484375 0.0328125
2 0.75078125 0.20703125 0.01875 0.04296875
2 0.7203125 0.23515625 0.0234375 0.04765625
2 0.6796875 0.27109375 0.028125 0.0546875
2 0.6671875 0.34609375 0.0296875 0.06875
2 0.72734375 0.43203125 0.0421875 0.06875
2 0.82421875 0.3984375 0.02734375 0.06015625
2 0.86015625 0.4046875 0.0296875 0.06875
2 0.83984375 0.34140625 0.025 0.05859375
2 0.78125 0.29453125 0.02421875 0.05625
2 0.74296875 0.29140625 0.021875 0.0546875
2 0.765625 0.23671875 0.02109375 0.04453125
2 0.7953125 0.2546875 0.02421875 0.04609375
2 0.80234375 0.23359375 0.02109375 0.03125
2 0.8703125 0.27421875 0.0203125 0.06171875
2 0.8875 0.23203125 0.01875 0.04609375
2 0.91484375 0.3484375 0.025 0.06484375
2 0.9296875 0.29921875 0.0234375 0.05625
2 0.93125 0.2375 0.015625 0.04296875