1 0.20546875 0.50390625 0.034375 0.0359375
1 0.121875 0.4875 0.0375 0.0390625
1 0.03515625 0.46796875 0.0390625 0.0375
1 0.25078125 0.53671875 0.0375 0.0375
1 0.46796875 0.5578125 0.0359375 0.0375
1 0.42265625 0.52578125 0.0328125 0.0359375
1 0.15234375 0.52890625 0.0390625 0.0421875
1 0.38125 0.55390625 0.0359375 0.0390625
1 0.290625 0.528125 0.0328125 0.0375
1 0.08125 0.53046875 0.040625 0.0375
1 0.328125 0.51796875 0.0328125 0.0375
1 0.51171875 0.61171875 0.05 0.084375
1 0.33828125 0.559375 0.0375 0.04375
1 0.0140625 0.50546875 0.028125 0.0453125
1 0.59453125 0.5796875 0.0390625 0.0390625
1 0.55390625 0.5859375 0.0390625 0.0375
1 0.51328125 0.59140625 0.0390625 0.0375
1 0.5 0.55625 0.0328125 0.0328125
1 0.42421875 0.5796875 0.0390625 0.0390625