2 0.04296875 0.41015625 0.03203125 0.06328125
2 0.25703125 0.290625 0.0171875 0.028125
2 0.28984375 0.26796875 0.01484375 0.03359375
2 0.30234375 0.2625 0.01796875 0.03828125
2 0.30625 0.29453125 0.021875 0.03203125
2 0.3203125 0.22578125 0.0140625 0.028125
2 0.34296875 0.22109375 0.01640625 0.03203125
2 0.33984375 0.29609375 0.01875 0.03828125
2 0.36484375 0.22265625 0.01640625 0.03515625
2 0.38046875 0.234375 0.01640625 0.028125
2 0.39921875 0.30703125 0.0234375 0.046875
2 0.41640625 0.2265625 0.01640625 0.03671875
2 0.42890625 0.24609375 0.0171875 0.03828125
2 0.38984375 0.20234375 0.0140625 0.028125
2 0.40078125 0.21015625 0.01328125 0.0265625
2 0.40859375 0.18046875 0.01484375 0.028125
2 0.425 0.19140625 0.0140625 0.03359375
2 0.43984375 0.203125 0.01796875 0.03359375
2 0.46484375 0.20859375 0.01796875 0.03359375
2 0.45 0.15 0.01171875 0.0265625
2 0.45703125 0.165625 0.01328125 0.03203125
2 0.4765625 0.17265625 0.01328125 0.03203125
2 0.47421875 0.159375 0.01171875 0.03203125
2 0.48359375 0.23671875 0.01875 0.03984375
2 0.48359375 0.20859375 0.01328125 0.0296875
2 0.49296875 0.29453125 0.025 0.05859375
2 0.5359375 0.1421875 0.0125 0.025
2 0.5734375 0.11484375 0.01171875 0.0234375
2 0.57734375 0.165625 0.01484375 0.03203125
2 0.55390625 0.1625 0.01640625 0.03515625
2 0.53984375 0.203125 0.01796875 0.0296875
2 0.48515625 0.14453125 0.009375 0.021875
2 0.51875 0.159375 0.0125 0.025
2 0.56484375 0.25 0.02109375 0.04296875
2 0.5625 0.30078125 0.02265625 0.0546875
2 0.60625 0.25390625 0.0171875 0.04140625
2 0.6140625 0.21796875 0.01796875 0.03984375
2 0.59296875 0.14921875 0.0125 0.03203125
2 0.6046875 0.16953125 0.0171875 0.03828125
2 0.59765625 0.10546875 0.01328125 0.028125
2 0.6203125 0.10546875 0.01171875 0.021875
2 0.61640625 0.121875 0.01171875 0.0265625
2 0.6421875 0.11015625 0.01328125 0.0265625
2 0.6375 0.1296875 0.0125 0.0265625
2 0.646875 0.18359375 0.01796875 0.03671875
2 0.675 0.125 0.01015625 0.0265625
2 0.69921875 0.10234375 0.0125 0.03203125
2 0.71484375 0.1453125 0.01328125 0.03359375
2 0.7515625 0.1046875 0.01171875 0.0265625
2 0.7453125 0.121875 0.01171875 0.0296875
2 0.734375 0.16484375 0.0140625 0.03671875
2 0.7890625 0.11796875 0.009375 0.0265625
2 0.8046875 0.1375 0.009375 0.028125
2 0.87890625 0.134375 0.01015625 0.025
2 0.90625 0.13046875 0.009375 0.025
2 0.9375 0.153125 0.0125 0.0296875
2 0.875 0.15234375 0.01328125 0.03203125
2 0.865625 0.159375 0.01640625 0.03203125
2 0.8359375 0.15234375 0.01640625 0.03203125
2 0.82734375 0.16484375 0.0125 0.03359375
2 0.9 0.18671875 0.01328125 0.03359375
2 0.8859375 0.20703125 0.01484375 0.03359375
2 0.8765625 0.23515625 0.0171875 0.03984375
2 0.85078125 0.19453125 0.01640625 0.04140625
2 0.93125 0.27109375 0.01796875 0.0484375
2 0.7765625 0.28203125 0.025 0.046875
2 0.8 0.190625 0.01484375 0.03828125
2 0.7671875 0.23046875 0.02109375 0.0453125
2 0.771875 0.1421875 0.01328125 0.025
2 0.76484375 0.16953125 0.01796875 0.03203125
2 0.74765625 0.1875 0.01796875 0.03828125
2 0.68203125 0.24609375 0.01875 0.04140625
2 0.67265625 0.209375 0.01640625 0.03515625
2 0.70390625 0.225 0.02109375 0.046875
2 0.71484375 0.28828125 0.025 0.05
2 0.68984375 0.16328125 0.0171875 0.0296875
2 0.6 0.375 0.028125 0.046875
2 0.6703125 0.3546875 0.03046875 0.0703125
2 0.8203125 0.1265625 0.01171875 0.0265625