2 0.19375 0.39375 0.04296875 0.0828125
2 0.29921875 0.2546875 0.02109375 0.04375
2 0.3125 0.25859375 0.02265625 0.04609375
2 0.33671875 0.21328125 0.0171875 0.03359375
2 0.353125 0.2515625 0.0265625 0.04375
2 0.36953125 0.2328125 0.02109375 0.04453125
2 0.38984375 0.2546875 0.02578125 0.04921875
2 0.39921875 0.22578125 0.01875 0.03359375
2 0.41484375 0.18671875 0.01875 0.03671875
2 0.421875 0.24296875 0.02578125 0.0515625
2 0.44375 0.225 0.0203125 0.04609375
2 0.46484375 0.2296875 0.025 0.04765625
2 0.43671875 0.1625 0.0140625 0.03359375
2 0.45078125 0.1671875 0.0125 0.03046875
2 0.4515625 0.13828125 0.01328125 0.0296875
2 0.46796875 0.15234375 0.01328125 0.03515625
2 0.50546875 0.128125 0.01875 0.0265625
2 0.51640625 0.1515625 0.01484375 0.03046875
2 0.503125 0.1796875 0.01953125 0.0390625
2 0.54921875 0.15859375 0.0171875 0.0390625
2 0.5484375 0.13125 0.015625 0.0265625
2 0.56015625 0.18125 0.021875 0.0390625
2 0.5296875 0.13046875 0.0125 0.028125
2 0.54609375 0.246875 0.02890625 0.04765625
2 0.540625 0.29921875 0.03515625 0.0578125
2 0.60546875 0.3125 0.0328125 0.06171875
2 0.60234375 0.25234375 0.028125 0.05625
2 0.60234375 0.2078125 0.02734375 0.05078125
2 0.5640625 0.121875 0.01640625 0.03046875
2 0.58515625 0.1421875 0.01875 0.040625
2 0.60625 0.14375 0.0171875 0.03515625
2 0.603125 0.11640625 0.0109375 0.028125
2 0.6109375 0.10859375 0.0140625 0.03515625
2 0.5921875 0.1015625 0.0109375 0.02421875
2 0.63828125 0.1296875 0.0171875 0.03515625
2 0.64921875 0.11015625 0.01484375 0.03203125
2 0.64296875 0.0953125 0.01171875 0.02265625
2 0.6671875 0.115625 0.0171875 0.03515625
2 0.69609375 0.103125 0.01171875 0.0296875
2 0.68828125 0.17109375 0.0171875 0.0390625
2 0.6578125 0.221875 0.02421875 0.04765625
2 0.65703125 0.25859375 0.02890625 0.04921875
2 0.79453125 0.37890625 0.0421875 0.084375
2 0.8359375 0.315625 0.028125 0.0703125
2 0.77734375 0.28984375 0.02421875 0.0515625
2 0.74765625 0.22109375 0.02890625 0.0546875
2 0.70625 0.21875 0.025 0.053125
2 0.728125 0.1796875 0.01640625 0.04453125
2 0.715625 0.1609375 0.01875 0.0421875
2 0.740625 0.11484375 0.01953125 0.03671875
2 0.75 0.1359375 0.01328125 0.03046875
2 0.77890625 0.15625 0.01640625 0.03515625
2 0.771875 0.20234375 0.021875 0.04921875
2 0.7484375 0.16328125 0.0171875 0.03515625
2 0.79609375 0.178125 0.01796875 0.03671875
2 0.8125 0.14921875 0.01796875 0.03515625
2 0.77734375 0.11953125 0.01640625 0.028125
2 0.8046875 0.11328125 0.01796875 0.03359375
2 0.8390625 0.1234375 0.01796875 0.03046875
2 0.83671875 0.18046875 0.01796875 0.04375
2 0.81953125 0.209375 0.01875 0.040625
2 0.8015625 0.23984375 0.02421875 0.053125
2 0.85859375 0.2453125 0.02421875 0.05078125
2 0.87890625 0.2296875 0.02109375 0.05078125
2 0.90234375 0.28515625 0.03359375 0.071875
2 0.9078125 0.25078125 0.02265625 0.04765625
2 0.91875 0.23203125 0.02578125 0.040625
2 0.890625 0.18203125 0.01875 0.0421875
2 0.89453125 0.14609375 0.0171875 0.03671875
2 0.8546875 0.1625 0.01640625 0.03359375
2 0.86328125 0.146875 0.0171875 0.03203125
2 0.8796875 0.415625 0.03671875 0.0859375