2 0.1125 0.396875 0.0359375 0.0765625
2 0.3203125 0.225 0.0203125 0.0375
2 0.328125 0.1921875 0.01875 0.0359375
2 0.35078125 0.1921875 0.01796875 0.03203125
2 0.425 0.1671875 0.0140625 0.0296875
2 0.41875 0.2 0.0171875 0.03203125
2 0.44140625 0.13984375 0.01015625 0.0203125
2 0.45390625 0.17265625 0.01484375 0.0296875
2 0.45078125 0.20625 0.01796875 0.03359375
2 0.46640625 0.13984375 0.01875 0.0390625
2 0.4765625 0.1875 0.0203125 0.03359375
2 0.484375 0.228125 0.0234375 0.04296875
2 0.49453125 0.1234375 0.0140625 0.02265625
2 0.50390625 0.1140625 0.0125 0.02265625
2 0.51640625 0.15390625 0.021875 0.03359375
2 0.540625 0.1765625 0.021875 0.0296875
2 0.53828125 0.14765625 0.015625 0.03203125
2 0.55546875 0.159375 0.02109375 0.0375
2 0.5484375 0.11875 0.01484375 0.02421875
2 0.5828125 0.10859375 0.01484375 0.02265625
2 0.5796875 0.13203125 0.015625 0.028125
2 0.59140625 0.1578125 0.015625 0.0296875
2 0.6046875 0.13046875 0.015625 0.0359375
2 0.60625 0.09453125 0.01015625 0.0203125
2 0.64140625 0.09375 0.01015625 0.02265625
2 0.6296875 0.13828125 0.015625 0.028125
2 0.66328125 0.09375 0.01015625 0.01875
2 0.65859375 0.109375 0.0125 0.0203125
2 0.65703125 0.13203125 0.015625 0.028125
2 0.678125 0.11796875 0.01015625 0.02265625
2 0.70546875 0.11796875 0.0125 0.0265625
2 0.63984375 0.1921875 0.01875 0.0390625
2 0.76015625 0.115625 0.0125 0.028125
2 0.7703125 0.12578125 0.0140625 0.0265625
2 0.78671875 0.1296875 0.0140625 0.0265625
2 0.52578125 0.265625 0.021875 0.05078125
2 0.578125 0.24296875 0.021875 0.0390625
2 0.55703125 0.2890625 0.025 0.05234375
2 0.85078125 0.14765625 0.0125 0.03203125
2 0.8859375 0.13515625 0.01015625 0.0265625
2 0.87890625 0.14765625 0.0125 0.03203125
2 0.9171875 0.16015625 0.0125 0.03203125
2 0.9453125 0.1671875 0.0125 0.0296875
2 0.8734375 0.16875 0.01171875 0.03359375
2 0.90703125 0.17734375 0.01484375 0.0359375
2 0.95390625 0.2015625 0.0125 0.0359375
2 0.934375 0.234375 0.021875 0.0453125
2 0.928125 0.27890625 0.02109375 0.05078125
2 0.91640625 0.32734375 0.021875 0.0578125
2 0.62890625 0.28046875 0.028125 0.06171875
2 0.63125 0.24375 0.01875 0.0375
2 0.7171875 0.15078125 0.015625 0.03203125
2 0.7046875 0.16796875 0.015625 0.03203125
2 0.684375 0.1625 0.015625 0.0359375
2 0.67109375 0.19765625 0.0203125 0.046875
2 0.6734375 0.24921875 0.01796875 0.0484375
2 0.7328125 0.21171875 0.0203125 0.0453125
2 0.7609375 0.14453125 0.01484375 0.03359375
2 0.7515625 0.1640625 0.01484375 0.03203125
2 0.7765625 0.18046875 0.015625 0.0375
2 0.7953125 0.159375 0.0140625 0.03359375
2 0.83203125 0.1640625 0.0140625 0.0359375
2 0.8921875 0.21640625 0.01796875 0.05078125
2 0.86015625 0.18671875 0.0171875 0.0390625
2 0.834375 0.20546875 0.015625 0.0359375
2 0.81640625 0.1875 0.0140625 0.04140625
2 0.79765625 0.21015625 0.015625 0.0484375
2 0.81875 0.23671875 0.02109375 0.04140625
2 0.8703125 0.2609375 0.021875 0.05625
2 0.85234375 0.2984375 0.0234375 0.05625
2 0.8421875 0.35 0.02734375 0.065625
2 0.80078125 0.28203125 0.0265625 0.06171875
2 0.753125 0.375 0.03046875 0.075
2 0.69765625 0.30078125 0.02734375 0.06171875
2 0.48203125 0.1546875 0.01484375 0.028125
2 0.53125 0.12890625 0.015625 0.0203125