2 0.8984375 0.13203125 0.00859375 0.0265625
2 0.92265625 0.1578125 0.00859375 0.025
2 0.9265625 0.1578125 0.0109375 0.03125
2 0.915625 0.19140625 0.01328125 0.0359375
2 0.91171875 0.27890625 0.01875 0.053125
2 0.8859375 0.17734375 0.0109375 0.034375
2 0.87734375 0.2 0.01640625 0.03984375
2 0.86640625 0.215625 0.01640625 0.03828125
2 0.8578125 0.1390625 0.0109375 0.028125
2 0.84375 0.15390625 0.01328125 0.034375
2 0.83828125 0.18203125 0.01484375 0.04140625
2 0.8234375 0.14296875 0.01328125 0.034375
2 0.80859375 0.1671875 0.01484375 0.03125
2 0.803125 0.1296875 0.01015625 0.025
2 0.78359375 0.11875 0.009375 0.0265625
2 0.78984375 0.140625 0.01015625 0.0296875
2 0.790625 0.18671875 0.015625 0.03984375
2 0.77578125 0.13515625 0.0109375 0.0328125
2 0.76171875 0.16171875 0.01484375 0.04296875
2 0.6953125 0.09921875 0.0109375 0.0265625
2 0.74375 0.1125 0.01328125 0.0296875
2 0.7359375 0.11953125 0.01328125 0.03125
2 0.73828125 0.140625 0.0140625 0.0296875
2 0.753125 0.225 0.01953125 0.04453125
2 0.73359375 0.19296875 0.01328125 0.0359375
2 0.69765625 0.21640625 0.01875 0.04921875
2 0.690625 0.175 0.01484375 0.03984375
2 0.68046875 0.1609375 0.01484375 0.034375
2 0.66015625 0.12578125 0.01171875 0.0296875
2 0.703125 0.14765625 0.0140625 0.03828125
2 0.6390625 0.1890625 0.01875 0.03828125
2 0.65703125 0.209375 0.01875 0.03984375
2 0.653125 0.2625 0.0203125 0.053125
2 0.596875 0.22109375 0.01796875 0.03984375
2 0.6 0.2671875 0.02109375 0.04609375
2 0.66953125 0.328125 0.025 0.0625
2 0.6015625 0.32421875 0.02421875 0.05078125
2 0.7125 0.2828125 0.02109375 0.05078125
2 0.7765625 0.29609375 0.02421875 0.0578125
2 0.6359375 0.10546875 0.009375 0.0265625
2 0.6359375 0.1265625 0.0109375 0.025
2 0.6171875 0.11171875 0.0109375 0.02109375
2 0.5953125 0.1109375 0.01015625 0.0265625
2 0.5640625 0.11328125 0.009375 0.02109375
2 0.5796875 0.1234375 0.009375 0.0234375
2 0.5796875 0.15859375 0.01328125 0.0328125
2 0.53046875 0.1328125 0.0109375 0.025
2 0.5234375 0.14375 0.01328125 0.0328125
2 0.5375 0.1640625 0.01484375 0.03125
2 0.55 0.146875 0.01328125 0.0328125
2 0.52109375 0.2140625 0.01796875 0.03828125
2 0.5640625 0.2515625 0.0203125 0.05078125
2 0.553125 0.29140625 0.02265625 0.0546875
2 0.503125 0.17265625 0.01484375 0.034375
2 0.48203125 0.134375 0.009375 0.025
2 0.46796875 0.1625 0.01171875 0.034375
2 0.48828125 0.2015625 0.01484375 0.0328125
2 0.45 0.171875 0.01171875 0.0296875
2 0.4640625 0.1953125 0.01484375 0.034375
2 0.4703125 0.22421875 0.01875 0.04296875
2 0.4765625 0.3078125 0.01953125 0.05078125
2 0.446875 0.1578125 0.01171875 0.02109375
2 0.44375 0.22109375 0.015625 0.0359375
2 0.43515625 0.2046875 0.0140625 0.0296875
2 0.425 0.17578125 0.0109375 0.025
2 0.415625 0.21875 0.01484375 0.034375
2 0.38046875 0.2015625 0.0109375 0.0296875
2 0.37421875 0.2234375 0.01484375 0.03828125
2 0.40390625 0.2921875 0.01796875 0.04921875
2 0.340625 0.22890625 0.0140625 0.034375
2 0.35078125 0.23515625 0.0140625 0.028125
2 0.3359375 0.27578125 0.015625 0.03984375
2 0.30625 0.23203125 0.01171875 0.025
2 0.2546875 0.275 0.01328125 0.025
2 0.2953125 0.26328125 0.015625 0.034375
2 0.31484375 0.26796875 0.015625 0.03828125
2 0.04609375 0.4 0.028125 0.06796875