2 0.42734375 0.2 0.01796875 0.0453125
2 0.46171875 0.20390625 0.02265625 0.0484375
2 0.61171875 0.109375 0.021875 0.03046875
2 0.65078125 0.1234375 0.0140625 0.03046875
2 0.7515625 0.14609375 0.01484375 0.0375
2 0.7703125 0.14765625 0.01796875 0.03359375
2 0.825 0.25859375 0.01796875 0.06171875
2 0.8921875 0.25234375 0.02578125 0.0453125
2 0.87109375 0.18671875 0.01640625 0.040625
2 0.89140625 0.21953125 0.01640625 0.0484375
2 0.94140625 0.18984375 0.01484375 0.03359375
2 0.91953125 0.25390625 0.01953125 0.0515625
2 0.62421875 0.14375 0.01640625 0.03203125