2 0.11875 0.59140625 0.03203125 0.0796875
2 0.08046875 0.54765625 0.028125 0.0703125
2 0.08046875 0.45078125 0.02265625 0.06015625
2 0.01875 0.3015625 0.01640625 0.03828125
2 0.03515625 0.27734375 0.015625 0.04140625
2 0.04296875 0.22578125 0.01328125 0.03125
2 0.121875 0.25703125 0.01640625 0.04140625
2 0.13046875 0.23828125 0.0125 0.034375
2 0.15546875 0.22421875 0.015625 0.04140625
2 0.1796875 0.22421875 0.0140625 0.04140625
2 0.18046875 0.28984375 0.0203125 0.04453125
2 0.1984375 0.465625 0.02265625 0.065625
2 0.23515625 0.38984375 0.0203125 0.0515625
2 0.2453125 0.33671875 0.0171875 0.05
2 0.20234375 0.16015625 0.01171875 0.03125
2 0.22578125 0.1671875 0.01484375 0.03828125
2 0.25078125 0.159375 0.01171875 0.0296875
2 0.2921875 0.23515625 0.01640625 0.03984375
2 0.3015625 0.196875 0.0140625 0.034375
2 0.30390625 0.16875 0.01328125 0.02734375
2 0.3234375 0.265625 0.01640625 0.04140625
2 0.35625 0.23671875 0.0171875 0.04296875
2 0.39140625 0.21796875 0.015625 0.0359375
2 0.36328125 0.1234375 0.01328125 0.0328125
2 0.41015625 0.125 0.01328125 0.0328125
2 0.425 0.109375 0.01171875 0.0296875
2 0.42109375 0.20625 0.01640625 0.03984375
2 0.471875 0.16640625 0.0140625 0.0328125
2 0.49375 0.14921875 0.0125 0.0328125
2 0.4875 0.1140625 0.01328125 0.03125
2 0.47578125 0.1953125 0.01328125 0.0328125
2 0.50546875 0.21171875 0.0125 0.03828125
2 0.5171875 0.13671875 0.01171875 0.02578125
2 0.52890625 0.1109375 0.0109375 0.02578125
2 0.5515625 0.19375 0.0140625 0.0296875
2 0.49609375 0.25625 0.015625 0.03984375
2 0.48125 0.31640625 0.0203125 0.05703125
2 0.56015625 0.3421875 0.02265625 0.05703125
2 0.58046875 0.23515625 0.01484375 0.04296875
2 0.58359375 0.175 0.01484375 0.0359375
2 0.5953125 0.13359375 0.0125 0.0328125
2 0.62734375 0.15 0.01328125 0.034375
2 0.60625 0.16484375 0.01171875 0.0296875
2 0.6359375 0.2796875 0.01640625 0.034375
2 0.65625 0.1828125 0.0125 0.03125
2 0.575 0.4984375 0.025 0.06875
2 0.69296875 0.3671875 0.01796875 0.0484375
2 0.71796875 0.30234375 0.02109375 0.03984375
2 0.709375 0.25546875 0.0140625 0.03828125
2 0.72109375 0.24296875 0.0109375 0.02734375
2 0.73359375 0.23828125 0.0109375 0.02734375
2 0.7265625 0.21796875 0.01171875 0.02265625
2 0.7796875 0.23515625 0.0140625 0.0359375
2 0.82265625 0.26484375 0.01328125 0.0328125
2 0.8640625 0.30859375 0.0140625 0.034375
2 0.9359375 0.39765625 0.01796875 0.046875
2 0.78515625 0.390625 0.02421875 0.053125