2 0.0953125 0.396875 0.12890625 0.1609375
2 0.19609375 0.3046875 0.0578125 0.0890625
2 0.23984375 0.32890625 0.03984375 0.08125
2 0.30546875 0.3625 0.08359375 0.1375
2 0.37734375 0.29609375 0.0453125 0.07109375
2 0.40546875 0.30234375 0.04765625 0.07890625
2 0.44296875 0.33125 0.034375 0.0609375
2 0.53359375 0.3265625 0.0890625 0.153125
2 0.66875 0.415625 0.09453125 0.17890625
2 0.690625 0.28984375 0.06875 0.11953125
2 0.75625 0.30078125 0.02890625 0.05625
2 0.834375 0.46796875 0.06171875 0.109375