1 0.56640625 0.7546875 0.0265625 0.03125
1 0.4859375 0.76171875 0.021875 0.021875
1 0.42109375 0.759375 0.0109375 0.015625
1 0.4375 0.74453125 0.0265625 0.03125
1 0.434375 0.77265625 0.0453125 0.0390625
1 0.3421875 0.765625 0.025 0.025
1 0.28984375 0.77421875 0.046875 0.04375
1 0.24296875 0.78515625 0.015625 0.01875
1 0.2296875 0.78671875 0.0171875 0.01875
1 0.196875 0.78046875 0.0328125 0.03125
1 0.1515625 0.7546875 0.025 0.025
1 0.109375 0.7296875 0.0390625 0.0421875
1 0.12265625 0.78671875 0.06875 0.075
1 0.05859375 0.815625 0.0203125 0.0234375
1 0.0359375 0.8046875 0.0125 0.009375
1 0.01953125 0.80390625 0.0265625 0.0265625
1 0.21015625 0.80390625 0.00625 0.0171875