2 0.0375 0.4890625 0.075 0.16875
2 0.12890625 0.4296875 0.078125 0.11796875
2 0.10234375 0.3875 0.06484375 0.08203125
2 0.21484375 0.371875 0.046875 0.06875
2 0.2703125 0.4265625 0.06328125 0.09765625
2 0.29765625 0.371875 0.0484375 0.05546875
2 0.33515625 0.3953125 0.05 0.07109375
2 0.40703125 0.37578125 0.03984375 0.0625
2 0.43203125 0.27109375 0.05 0.06640625
2 0.653125 0.37890625 0.03984375 0.0640625
2 0.66640625 0.49140625 0.096875 0.1421875
2 0.740625 0.73125 0.3015625 0.4625
2 0.68828125 0.4125 0.05 0.078125
2 0.7453125 0.3859375 0.03671875 0.06015625
2 0.77265625 0.4203125 0.0515625 0.07109375
2 0.7953125 0.2609375 0.05 0.0734375
2 0.8390625 0.4421875 0.05859375 0.09296875
2 0.94453125 0.47421875 0.06796875 0.1
2 0.93984375 0.234375 0.06015625 0.08671875