2 0.01796875 0.42890625 0.0234375 0.04375
2 0.2484375 0.353125 0.01796875 0.0359375
2 0.2796875 0.3609375 0.02109375 0.04609375
2 0.3015625 0.38046875 0.02109375 0.04765625
2 0.3 0.32421875 0.01875 0.0359375
2 0.359375 0.3796875 0.02421875 0.04609375
2 0.39375 0.3640625 0.01875 0.0375
2 0.38984375 0.3390625 0.01796875 0.03203125
2 0.37578125 0.30859375 0.01953125 0.03515625
2 0.42109375 0.35859375 0.0234375 0.0359375
2 0.40546875 0.27734375 0.01484375 0.03359375
2 0.421875 0.29375 0.0140625 0.0359375
2 0.4296875 0.31484375 0.0171875 0.03203125
2 0.44609375 0.27578125 0.01328125 0.03046875
2 0.453125 0.29453125 0.01796875 0.03203125
2 0.465625 0.32578125 0.0234375 0.0375
2 0.4734375 0.35859375 0.0265625 0.0421875
2 0.49375 0.31875 0.021875 0.0375
2 0.48046875 0.2609375 0.0140625 0.02578125
2 0.490625 0.2515625 0.01328125 0.02734375
2 0.5078125 0.2859375 0.01640625 0.03046875
2 0.53671875 0.2953125 0.01640625 0.03046875
2 0.5453125 0.33046875 0.0203125 0.0375
2 0.54296875 0.26484375 0.01484375 0.03359375
2 0.5609375 0.2703125 0.0171875 0.0390625
2 0.5859375 0.303125 0.01953125 0.0375
2 0.5890625 0.27421875 0.0171875 0.03203125
2 0.575 0.240625 0.01640625 0.02578125
2 0.59375 0.23828125 0.01328125 0.021875
2 0.5984375 0.25859375 0.01640625 0.03046875
2 0.6234375 0.26171875 0.0140625 0.03046875
2 0.63046875 0.24140625 0.0125 0.025
2 0.63828125 0.22109375 0.01640625 0.02734375
2 0.65078125 0.23359375 0.0140625 0.03203125
2 0.6640625 0.24296875 0.0140625 0.03359375
2 0.67109375 0.2625 0.01875 0.02578125
2 0.68671875 0.23359375 0.0140625 0.0234375
2 0.696875 0.24375 0.0125 0.03203125
2 0.71328125 0.2453125 0.0140625 0.02734375
2 0.7109375 0.28515625 0.01875 0.03359375
2 0.65859375 0.309375 0.02109375 0.0421875
2 0.61796875 0.3453125 0.02421875 0.04375
2 0.6328125 0.39296875 0.03046875 0.05234375
2 0.63828125 0.446875 0.03046875 0.06796875
2 0.69609375 0.46796875 0.03359375 0.0609375
2 0.690625 0.396875 0.02890625 0.0578125
2 0.675 0.35234375 0.021875 0.040625
2 0.721875 0.371875 0.0234375 0.05078125
2 0.70859375 0.33125 0.0203125 0.0390625
2 0.75078125 0.3109375 0.01875 0.0421875
2 0.7328125 0.26484375 0.0171875 0.03046875
2 0.77109375 0.2375 0.01328125 0.02890625
2 0.76796875 0.26484375 0.01640625 0.0359375
2 0.77734375 0.28125 0.01640625 0.0375
2 0.79296875 0.2953125 0.01640625 0.0390625
2 0.5234375 0.41171875 0.03125 0.0578125
2 0.56328125 0.38515625 0.021875 0.0453125
2 0.565625 0.4203125 0.028125 0.04609375
2 0.81171875 0.24375 0.01640625 0.02890625
2 0.83984375 0.26171875 0.0140625 0.03046875
2 0.87265625 0.26875 0.01484375 0.03046875
2 0.89140625 0.27578125 0.01328125 0.02734375
2 0.90625 0.27421875 0.01171875 0.03203125
2 0.8875 0.3 0.01328125 0.03203125
2 0.87890625 0.321875 0.01796875 0.0375
2 0.8484375 0.31796875 0.01875 0.0359375
2 0.84296875 0.375 0.02421875 0.04609375
2 0.90625 0.3328125 0.0171875 0.03359375
2 0.928125 0.30625 0.01640625 0.0359375
2 0.96796875 0.2953125 0.01640625 0.021875
2 0.96953125 0.31484375 0.01484375 0.02578125
2 0.95703125 0.334375 0.01796875 0.03359375
2 0.9609375 0.371875 0.01796875 0.0421875
2 0.95 0.41171875 0.02265625 0.04921875
2 0.9046875 0.38125 0.02265625 0.04375
2 0.8921875 0.4328125 0.02421875 0.0453125
2 0.94140625 0.48515625 0.02890625 0.0625
2 0.875 0.4546875 0.03359375 0.05390625
2 0.82578125 0.42109375 0.02890625 0.05390625
2 0.771875 0.41953125 0.0328125 0.05625
2 0.86640625 0.540625 0.034375 0.06640625
2 0.74296875 0.525 0.0375 0.084375