2 0.08671875 0.32890625 0.021875 0.0359375
2 0.11953125 0.33046875 0.01796875 0.0359375
2 0.1890625 0.43828125 0.0671875 0.1234375
2 0.27734375 0.4703125 0.059375 0.1234375
2 0.29765625 0.18828125 0.02421875 0.04921875
2 0.33125 0.16796875 0.01953125 0.034375
2 0.37734375 0.2421875 0.03125 0.05078125
2 0.384375 0.19921875 0.0171875 0.03203125
2 0.36953125 0.2078125 0.021875 0.040625
2 0.4359375 0.20546875 0.0265625 0.0578125
2 0.4828125 0.16953125 0.02421875 0.053125
2 0.5078125 0.2671875 0.02734375 0.065625
2 0.5359375 0.2234375 0.03125 0.0640625
2 0.5578125 0.11953125 0.01953125 0.0421875
2 0.5640625 0.08515625 0.01953125 0.034375
2 0.6015625 0.13046875 0.01796875 0.04453125
2 0.5953125 0.2328125 0.03125 0.065625
2 0.64453125 0.12890625 0.02421875 0.04921875
2 0.69375 0.1328125 0.021875 0.053125