2 0.07109375 0.3046875 0.02890625 0.05703125
2 0.32109375 0.22890625 0.0171875 0.03828125
2 0.35234375 0.1828125 0.0203125 0.03671875
2 0.35390625 0.20859375 0.01640625 0.034375
2 0.41484375 0.2015625 0.0171875 0.03828125
2 0.425 0.178125 0.01484375 0.0296875
2 0.41640625 0.16484375 0.01328125 0.03125
2 0.44765625 0.21328125 0.02109375 0.04140625
2 0.4734375 0.22890625 0.02109375 0.0484375
2 0.48046875 0.1796875 0.01640625 0.0328125
2 0.4640625 0.1625 0.015625 0.0328125
2 0.4484375 0.1609375 0.015625 0.02578125
2 0.44609375 0.1828125 0.0171875 0.0328125
2 0.47109375 0.13828125 0.01328125 0.02578125
2 0.4984375 0.15859375 0.01640625 0.0328125
2 0.50234375 0.14140625 0.01171875 0.02578125
2 0.50703125 0.12265625 0.0125 0.02578125
2 0.5171875 0.16640625 0.015625 0.034375
2 0.525 0.13046875 0.015625 0.03125
2 0.540625 0.13046875 0.0125 0.03125
2 0.54375 0.14296875 0.0125 0.02578125
2 0.5515625 0.16640625 0.0171875 0.034375
2 0.56015625 0.20078125 0.0171875 0.04375
2 0.5859375 0.1796875 0.0203125 0.03671875
2 0.59453125 0.153125 0.01875 0.03828125
2 0.58671875 0.11171875 0.01328125 0.0296875
2 0.6046875 0.134375 0.01484375 0.0328125
2 0.6265625 0.14921875 0.01484375 0.03125
2 0.61875 0.11015625 0.0109375 0.02578125
2 0.63125 0.11875 0.01328125 0.0296875
2 0.640625 0.13203125 0.009375 0.028125
2 0.64453125 0.1484375 0.01328125 0.02265625
2 0.64453125 0.1078125 0.009375 0.02109375
2 0.66640625 0.11796875 0.01171875 0.028125
2 0.6796875 0.1234375 0.0109375 0.02421875
2 0.690625 0.11875 0.0125 0.0296875
2 0.70546875 0.13125 0.01328125 0.0296875
2 0.5890625 0.2390625 0.0203125 0.046875
2 0.5265625 0.29453125 0.0265625 0.05703125
2 0.5921875 0.28984375 0.02890625 0.0625
2 0.625 0.29609375 0.0328125 0.075
2 0.63046875 0.21875 0.0234375 0.0453125
2 0.6328125 0.24765625 0.02421875 0.046875
2 0.66953125 0.21796875 0.025 0.046875
2 0.66171875 0.1859375 0.0203125 0.04140625
2 0.66484375 0.2765625 0.02421875 0.046875
2 0.675 0.3296875 0.03515625 0.06953125
2 0.73515625 0.33671875 0.0359375 0.065625
2 0.80546875 0.30703125 0.02890625 0.065625
2 0.834375 0.34453125 0.0328125 0.0640625
2 0.85625 0.30546875 0.02890625 0.059375
2 0.890625 0.39296875 0.028125 0.075
2 0.90703125 0.325 0.0234375 0.0625
2 0.859375 0.2390625 0.02265625 0.04375
2 0.884375 0.240625 0.0203125 0.05
2 0.9375 0.2890625 0.025 0.04375
2 0.93515625 0.24140625 0.01875 0.03828125
2 0.94296875 0.209375 0.01484375 0.03671875
2 0.940625 0.1765625 0.01328125 0.03671875
2 0.89375 0.2 0.015625 0.03828125
2 0.903125 0.16328125 0.015625 0.034375
2 0.8671875 0.18828125 0.01640625 0.0296875
2 0.85234375 0.20390625 0.01484375 0.02578125
2 0.83046875 0.18671875 0.02109375 0.04375
2 0.84453125 0.15859375 0.01875 0.03984375
2 0.8109375 0.20625 0.0203125 0.04140625
2 0.77265625 0.22734375 0.02734375 0.0453125
2 0.71875 0.22578125 0.0265625 0.0453125
2 0.7046875 0.20390625 0.01953125 0.04375
2 0.69921875 0.1796875 0.01640625 0.0328125
2 0.71875 0.17265625 0.01640625 0.02265625
2 0.7484375 0.134375 0.01328125 0.03671875
2 0.75625 0.1609375 0.01640625 0.03671875
2 0.7390625 0.1859375 0.0203125 0.04140625
2 0.778125 0.1890625 0.0203125 0.03828125
2 0.79765625 0.16875 0.01484375 0.034375
2 0.7828125 0.14296875 0.01328125 0.0328125
2 0.76328125 0.13515625 0.01328125 0.028125
2 0.809375 0.26640625 0.0265625 0.05