2 0.08203125 0.5625 0.04453125 0.12578125
2 0.19140625 0.29609375 0.0171875 0.04296875
2 0.221875 0.29609375 0.025 0.046875
2 0.2640625 0.24140625 0.01875 0.04140625
2 0.34453125 0.21015625 0.01328125 0.046875
2 0.36328125 0.2734375 0.0203125 0.05390625
2 0.35703125 0.2015625 0.01484375 0.0359375
2 0.3875 0.18984375 0.0171875 0.03828125
2 0.390625 0.24765625 0.01796875 0.03984375
2 0.434375 0.3109375 0.025 0.05546875
2 0.42734375 0.1984375 0.01328125 0.04140625
2 0.44140625 0.1703125 0.01796875 0.03984375
2 0.4671875 0.25234375 0.01953125 0.05546875
2 0.4921875 0.20625 0.0171875 0.05
2 0.51796875 0.16875 0.01640625 0.05
2 0.54609375 0.2265625 0.0171875 0.05546875
2 0.54921875 0.134375 0.0125 0.03125
2 0.55234375 0.165625 0.01640625 0.03828125
2 0.5765625 0.2015625 0.01875 0.03984375
2 0.5765625 0.17421875 0.0171875 0.04453125
2 0.5734375 0.1359375 0.01484375 0.04296875
2 0.59609375 0.12109375 0.0140625 0.04140625
2 0.61875 0.20546875 0.01484375 0.0484375
2 0.62734375 0.12890625 0.01328125 0.0359375
2 0.65546875 0.18125 0.01484375 0.04453125
2 0.68515625 0.16640625 0.01640625 0.0359375
2 0.57265625 0.34140625 0.0234375 0.06015625
2 0.609375 0.2859375 0.02578125 0.06015625
2 0.60390625 0.378125 0.0234375 0.07578125
2 0.65390625 0.434375 0.02890625 0.07109375
2 0.71953125 0.4125 0.0203125 0.06875
2 0.79453125 0.475 0.02734375 0.08671875
2 0.86484375 0.496875 0.0234375 0.084375
2 0.884375 0.41953125 0.01796875 0.065625
2 0.95390625 0.48515625 0.02109375 0.0625
2 0.6609375 0.25078125 0.02265625 0.0484375
2 0.7015625 0.215625 0.01640625 0.0515625
2 0.715625 0.271875 0.0203125 0.06015625
2 0.73984375 0.22890625 0.01796875 0.05
2 0.74921875 0.18984375 0.0171875 0.0484375
2 0.7484375 0.30625 0.01640625 0.05390625
2 0.76640625 0.18828125 0.01328125 0.04140625
2 0.78671875 0.21015625 0.01640625 0.046875
2 0.8078125 0.19765625 0.01640625 0.04296875
2 0.78828125 0.2640625 0.01796875 0.05546875
2 0.8109375 0.30390625 0.01796875 0.05859375
2 0.81796875 0.2296875 0.0171875 0.04140625
2 0.828125 0.21640625 0.0171875 0.04296875
2 0.865625 0.2359375 0.0109375 0.03984375
2 0.86640625 0.3625 0.0203125 0.05546875
2 0.903125 0.23515625 0.01328125 0.04140625
2 0.89609375 0.26484375 0.015625 0.0328125
2 0.88359375 0.29375 0.01640625 0.04140625
2 0.92421875 0.3515625 0.01640625 0.05
2 0.94921875 0.3875 0.0203125 0.0640625
2 0.97265625 0.37109375 0.0171875 0.04453125
2 0.92734375 0.2734375 0.0171875 0.04296875
2 0.94765625 0.246875 0.0125 0.03125
2 0.98046875 0.259375 0.01015625 0.034375
2 0.9734375 0.31171875 0.01484375 0.03984375
2 0.97109375 0.33828125 0.015625 0.04140625
2 0.86953125 0.325 0.01640625 0.0484375
2 0.6640625 0.13671875 0.0140625 0.03828125
2 0.65234375 0.1453125 0.0140625 0.0484375
2 0.68671875 0.13984375 0.0125 0.04140625
2 0.60390625 0.15703125 0.01328125 0.03828125
2 0.6078125 0.18203125 0.01484375 0.04296875
2 0.48984375 0.16171875 0.015625 0.04296875
2 0.3015625 0.246875 0.015625 0.04140625
2 0.31015625 0.23125 0.01484375 0.04140625