2 0.06328125 0.284375 0.025 0.0515625
2 0.27578125 0.2125 0.01796875 0.0375
2 0.303125 0.215625 0.01328125 0.02890625
2 0.31953125 0.21875 0.0140625 0.0359375
2 0.3515625 0.2203125 0.0203125 0.0390625
2 0.36484375 0.25703125 0.021875 0.04453125
2 0.34609375 0.17265625 0.015625 0.0328125
2 0.36640625 0.18515625 0.015625 0.03125
2 0.36640625 0.1640625 0.015625 0.02890625
2 0.38359375 0.19609375 0.0171875 0.0390625
2 0.40078125 0.2375 0.02265625 0.0359375
2 0.4234375 0.24921875 0.02109375 0.04296875
2 0.4109375 0.20234375 0.01796875 0.034375
2 0.39609375 0.16640625 0.0171875 0.03125
2 0.4234375 0.18203125 0.015625 0.0375
2 0.41640625 0.15234375 0.01640625 0.03125
2 0.446875 0.1828125 0.01640625 0.0359375
2 0.45859375 0.19921875 0.01796875 0.0375
2 0.44375 0.1515625 0.01328125 0.0328125
2 0.475 0.1453125 0.015625 0.0328125
2 0.46640625 0.13828125 0.015625 0.02890625
2 0.46953125 0.1875 0.0171875 0.0328125
2 0.51953125 0.16875 0.01796875 0.0390625
2 0.55234375 0.18359375 0.01640625 0.0375
2 0.5578125 0.159375 0.01640625 0.03125
2 0.49296875 0.14921875 0.0140625 0.034375
2 0.509375 0.13046875 0.01328125 0.03125
2 0.5234375 0.12265625 0.0125 0.02890625
2 0.54453125 0.14140625 0.0140625 0.02890625
2 0.53046875 0.16015625 0.0140625 0.02890625
2 0.55234375 0.11953125 0.015625 0.02890625
2 0.5796875 0.1671875 0.01875 0.0390625
2 0.590625 0.16015625 0.01328125 0.02890625
2 0.59140625 0.10703125 0.01015625 0.02265625
2 0.59921875 0.1328125 0.0125 0.02578125
2 0.61640625 0.13125 0.01640625 0.0359375
2 0.6265625 0.1078125 0.01015625 0.0203125
2 0.64140625 0.11171875 0.01328125 0.034375
2 0.640625 0.1453125 0.0171875 0.0328125
2 0.64765625 0.175 0.0203125 0.0375
2 0.665625 0.1078125 0.01171875 0.02734375
2 0.67421875 0.11953125 0.01328125 0.02890625
2 0.69765625 0.11796875 0.01328125 0.034375
2 0.72265625 0.1421875 0.01875 0.034375
2 0.740625 0.13984375 0.0125 0.0328125
2 0.73125 0.18359375 0.01875 0.0375
2 0.69765625 0.16953125 0.0140625 0.034375
2 0.678125 0.215625 0.01875 0.04296875
2 0.60546875 0.2078125 0.01796875 0.04453125
2 0.58671875 0.22265625 0.021875 0.04765625
2 0.628125 0.24765625 0.02109375 0.05625
2 0.69765625 0.25546875 0.02421875 0.0546875
2 0.7125 0.23828125 0.01875 0.04140625
2 0.703125 0.321875 0.03125 0.0734375
2 0.759375 0.35703125 0.03046875 0.06484375
2 0.78671875 0.278125 0.0265625 0.06171875
2 0.75 0.25703125 0.02421875 0.04765625
2 0.7921875 0.203125 0.01796875 0.0359375
2 0.8296875 0.25390625 0.02265625 0.0515625
2 0.76640625 0.13359375 0.00859375 0.02421875
2 0.771875 0.146875 0.0125 0.02890625
2 0.7875 0.1640625 0.0140625 0.02890625
2 0.7984375 0.128125 0.01171875 0.02890625
2 0.81328125 0.13671875 0.01015625 0.02578125
2 0.8140625 0.1921875 0.01640625 0.034375
2 0.821875 0.16328125 0.0125 0.03125
2 0.8359375 0.1609375 0.01328125 0.0375
2 0.8515625 0.14375 0.01171875 0.03125
2 0.86171875 0.1671875 0.01796875 0.0390625
2 0.83828125 0.21875 0.02421875 0.0390625
2 0.8515625 0.22890625 0.0171875 0.0359375
2 0.88671875 0.22578125 0.01796875 0.04296875
2 0.921875 0.26953125 0.0203125 0.04765625
2 0.928125 0.22734375 0.0140625 0.0390625
2 0.896875 0.1921875 0.0125 0.034375
2 0.8921875 0.159375 0.0140625 0.03125
2 0.93203125 0.17734375 0.01015625 0.02578125
2 0.93203125 0.2046875 0.0140625 0.0328125
2 0.91953125 0.359375 0.02734375 0.0703125