2 0.10390625 0.41953125 0.0421875 0.0859375
2 0.29765625 0.21484375 0.01484375 0.03671875
2 0.3109375 0.23125 0.01875 0.03515625
2 0.32421875 0.24453125 0.01875 0.0421875
2 0.35234375 0.24453125 0.0234375 0.0421875
2 0.32890625 0.18671875 0.0171875 0.03671875
2 0.33515625 0.20390625 0.01875 0.03203125
2 0.3578125 0.18984375 0.01875 0.040625
2 0.39609375 0.1984375 0.01640625 0.03359375
2 0.384375 0.24765625 0.01875 0.0453125
2 0.4125 0.2453125 0.02421875 0.05078125
2 0.41953125 0.20859375 0.01875 0.04375
2 0.440625 0.22578125 0.0234375 0.0421875
2 0.384375 0.203125 0.0140625 0.040625
2 0.48515625 0.221875 0.01796875 0.03671875
2 0.42890625 0.16484375 0.01484375 0.03359375
2 0.4328125 0.1421875 0.01875 0.03515625
2 0.44609375 0.16875 0.01484375 0.03203125
2 0.459375 0.15703125 0.01328125 0.03203125
2 0.4703125 0.1421875 0.01484375 0.03515625
2 0.49453125 0.178125 0.01640625 0.03359375
2 0.52265625 0.1828125 0.01640625 0.03359375
2 0.49375 0.15078125 0.01328125 0.02890625
2 0.5078125 0.14453125 0.01328125 0.0265625
2 0.5046875 0.115625 0.0140625 0.0234375
2 0.5265625 0.12734375 0.01328125 0.0265625
2 0.54453125 0.125 0.0140625 0.02890625
2 0.553125 0.1828125 0.0140625 0.03671875
2 0.5453125 0.165625 0.0125 0.025
2 0.56328125 0.15234375 0.01328125 0.03203125
2 0.54921875 0.1453125 0.0125 0.021875
2 0.575 0.12578125 0.01328125 0.03046875
2 0.58046875 0.11328125 0.0109375 0.025
2 0.58515625 0.16796875 0.01875 0.03359375
2 0.6171875 0.1546875 0.01640625 0.03046875
2 0.59609375 0.1328125 0.01796875 0.03046875
2 0.60703125 0.1125 0.0109375 0.0234375
2 0.62265625 0.1234375 0.01484375 0.03203125
2 0.6609375 0.121875 0.01484375 0.025
2 0.659375 0.1015625 0.01328125 0.02890625
2 0.68515625 0.12421875 0.01484375 0.03046875
2 0.69296875 0.10859375 0.0140625 0.025
2 0.71328125 0.109375 0.01484375 0.03359375
2 0.6921875 0.1546875 0.01875 0.03671875
2 0.72109375 0.15703125 0.0171875 0.03828125
2 0.70859375 0.1828125 0.01875 0.040625
2 0.7140625 0.215625 0.01953125 0.0453125
2 0.6859375 0.23359375 0.02265625 0.046875
2 0.675 0.1953125 0.01875 0.04375
2 0.6265625 0.2328125 0.02265625 0.0484375
2 0.61875 0.19921875 0.01796875 0.03515625
2 0.571875 0.2375 0.02734375 0.05234375
2 0.503125 0.278125 0.03125 0.05859375
2 0.55234375 0.29609375 0.03359375 0.0703125
2 0.6015625 0.33046875 0.02578125 0.07265625
2 0.66796875 0.3375 0.0359375 0.07421875
2 0.7265625 0.2953125 0.02421875 0.05859375
2 0.7640625 0.24296875 0.0234375 0.0484375
2 0.75390625 0.1890625 0.01875 0.0421875
2 0.7546875 0.15234375 0.0140625 0.025
2 0.746875 0.13046875 0.0140625 0.03203125
2 0.77265625 0.1359375 0.01328125 0.03359375
2 0.7890625 0.15390625 0.0171875 0.03515625
2 0.80625 0.15390625 0.01640625 0.03828125
2 0.7921875 0.234375 0.021875 0.05234375
2 0.81953125 0.24140625 0.01953125 0.05234375
2 0.78671875 0.29609375 0.0234375 0.05703125
2 0.74375 0.384375 0.03125 0.07890625
2 0.80625 0.4234375 0.03828125 0.07421875
2 0.84140625 0.31796875 0.03046875 0.0640625
2 0.8703125 0.25390625 0.01953125 0.046875
2 0.88671875 0.225 0.01640625 0.046875
2 0.8875 0.4296875 0.0328125 0.08203125
2 0.9078125 0.33984375 0.02734375 0.0703125
2 0.9171875 0.278125 0.02265625 0.05546875
2 0.93046875 0.225 0.01796875 0.05390625