2 0.19296875 0.33515625 0.1421875 0.17734375
2 0.26796875 0.52578125 0.03203125 0.05390625
2 0.36328125 0.48203125 0.02578125 0.05078125
2 0.40390625 0.49375 0.028125 0.0453125
2 0.38203125 0.60078125 0.0359375 0.071875
2 0.43984375 0.61875 0.04765625 0.08984375
2 0.45234375 0.47890625 0.0203125 0.0328125
2 0.47890625 0.4671875 0.021875 0.0453125
2 0.51484375 0.45625 0.021875 0.0359375
2 0.559375 0.45078125 0.021875 0.0359375
2 0.53125 0.509375 0.034375 0.06328125
2 0.57578125 0.56015625 0.0359375 0.06328125
2 0.56875 0.690625 0.0859375 0.15
2 0.8171875 0.90859375 0.13828125 0.17734375
2 0.69609375 0.59296875 0.04765625 0.08125
2 0.6140625 0.51328125 0.02421875 0.0359375
2 0.68671875 0.465625 0.02578125 0.0484375
2 0.69921875 0.4953125 0.02578125 0.0421875
2 0.73984375 0.47421875 0.03203125 0.0484375
2 0.7859375 0.51171875 0.04375 0.06328125
2 0.8359375 0.48515625 0.0359375 0.05078125
2 0.9078125 0.52265625 0.04765625 0.078125
2 0.92265625 0.61875 0.07421875 0.12578125
2 0.93671875 0.48203125 0.03828125 0.06328125