2 0.05390625 0.65546875 0.06171875 0.0765625
2 0.02109375 0.5453125 0.028125 0.0390625
2 0.184375 0.7609375 0.0703125 0.0921875
2 0.125 0.63125 0.0484375 0.0546875
2 0.225 0.61953125 0.040625 0.05703125
2 0.22265625 0.6703125 0.05078125 0.06015625
2 0.25625 0.66484375 0.0484375 0.06875
2 0.35390625 0.74375 0.06953125 0.09609375
2 0.36484375 0.69140625 0.06171875 0.0625
2 0.36015625 0.64921875 0.05 0.05859375
2 0.50859375 0.69375 0.0546875 0.08828125
2 0.4734375 0.6140625 0.0359375 0.053125
2 0.51953125 0.6375 0.0375 0.05625
2 0.54765625 0.62109375 0.03203125 0.04921875
2 0.59453125 0.646875 0.0453125 0.06015625
2 0.5890625 0.76953125 0.06953125 0.09609375
2 0.6390625 0.77578125 0.053125 0.08359375
2 0.61875 0.91328125 0.121875 0.1546875
2 0.86796875 0.89375 0.1140625 0.1421875
2 0.65546875 0.6703125 0.0546875 0.0765625
2 0.94453125 0.48984375 0.01953125 0.0390625