2 0.02890625 0.40546875 0.02578125 0.0515625
2 0.2140625 0.346875 0.01875 0.0375
2 0.25 0.340625 0.01875 0.0421875
2 0.28046875 0.36328125 0.021875 0.04375
2 0.28359375 0.29765625 0.01875 0.03515625
2 0.321875 0.35546875 0.02109375 0.05078125
2 0.34765625 0.32109375 0.01796875 0.03515625
2 0.34609375 0.2890625 0.01484375 0.03515625
2 0.37578125 0.32421875 0.01796875 0.03515625
2 0.3921875 0.33203125 0.01796875 0.03671875
2 0.39765625 0.29296875 0.0171875 0.028125
2 0.3796875 0.25 0.01484375 0.03203125
2 0.40390625 0.2609375 0.01328125 0.0265625
2 0.41796875 0.2484375 0.0125 0.03515625
2 0.42578125 0.26875 0.01328125 0.028125
2 0.4234375 0.29609375 0.015625 0.03515625
2 0.45625 0.2984375 0.01640625 0.03359375
2 0.4515625 0.23515625 0.01328125 0.028125
2 0.48046875 0.26484375 0.0171875 0.03359375
2 0.4921875 0.31328125 0.01875 0.03515625
2 0.50390625 0.29453125 0.01875 0.0296875
2 0.43984375 0.246875 0.0125 0.028125
2 0.4921875 0.25078125 0.0109375 0.028125
2 0.50234375 0.23828125 0.01171875 0.025
2 0.5140625 0.26015625 0.01640625 0.03046875
2 0.55390625 0.28046875 0.0171875 0.03515625
2 0.5390625 0.21796875 0.0171875 0.03203125
2 0.55234375 0.2296875 0.0125 0.028125
2 0.55703125 0.2 0.0125 0.028125
2 0.55234375 0.2578125 0.0171875 0.028125
2 0.57890625 0.2359375 0.01640625 0.03203125
2 0.58671875 0.21953125 0.01484375 0.03359375
2 0.5921875 0.20078125 0.01328125 0.0234375
2 0.60859375 0.20703125 0.01328125 0.028125
2 0.60546875 0.23046875 0.01328125 0.0265625
2 0.6125 0.253125 0.01484375 0.0234375
2 0.6375 0.215625 0.0125 0.02265625
2 0.64921875 0.22734375 0.01171875 0.03203125
2 0.66171875 0.22265625 0.0109375 0.025
2 0.67890625 0.24453125 0.01796875 0.0375
2 0.64296875 0.2671875 0.015625 0.03515625
2 0.6140625 0.2875 0.01796875 0.03515625
2 0.57890625 0.31875 0.02109375 0.04375
2 0.515625 0.3546875 0.02578125 0.04921875
2 0.52265625 0.4015625 0.028125 0.0578125
2 0.440625 0.40859375 0.0296875 0.06171875
2 0.428125 0.353125 0.02109375 0.04453125
2 0.58984375 0.41875 0.02890625 0.06171875
2 0.57890625 0.37265625 0.02578125 0.04765625
2 0.62734375 0.33125 0.021875 0.04609375
2 0.6609375 0.32265625 0.01796875 0.040625
2 0.6625 0.35625 0.0234375 0.04921875
2 0.63671875 0.38828125 0.02734375 0.06171875
2 0.6421875 0.4546875 0.03125 0.06875
2 0.68984375 0.503125 0.0375 0.07578125
2 0.7078125 0.39296875 0.028125 0.04609375
2 0.6984375 0.28046875 0.0140625 0.03671875
2 0.70546875 0.271875 0.01796875 0.03359375
2 0.71875 0.240625 0.01171875 0.025
2 0.7203125 0.21640625 0.0125 0.03203125
2 0.7359375 0.278125 0.01484375 0.0375
2 0.746875 0.2609375 0.01640625 0.03515625
2 0.75078125 0.23828125 0.01328125 0.028125
2 0.778125 0.2421875 0.01484375 0.03359375
2 0.78125 0.29296875 0.01328125 0.03671875
2 0.7875 0.27421875 0.01484375 0.03046875
2 0.80703125 0.25234375 0.01328125 0.03671875
2 0.796875 0.328125 0.01640625 0.04609375
2 0.78125 0.35546875 0.02265625 0.05078125
2 0.7625 0.434375 0.0265625 0.053125
2 0.78203125 0.540625 0.0390625 0.08671875
2 0.81328125 0.42578125 0.02890625 0.05859375
2 0.87265625 0.4453125 0.02890625 0.06171875
2 0.88046875 0.3984375 0.02109375 0.0578125
2 0.88203125 0.34609375 0.01875 0.0390625
2 0.88671875 0.31796875 0.01875 0.0390625
2 0.89609375 0.30625 0.01328125 0.03203125
2 0.89609375 0.27890625 0.01484375 0.03359375
2 0.8625 0.28046875 0.01796875 0.0390625
2 0.83828125 0.33671875 0.02265625 0.040625
2 0.82578125 0.36796875 0.0203125 0.04765625
2 0.82734375 0.28046875 0.0203125 0.03671875
2 0.82578125 0.2484375 0.01484375 0.0234375
2 0.83984375 0.246875 0.0140625 0.028125