2 0.23046875 0.29765625 0.03046875 0.05859375
2 0.2453125 0.24375 0.0234375 0.053125
2 0.26171875 0.2171875 0.028125 0.0546875
2 0.30546875 0.19921875 0.021875 0.04375
2 0.328125 0.178125 0.01328125 0.034375
2 0.30546875 0.2234375 0.03203125 0.0453125
2 0.3140625 0.2625 0.03203125 0.06171875
2 0.34140625 0.26640625 0.03203125 0.0765625
2 0.43984375 0.2609375 0.03359375 0.0546875
2 0.44140625 0.2046875 0.03046875 0.06953125
2 0.47109375 0.14765625 0.02734375 0.06171875
2 0.478125 0.203125 0.02734375 0.05625
2 0.503125 0.228125 0.02734375 0.065625
2 0.65078125 0.14765625 0.02421875 0.04765625