2 0.0484375 0.3640625 0.0265625 0.04609375
2 0.25390625 0.26640625 0.0171875 0.03671875
2 0.27265625 0.27421875 0.01875 0.04453125
2 0.303125 0.25234375 0.021875 0.0515625
2 0.32890625 0.2125 0.01328125 0.028125
2 0.33671875 0.21953125 0.01796875 0.03515625
2 0.3328125 0.259375 0.02265625 0.04453125
2 0.3578125 0.23046875 0.01796875 0.03671875
2 0.36875 0.19765625 0.01875 0.03515625
2 0.39296875 0.21875 0.01796875 0.03984375
2 0.37421875 0.26484375 0.02109375 0.05
2 0.43046875 0.26015625 0.02734375 0.053125
2 0.4140625 0.19453125 0.01796875 0.03515625
2 0.3984375 0.18046875 0.01328125 0.03671875
2 0.45234375 0.1921875 0.01484375 0.0328125
2 0.47265625 0.240625 0.02265625 0.03828125
2 0.484375 0.20234375 0.01484375 0.0328125
2 0.465625 0.1625 0.01640625 0.03671875
2 0.4484375 0.16171875 0.0140625 0.025
2 0.4890625 0.16015625 0.01484375 0.028125
2 0.51171875 0.18359375 0.01640625 0.0265625
2 0.5234375 0.209375 0.02109375 0.04453125
2 0.5125 0.15859375 0.0140625 0.0296875
2 0.48515625 0.1421875 0.01484375 0.0328125
2 0.55390625 0.16015625 0.01953125 0.03828125
2 0.56640625 0.146875 0.0140625 0.028125
2 0.56953125 0.1203125 0.0125 0.025
2 0.5875 0.165625 0.01640625 0.03671875
2 0.61171875 0.12890625 0.01640625 0.0296875
2 0.62265625 0.140625 0.01640625 0.0296875
2 0.64453125 0.11875 0.01484375 0.028125
2 0.63828125 0.14296875 0.0140625 0.025
2 0.67734375 0.11640625 0.01640625 0.03125
2 0.509375 0.29453125 0.0296875 0.05625
2 0.5671875 0.2921875 0.03125 0.04765625
2 0.56171875 0.24375 0.0296875 0.05
2 0.62109375 0.3015625 0.0296875 0.053125
2 0.63515625 0.24609375 0.0234375 0.0546875
2 0.6125 0.21484375 0.0234375 0.04609375
2 0.65859375 0.2171875 0.0234375 0.04609375
2 0.66171875 0.17734375 0.01796875 0.04296875
2 0.69375 0.18515625 0.02265625 0.04296875
2 0.70078125 0.15 0.01640625 0.03515625
2 0.715625 0.146875 0.0171875 0.03515625
2 0.73203125 0.15703125 0.01875 0.03671875
2 0.74296875 0.11640625 0.01640625 0.03515625
2 0.76328125 0.1640625 0.01875 0.03671875
2 0.7734375 0.13671875 0.01484375 0.03515625
2 0.79140625 0.15078125 0.0171875 0.03984375
2 0.8125 0.1609375 0.0171875 0.03984375
2 0.82265625 0.15 0.01328125 0.03125
2 0.7734375 0.203125 0.02265625 0.04140625
2 0.76640625 0.22265625 0.021875 0.04765625
2 0.7375 0.1953125 0.02109375 0.03671875
2 0.7078125 0.22265625 0.02265625 0.04765625
2 0.6734375 0.24921875 0.0234375 0.0515625
2 0.72421875 0.28515625 0.025 0.053125
2 0.7625 0.325 0.0296875 0.0546875
2 0.853125 0.32578125 0.025 0.059375
2 0.86015625 0.27265625 0.021875 0.04765625
2 0.92265625 0.26953125 0.01953125 0.05625
2 0.9296875 0.23515625 0.02109375 0.04609375
2 0.890625 0.203125 0.01875 0.04140625
2 0.89296875 0.1671875 0.01484375 0.0328125
2 0.90078125 0.15625 0.01640625 0.03515625
2 0.86328125 0.15859375 0.01796875 0.03671875
2 0.85234375 0.19609375 0.01796875 0.04140625
2 0.834375 0.23671875 0.01875 0.03984375