1 0.91328125 0.41796875 0.04296875 0.0671875
2 0.52421875 0.4265625 0.0578125 0.07421875
2 0.1046875 0.4703125 0.06953125 0.06484375
2 0.25390625 0.4484375 0.05546875 0.06953125
2 0.39765625 0.4328125 0.06015625 0.071875
2 0.60078125 0.446875 0.0484375 0.0625
2 0.67578125 0.421875 0.0484375 0.06484375
2 0.65 0.47109375 0.05078125 0.0578125
2 0.44453125 0.446875 0.03359375 0.053125
2 0.32421875 0.45546875 0.03828125 0.040625
2 0.1609375 0.4625 0.03828125 0.0453125
1 0.978125 0.4359375 0.03359375 0.06953125
1 0.94375 0.4421875 0.03125 0.053125
2 0.728125 0.44375 0.02421875 0.040625