2 0.0640625 0.55390625 0.04453125 0.10078125
2 0.2203125 0.3484375 0.01796875 0.03046875
2 0.25078125 0.36640625 0.02109375 0.03515625
2 0.2875 0.3078125 0.01796875 0.03203125
2 0.2859375 0.37109375 0.01953125 0.03359375
2 0.3359375 0.36875 0.02265625 0.04296875
2 0.3515625 0.33203125 0.0171875 0.03359375
2 0.3578125 0.296875 0.01875 0.03046875
2 0.38984375 0.3234375 0.02109375 0.03046875
2 0.41171875 0.34765625 0.02421875 0.04609375
2 0.40859375 0.29921875 0.01640625 0.0265625
2 0.40703125 0.27734375 0.015625 0.02265625
2 0.39296875 0.27421875 0.0203125 0.03515625
2 0.42265625 0.25390625 0.01640625 0.025
2 0.434375 0.275 0.01640625 0.028125
2 0.45234375 0.25078125 0.0109375 0.025
2 0.46953125 0.2375 0.0140625 0.01796875
2 0.4734375 0.26875 0.01484375 0.0265625
2 0.50078125 0.2671875 0.0140625 0.03203125
2 0.509375 0.2515625 0.0109375 0.02890625
2 0.5203125 0.24140625 0.01640625 0.01953125
2 0.52265625 0.26875 0.0171875 0.03515625
2 0.54609375 0.25 0.01640625 0.0359375
2 0.5546875 0.22578125 0.0171875 0.028125
2 0.57421875 0.22421875 0.0140625 0.025
2 0.5765625 0.25546875 0.01875 0.03359375
2 0.58828125 0.23828125 0.01484375 0.028125
2 0.5984375 0.228125 0.01640625 0.0265625
2 0.60859375 0.2078125 0.0125 0.025
2 0.62421875 0.215625 0.0140625 0.01796875
2 0.6515625 0.21796875 0.01328125 0.02109375
2 0.6703125 0.23046875 0.009375 0.025
2 0.6359375 0.2421875 0.0109375 0.01796875
2 0.59765625 0.25703125 0.01328125 0.02109375
2 0.55078125 0.28359375 0.01640625 0.0265625
2 0.50859375 0.3203125 0.0171875 0.03515625
2 0.45 0.34453125 0.0171875 0.0359375
2 0.7359375 0.24375 0.01328125 0.02109375
2 0.72890625 0.26484375 0.0140625 0.028125
2 0.71796875 0.28125 0.01484375 0.03515625
2 0.70390625 0.26328125 0.01328125 0.02890625
2 0.6734375 0.26796875 0.01328125 0.025
2 0.63125 0.29609375 0.01640625 0.0265625
2 0.596875 0.325 0.0171875 0.03046875
2 0.559375 0.3484375 0.02265625 0.04453125
2 0.5375 0.40390625 0.02265625 0.04609375
2 0.465625 0.4140625 0.02578125 0.04765625
2 0.575 0.4328125 0.0296875 0.0515625
2 0.58671875 0.41875 0.02109375 0.0359375
2 0.65234375 0.3296875 0.01640625 0.03515625
2 0.66171875 0.3671875 0.02265625 0.04609375
2 0.6875 0.35390625 0.0203125 0.0375
2 0.77421875 0.23671875 0.015625 0.03046875
2 0.76796875 0.26875 0.01484375 0.0234375
2 0.7453125 0.2953125 0.01484375 0.0265625
2 0.83203125 0.26171875 0.0140625 0.0234375
2 0.821875 0.27265625 0.0140625 0.0265625
2 0.8640625 0.25703125 0.01328125 0.0265625
2 0.85625 0.27421875 0.015625 0.0234375
2 0.88671875 0.28515625 0.0125 0.03515625
2 0.93203125 0.26953125 0.015625 0.028125
2 0.925 0.3125 0.0125 0.025
2 0.91796875 0.33359375 0.0140625 0.03359375
2 0.88671875 0.32578125 0.0171875 0.03203125
2 0.83828125 0.32109375 0.01484375 0.0390625
2 0.81796875 0.334375 0.0203125 0.04296875
2 0.79296875 0.30859375 0.01640625 0.028125
2 0.7421875 0.40546875 0.02421875 0.0359375
2 0.7859375 0.4125 0.01875 0.04296875
2 0.80078125 0.3828125 0.0171875 0.0375
2 0.85546875 0.3734375 0.01875 0.04609375
2 0.86640625 0.36015625 0.01796875 0.040625
2 0.9328125 0.37265625 0.01953125 0.04453125
2 0.91328125 0.39609375 0.0203125 0.0390625
2 0.9015625 0.4625 0.0265625 0.0546875
2 0.83828125 0.4359375 0.0234375 0.05703125
2 0.79765625 0.53671875 0.0265625 0.06953125
2 0.70390625 0.490625 0.0328125 0.0671875
2 0.63671875 0.4578125 0.0359375 0.0640625