2 0.03125 0.41953125 0.02421875 0.05546875
2 0.23203125 0.34140625 0.01953125 0.04140625
2 0.25703125 0.35546875 0.0234375 0.0515625
2 0.28515625 0.375 0.0203125 0.0484375
2 0.28125 0.31484375 0.01953125 0.03671875
2 0.3328125 0.365625 0.02890625 0.06328125
2 0.3734375 0.35625 0.01953125 0.03515625
2 0.365625 0.3296875 0.0171875 0.03203125
2 0.35078125 0.296875 0.01875 0.03984375
2 0.4 0.35078125 0.0234375 0.05
2 0.44609375 0.3484375 0.025 0.0453125
2 0.38125 0.265625 0.0140625 0.04140625
2 0.39453125 0.28125 0.01484375 0.03515625
2 0.403125 0.30390625 0.015625 0.03828125
2 0.4203125 0.28828125 0.01484375 0.03046875
2 0.43203125 0.31484375 0.01796875 0.03671875
2 0.46015625 0.3109375 0.01640625 0.03828125
2 0.41796875 0.26640625 0.0140625 0.03046875
2 0.44921875 0.24921875 0.01171875 0.03515625
2 0.46015625 0.2390625 0.01171875 0.0296875
2 0.4625 0.265625 0.015625 0.03203125
2 0.48984375 0.26953125 0.01640625 0.03515625
2 0.503125 0.2875 0.01796875 0.03828125
2 0.51015625 0.32265625 0.0171875 0.04140625
2 0.54921875 0.29375 0.02265625 0.0421875
2 0.52421875 0.26015625 0.015625 0.03671875
2 0.50625 0.24765625 0.015625 0.03515625
2 0.53984375 0.23203125 0.015625 0.0296875
2 0.55859375 0.24609375 0.015625 0.03203125
2 0.5578125 0.2265625 0.01328125 0.028125
2 0.590625 0.253125 0.015625 0.03984375
2 0.59140625 0.22578125 0.0140625 0.03203125
2 0.62734375 0.25390625 0.015625 0.03515625
2 0.59921875 0.21171875 0.0125 0.03359375
2 0.61015625 0.2203125 0.0125 0.0296875
2 0.62265625 0.22890625 0.01171875 0.0296875
2 0.64140625 0.21953125 0.0125 0.025
2 0.63828125 0.23671875 0.01015625 0.025
2 0.65390625 0.23203125 0.0125 0.0296875
2 0.66875 0.2328125 0.0140625 0.03203125
2 0.48984375 0.403125 0.0328125 0.0703125
2 0.53203125 0.41484375 0.028125 0.06171875
2 0.52890625 0.375 0.02421875 0.0484375
2 0.5828125 0.33515625 0.02421875 0.0484375
2 0.61875 0.31171875 0.01875 0.0421875
2 0.63359375 0.3390625 0.01875 0.046875
2 0.59765625 0.3828125 0.02578125 0.053125
2 0.59609375 0.440625 0.03671875 0.071875
2 0.6515625 0.4625 0.034375 0.06875
2 0.64296875 0.37265625 0.0265625 0.06171875
2 0.675 0.3578125 0.0234375 0.05859375
2 0.65625 0.2796875 0.01640625 0.03828125
2 0.6859375 0.25625 0.0171875 0.03515625
2 0.7140625 0.25390625 0.01328125 0.03203125
2 0.7046875 0.2984375 0.01875 0.03984375
2 0.728125 0.27578125 0.0125 0.03828125
2 0.72421875 0.22734375 0.01328125 0.0296875
2 0.746875 0.2859375 0.01640625 0.03515625
2 0.76171875 0.23359375 0.0140625 0.03359375
2 0.7890625 0.2484375 0.01484375 0.03984375
2 0.74375 0.25625 0.01171875 0.0234375
2 0.75390625 0.265625 0.0125 0.03515625
2 0.721875 0.4109375 0.0265625 0.05859375
2 0.69921875 0.51796875 0.03828125 0.08671875
2 0.8125 0.546875 0.0359375 0.0765625
2 0.76953125 0.415625 0.02890625 0.05703125
2 0.790625 0.375 0.0265625 0.05703125
2 0.82421875 0.45546875 0.0328125 0.065625
2 0.8875 0.471875 0.03515625 0.0734375
2 0.8890625 0.40546875 0.0234375 0.06328125
2 0.85390625 0.36484375 0.025 0.053125
2 0.8328125 0.415625 0.025 0.05390625
2 0.79140625 0.309375 0.0171875 0.03828125
2 0.821875 0.315625 0.01640625 0.04140625
2 0.83203125 0.29140625 0.015625 0.03359375
2 0.81953125 0.26484375 0.01328125 0.03671875
2 0.83671875 0.26875 0.0125 0.028125
2 0.84921875 0.2515625 0.0125 0.03359375
2 0.86953125 0.29375 0.015625 0.03984375
2 0.85 0.32109375 0.0171875 0.04140625
2 0.9015625 0.3625 0.01640625 0.04140625
2 0.9 0.32890625 0.0140625 0.03359375
2 0.91015625 0.2890625 0.0125 0.0265625
2 0.9078125 0.3203125 0.01171875 0.03359375