2 0.0328125 0.39765625 0.02734375 0.07265625
2 0.265625 0.2625 0.01484375 0.0328125
2 0.2890625 0.26875 0.0203125 0.0359375
2 0.3125 0.28515625 0.01953125 0.03984375
2 0.325 0.25 0.01796875 0.04140625
2 0.31484375 0.23359375 0.0140625 0.03125
2 0.35078125 0.275 0.021875 0.04453125
2 0.353125 0.2296875 0.015625 0.0328125
2 0.409375 0.290625 0.02265625 0.04921875
2 0.4203125 0.22578125 0.01875 0.03984375
2 0.37890625 0.2265625 0.01796875 0.03125
2 0.3796875 0.2125 0.0140625 0.0265625
2 0.3890625 0.19765625 0.0140625 0.0296875
2 0.46875 0.2328125 0.01953125 0.03984375
2 0.45390625 0.22109375 0.0171875 0.0359375
2 0.4328125 0.18203125 0.015625 0.028125
2 0.43984375 0.203125 0.01796875 0.0328125
2 0.4578125 0.175 0.01484375 0.0296875
2 0.465625 0.2015625 0.015625 0.0328125
2 0.5046875 0.20078125 0.0171875 0.034375
2 0.4828125 0.1703125 0.0140625 0.0296875
2 0.47578125 0.153125 0.01328125 0.0234375
2 0.490625 0.134375 0.0109375 0.025
2 0.5109375 0.165625 0.0140625 0.028125
2 0.540625 0.1671875 0.0140625 0.028125
2 0.5484375 0.2 0.01875 0.0359375
2 0.56796875 0.1703125 0.01796875 0.0359375
2 0.5328125 0.1390625 0.0140625 0.028125
2 0.5578125 0.15234375 0.0140625 0.03125
2 0.565625 0.13671875 0.01328125 0.0234375
2 0.571875 0.115625 0.01015625 0.0234375
2 0.590625 0.15546875 0.01328125 0.0265625
2 0.61484375 0.1578125 0.015625 0.03125
2 0.5875 0.1359375 0.0109375 0.025
2 0.59296875 0.10859375 0.01015625 0.0234375
2 0.61484375 0.140625 0.0125 0.0234375
2 0.61328125 0.1203125 0.01328125 0.0234375
2 0.628125 0.10234375 0.00859375 0.01953125
2 0.64296875 0.10703125 0.0109375 0.0265625
2 0.65390625 0.11640625 0.0125 0.028125
2 0.671875 0.12421875 0.01328125 0.028125
2 0.70390625 0.103125 0.0125 0.03125
2 0.603125 0.20859375 0.0203125 0.04140625
2 0.57265625 0.246875 0.0203125 0.04140625
2 0.49609375 0.29453125 0.02421875 0.04453125
2 0.54921875 0.303125 0.02421875 0.0546875
2 0.6125 0.25546875 0.025 0.04921875
2 0.61015625 0.32890625 0.03359375 0.0578125
2 0.66484375 0.25546875 0.025 0.04609375
2 0.68125 0.34140625 0.0296875 0.065625
2 0.71171875 0.28984375 0.02734375 0.0546875
2 0.66484375 0.215625 0.01953125 0.04765625
2 0.7109375 0.2203125 0.0203125 0.05078125
2 0.65859375 0.18046875 0.01796875 0.03828125
2 0.6890625 0.1578125 0.01484375 0.04140625
2 0.70859375 0.14375 0.0140625 0.0328125
2 0.7046875 0.184375 0.01875 0.03828125
2 0.74140625 0.121875 0.0140625 0.0328125
2 0.74921875 0.1140625 0.0109375 0.0234375
2 0.74921875 0.14375 0.0125 0.0328125
2 0.7359375 0.1609375 0.0140625 0.03125
2 0.75234375 0.1875 0.0171875 0.03828125
2 0.76015625 0.2265625 0.01953125 0.04765625
2 0.78046875 0.2890625 0.0234375 0.053125
2 0.77265625 0.17265625 0.015625 0.034375
2 0.7703125 0.13671875 0.01328125 0.0265625
2 0.7859375 0.11953125 0.0109375 0.025
2 0.80625 0.14609375 0.01015625 0.028125
2 0.82265625 0.12734375 0.0109375 0.0265625
2 0.8296875 0.1421875 0.01328125 0.0328125
2 0.8171875 0.17265625 0.01328125 0.034375
2 0.80078125 0.19453125 0.01484375 0.0296875
2 0.8484375 0.18828125 0.01484375 0.03984375
2 0.85390625 0.15625 0.01328125 0.034375
2 0.86796875 0.1578125 0.0125 0.028125
2 0.87265625 0.1375 0.0125 0.028125
2 0.90078125 0.13203125 0.0125 0.0265625
2 0.89375 0.1765625 0.0125 0.0328125
2 0.88203125 0.19765625 0.015625 0.0359375
2 0.86796875 0.2203125 0.0171875 0.03828125
2 0.925 0.1828125 0.015625 0.0359375
2 0.921875 0.278125 0.0203125 0.04765625
2 0.93671875 0.16171875 0.01328125 0.0328125