2 0.1 0.39765625 0.03515625 0.07578125
2 0.259375 0.2796875 0.01875 0.0328125
2 0.2875 0.25859375 0.0140625 0.0328125
2 0.3 0.26171875 0.0203125 0.0359375
2 0.34296875 0.26640625 0.01875 0.0328125
2 0.31953125 0.22109375 0.01328125 0.03125
2 0.34453125 0.209375 0.015625 0.03125
2 0.37421875 0.22109375 0.01796875 0.028125
2 0.4296875 0.2671875 0.01953125 0.04140625
2 0.41640625 0.21953125 0.01953125 0.034375
2 0.378125 0.20234375 0.0109375 0.02265625
2 0.38203125 0.19140625 0.0109375 0.02109375
2 0.409375 0.16640625 0.0109375 0.0265625
2 0.4234375 0.18046875 0.015625 0.025
2 0.46484375 0.196875 0.015625 0.028125
2 0.45234375 0.19296875 0.0140625 0.03125
2 0.45234375 0.165625 0.01328125 0.028125
2 0.4515625 0.140625 0.01328125 0.025
2 0.47890625 0.1609375 0.0140625 0.0265625
2 0.47109375 0.14296875 0.0109375 0.0265625
2 0.48671875 0.13046875 0.0109375 0.025
2 0.50859375 0.1921875 0.0140625 0.02265625
2 0.49609375 0.22734375 0.0203125 0.0359375
2 0.48359375 0.29296875 0.028125 0.04609375
2 0.525 0.134375 0.015625 0.03125
2 0.546875 0.15390625 0.01640625 0.03125
2 0.58125 0.15234375 0.01484375 0.034375
2 0.5453125 0.18984375 0.01640625 0.03125
2 0.56640625 0.109375 0.01171875 0.02109375
2 0.615625 0.13828125 0.01328125 0.0265625
2 0.628125 0.12265625 0.0109375 0.025
2 0.6125 0.11953125 0.0109375 0.02109375
2 0.6125 0.09609375 0.01171875 0.02109375
2 0.63828125 0.103125 0.01328125 0.028125
2 0.59375 0.1140625 0.01484375 0.02109375
2 0.66796875 0.11953125 0.01328125 0.028125
2 0.68515625 0.13515625 0.01328125 0.02265625
2 0.703125 0.13359375 0.01328125 0.0296875
2 0.690625 0.0984375 0.0109375 0.0265625
2 0.64609375 0.16875 0.01640625 0.028125
2 0.64765625 0.20625 0.015625 0.0375
2 0.60625 0.21015625 0.021875 0.0328125
2 0.6078125 0.2515625 0.0234375 0.04296875
2 0.559375 0.28984375 0.025 0.04921875
2 0.56171875 0.24296875 0.02109375 0.04140625
2 0.59765625 0.33359375 0.02890625 0.05625
2 0.66796875 0.3421875 0.025 0.059375
2 0.70625 0.28671875 0.02421875 0.04765625
2 0.671875 0.2375 0.01875 0.04140625
2 0.69921875 0.2078125 0.01796875 0.04140625
2 0.6859375 0.17734375 0.01328125 0.0296875
2 0.7265625 0.1515625 0.01484375 0.0296875
2 0.7421875 0.17890625 0.01484375 0.0296875
2 0.74765625 0.23359375 0.01875 0.05234375
2 0.7765625 0.28203125 0.0234375 0.0578125
2 0.86015625 0.2140625 0.01796875 0.0359375
2 0.921875 0.2640625 0.01875 0.04140625
2 0.871875 0.1921875 0.01484375 0.0265625
2 0.8453125 0.1875 0.01171875 0.0328125
2 0.8453125 0.153125 0.01484375 0.0296875
2 0.8625 0.14609375 0.01171875 0.0265625
2 0.86171875 0.12265625 0.01015625 0.025
2 0.8890625 0.12421875 0.009375 0.025
2 0.88515625 0.17734375 0.0140625 0.02265625
2 0.8859375 0.15390625 0.01484375 0.025
2 0.925 0.16015625 0.01484375 0.0375
2 0.796875 0.17265625 0.01796875 0.0359375
2 0.80703125 0.1546875 0.01171875 0.0296875
2 0.8265625 0.134375 0.0140625 0.03125
2 0.80546875 0.1265625 0.01171875 0.0265625
2 0.7890625 0.1296875 0.01171875 0.0265625
2 0.77578125 0.11484375 0.01484375 0.0265625
2 0.75078125 0.1515625 0.01484375 0.0296875
2 0.73984375 0.13984375 0.01484375 0.0265625
2 0.753125 0.12421875 0.01171875 0.025
2 0.74765625 0.10078125 0.01328125 0.025
2 0.73203125 0.10859375 0.01171875 0.0328125