2 0.7828125 0.4125 0.04296875 0.11796875
2 0.78203125 0.2890625 0.02421875 0.05546875
2 0.909375 0.3984375 0.0375 0.096875
2 0.98203125 0.27578125 0.03125 0.06953125
2 0.903125 0.321875 0.02265625 0.0609375
2 0.88125 0.23984375 0.015625 0.04296875
2 0.8890625 0.19609375 0.0125 0.034375
2 0.925 0.19609375 0.0140625 0.034375
2 0.9109375 0.24375 0.015625 0.03984375
2 0.9109375 0.2765625 0.01796875 0.05703125
2 0.728125 0.1453125 0.0140625 0.034375
2 0.71875 0.21953125 0.01796875 0.046875
2 0.66328125 0.21953125 0.0171875 0.04296875
2 0.628125 0.22890625 0.02265625 0.05234375
2 0.65234375 0.10546875 0.01015625 0.02421875
2 0.61796875 0.1078125 0.00859375 0.02421875
2 0.578125 0.1109375 0.009375 0.02109375
2 0.5953125 0.1234375 0.0171875 0.03828125
2 0.53203125 0.1515625 0.01328125 0.03671875
2 0.55625 0.17578125 0.01796875 0.04296875
2 0.41484375 0.15546875 0.01015625 0.02578125
2 0.44765625 0.14765625 0.0125 0.03125
2 0.47421875 0.14453125 0.01328125 0.0328125
2 0.48828125 0.159375 0.0140625 0.034375
2 0.46875 0.18359375 0.01328125 0.034375
2 0.44765625 0.20625 0.0171875 0.04140625
2 0.4140625 0.209375 0.01796875 0.04140625
2 0.39140625 0.19765625 0.01640625 0.03828125
2 0.33984375 0.21171875 0.01640625 0.0453125
2 0.365625 0.22734375 0.0171875 0.04140625
2 0.3875 0.2453125 0.0171875 0.04296875
2 0.25625 0.21640625 0.01953125 0.05234375
2 0.20390625 0.2328125 0.01953125 0.05
2 0.1234375 0.44375 0.0515625 0.1109375