2 0.828125 0.3640625 0.05 0.10078125
2 0.87421875 0.2640625 0.021875 0.05546875
2 0.7015625 0.234375 0.02421875 0.0390625
2 0.665625 0.22421875 0.02578125 0.04140625
2 0.62890625 0.209375 0.0234375 0.04375
2 0.57890625 0.2328125 0.02421875 0.04765625
2 0.53515625 0.2109375 0.02578125 0.0390625
2 0.45390625 0.22890625 0.02109375 0.04375
2 0.36640625 0.1890625 0.01640625 0.03515625
2 0.325 0.19609375 0.01953125 0.03359375
2 0.39375 0.16875 0.0140625 0.03359375
2 0.41015625 0.17421875 0.01640625 0.03359375
2 0.4390625 0.1578125 0.015625 0.03515625
2 0.43671875 0.13515625 0.0140625 0.02578125
2 0.4578125 0.1609375 0.01640625 0.0375
2 0.4640625 0.13125 0.01796875 0.02578125
2 0.47578125 0.15703125 0.02109375 0.0375
2 0.49765625 0.1203125 0.0140625 0.03515625
2 0.49921875 0.1875 0.0234375 0.04375
2 0.521875 0.17265625 0.01953125 0.04140625
2 0.496875 0.15703125 0.01796875 0.0296875
2 0.52421875 0.12265625 0.0140625 0.03125
2 0.5375 0.14609375 0.01875 0.0390625
2 0.55625 0.1515625 0.02109375 0.03125
2 0.5671875 0.128125 0.01796875 0.04375
2 0.578125 0.115625 0.01796875 0.0296875
2 0.59609375 0.13671875 0.01875 0.0296875
2 0.57734375 0.178125 0.01875 0.03359375
2 0.54375 0.18125 0.021875 0.03125
2 0.6171875 0.0984375 0.02109375 0.02734375
2 0.615625 0.159375 0.01796875 0.03125
2 0.6234375 0.12109375 0.01640625 0.03359375
2 0.65390625 0.1328125 0.0125 0.0296875
2 0.65546875 0.11015625 0.01328125 0.02734375
2 0.671875 0.10625 0.0109375 0.03125
2 0.70390625 0.11796875 0.01328125 0.02734375
2 0.65390625 0.1875 0.01796875 0.0390625
2 0.69375 0.17421875 0.01796875 0.0375
2 0.7140625 0.18046875 0.01796875 0.0375
2 0.71953125 0.13984375 0.0140625 0.03515625
2 0.73515625 0.14296875 0.0140625 0.0296875
2 0.73984375 0.16796875 0.0140625 0.03125
2 0.79609375 0.203125 0.01875 0.04375
2 0.76875 0.171875 0.01328125 0.04375
2 0.7578125 0.134375 0.01328125 0.02734375
2 0.7921875 0.125 0.01328125 0.0296875
2 0.80546875 0.15546875 0.015625 0.03515625
2 0.81953125 0.12734375 0.0109375 0.03359375
2 0.82734375 0.16640625 0.0140625 0.0375
2 0.853125 0.2015625 0.01796875 0.04765625
2 0.85078125 0.14375 0.0109375 0.03515625
2 0.871875 0.1421875 0.01328125 0.03125
2 0.90625 0.1734375 0.0140625 0.0390625
2 0.940625 0.1640625 0.01328125 0.03515625
2 0.9234375 0.24453125 0.0234375 0.05546875
2 0.89140625 0.234375 0.01875 0.04765625
2 0.93515625 0.22578125 0.01796875 0.0453125