2 0.3328125 0.29921875 0.02109375 0.03984375
2 0.34453125 0.23359375 0.0125 0.03984375
2 0.35703125 0.22578125 0.0203125 0.0375
2 0.415625 0.29765625 0.021875 0.03984375
2 0.39375 0.22265625 0.0125 0.034375
2 0.4078125 0.2125 0.01640625 0.03984375
2 0.428125 0.24140625 0.01796875 0.0328125
2 0.4578125 0.20859375 0.01953125 0.0359375
2 0.4765625 0.17421875 0.02109375 0.0328125
2 0.4703125 0.26796875 0.02109375 0.0328125
2 0.49375 0.2234375 0.021875 0.0359375
2 0.5234375 0.16171875 0.0234375 0.034375
2 0.5421875 0.1734375 0.0140625 0.0375
2 0.5578125 0.16015625 0.0234375 0.03125
2 0.53046875 0.203125 0.02109375 0.0375
2 0.5765625 0.18046875 0.0203125 0.034375
2 0.5953125 0.1671875 0.0203125 0.034375
2 0.5640625 0.26328125 0.02578125 0.04296875
2 0.6015625 0.26484375 0.0265625 0.04921875
2 0.57109375 0.31875 0.025 0.04921875
2 0.653125 0.31015625 0.02578125 0.0640625
2 0.6546875 0.20546875 0.01640625 0.04296875
2 0.66796875 0.21796875 0.02421875 0.04765625
2 0.69453125 0.16953125 0.01640625 0.0328125
2 0.77265625 0.14296875 0.01796875 0.0296875
2 0.7359375 0.17109375 0.0171875 0.0359375
2 0.740625 0.1984375 0.0171875 0.04765625
2 0.71171875 0.2390625 0.02109375 0.04453125
2 0.73828125 0.2640625 0.028125 0.05390625
2 0.7734375 0.2375 0.01953125 0.04765625
2 0.78203125 0.203125 0.02109375 0.04140625
2 0.79921875 0.15 0.0140625 0.0328125
2 0.828125 0.1703125 0.01953125 0.034375
2 0.7671875 0.36171875 0.0359375 0.07265625
2 0.784375 0.30078125 0.02421875 0.05234375
2 0.815625 0.25546875 0.025 0.0609375
2 0.83203125 0.22734375 0.0234375 0.04921875
2 0.86328125 0.15625 0.0171875 0.0328125
2 0.88828125 0.2078125 0.01953125 0.0375
2 0.853125 0.20546875 0.0203125 0.0359375
2 0.871875 0.2703125 0.025 0.05390625
2 0.84765625 0.3171875 0.02421875 0.04921875
2 0.9203125 0.26953125 0.03203125 0.05234375
2 0.76953125 0.1875 0.021875 0.03984375
2 0.61484375 0.11328125 0.01640625 0.0265625
2 0.60546875 0.23515625 0.02890625 0.04296875