2 0.08828125 0.23203125 0.0125 0.0296875
2 0.1125 0.25390625 0.01640625 0.028125
2 0.1453125 0.23203125 0.01640625 0.0296875
2 0.16015625 0.3484375 0.03046875 0.07265625
2 0.18671875 0.32421875 0.02734375 0.0671875
2 0.27890625 0.21953125 0.0140625 0.0265625
2 0.340625 0.2078125 0.015625 0.025
2 0.34453125 0.240625 0.01796875 0.03359375
2 0.3796875 0.178125 0.02890625 0.05625
2 0.39296875 0.1921875 0.015625 0.03203125
2 0.40859375 0.26796875 0.01953125 0.0421875
2 0.42265625 0.13984375 0.0125 0.02265625
2 0.42734375 0.17890625 0.0140625 0.0296875
2 0.43984375 0.21328125 0.01875 0.0421875
2 0.46875 0.18515625 0.0203125 0.03203125
2 0.496875 0.2234375 0.02265625 0.040625
2 0.4703125 0.12890625 0.01171875 0.025
2 0.4921875 0.121875 0.01171875 0.02109375
2 0.521875 0.121875 0.0109375 0.02109375
2 0.52578125 0.06171875 0.01171875 0.025
2 0.5421875 0.12578125 0.0125 0.01953125
2 0.51015625 0.18046875 0.015625 0.03359375
2 0.5421875 0.1984375 0.01796875 0.03671875
2 0.5859375 0.16953125 0.01640625 0.03203125
2 0.59296875 0.1421875 0.0125 0.0265625
2 0.5765625 0.121875 0.01171875 0.025
2 0.59375 0.115625 0.0109375 0.02265625
2 0.60234375 0.1078125 0.01171875 0.025
2 0.63203125 0.10703125 0.01171875 0.02265625
2 0.63515625 0.13515625 0.01484375 0.0296875
2 0.6796875 0.11640625 0.0125 0.025
2 0.68515625 0.0984375 0.01171875 0.02109375
2 0.64296875 0.18984375 0.01875 0.040625
2 0.6296875 0.2546875 0.01875 0.040625
2 0.65546875 0.2609375 0.0234375 0.04609375
2 0.60859375 0.26328125 0.021875 0.03671875
2 0.58125 0.271875 0.02265625 0.0421875
2 0.7015625 0.165625 0.015625 0.03203125
2 0.73359375 0.13671875 0.0140625 0.0296875
2 0.75234375 0.13125 0.0109375 0.02265625
2 0.73828125 0.1796875 0.015625 0.03203125
2 0.7 0.209375 0.01875 0.03359375
2 0.7171875 0.2203125 0.01640625 0.03515625
2 0.72890625 0.259375 0.02265625 0.04921875
2 0.76015625 0.265625 0.0203125 0.040625
2 0.790625 0.28125 0.0234375 0.05078125
2 0.83203125 0.23125 0.01484375 0.03515625
2 0.84375 0.21015625 0.01484375 0.03203125
2 0.85 0.18671875 0.01484375 0.03203125
2 0.82890625 0.16875 0.0140625 0.0296875
2 0.8625 0.275 0.01796875 0.04921875
2 0.84609375 0.3171875 0.02265625 0.04921875
2 0.91015625 0.34765625 0.01953125 0.06328125
2 0.9265625 0.31015625 0.01953125 0.04921875
2 0.91796875 0.25625 0.015625 0.040625
2 0.88671875 0.228125 0.015625 0.03671875
2 0.9328125 0.2203125 0.0140625 0.028125
2 0.94296875 0.20703125 0.0140625 0.0296875
2 0.93828125 0.1875 0.0140625 0.0296875
2 0.1921875 0.434375 0.040625 0.0796875