2 0.840625 0.2046875 0.01484375 0.0359375
2 0.83359375 0.22890625 0.01640625 0.0359375
2 0.865625 0.284375 0.0203125 0.04765625
2 0.8890625 0.2234375 0.01484375 0.0359375
2 0.92890625 0.2390625 0.01171875 0.0328125
2 0.92890625 0.28046875 0.01640625 0.04140625
2 0.91015625 0.3453125 0.02109375 0.05625
2 0.840625 0.340625 0.02421875 0.04765625
2 0.79296875 0.3140625 0.02421875 0.06640625
2 0.7578125 0.25546875 0.01875 0.04453125
2 0.7265625 0.29296875 0.02109375 0.05859375
2 0.7296875 0.1796875 0.01640625 0.04140625
2 0.66171875 0.196875 0.01484375 0.0375
2 0.63828125 0.24609375 0.015625 0.04609375
2 0.678125 0.25859375 0.02421875 0.04765625
2 0.59296875 0.23828125 0.0171875 0.04453125
2 0.5828125 0.17890625 0.01484375 0.0359375
2 0.62109375 0.1421875 0.0109375 0.02734375
2 0.50703125 0.15 0.01171875 0.02890625
2 0.49765625 0.18828125 0.01328125 0.0375
2 0.5421875 0.1953125 0.015625 0.04140625
2 0.4875 0.2265625 0.01875 0.04609375
2 0.41875 0.22109375 0.01484375 0.034375
2 0.434375 0.2234375 0.0171875 0.04296875
2 0.39609375 0.25 0.01953125 0.04453125
2 0.33984375 0.209375 0.01328125 0.02578125
2 0.340625 0.25078125 0.01875 0.0390625