2 0.084375 0.59921875 0.1015625 0.14609375
2 0.178125 0.56328125 0.06015625 0.10859375
2 0.2484375 0.62734375 0.1 0.15625
2 0.25 0.546875 0.053125 0.0859375
2 0.346875 0.59609375 0.06328125 0.103125
2 0.3546875 0.55 0.05 0.078125
2 0.43203125 0.40546875 0.04296875 0.07578125
2 0.425 0.590625 0.0734375 0.1734375
2 0.48203125 0.59609375 0.046875 0.078125
2 0.475 0.5375 0.046875 0.0828125
2 0.63046875 0.64140625 0.08203125 0.15390625
2 0.6 0.5796875 0.06015625 0.10546875
2 0.715625 0.5796875 0.05859375 0.090625
2 0.7671875 0.578125 0.071875 0.11875
2 0.85859375 0.65234375 0.11640625 0.1765625