2 0.2046875 0.3625 0.0453125 0.08359375
2 0.2890625 0.22578125 0.01796875 0.03828125
2 0.3109375 0.23359375 0.01640625 0.0359375
2 0.328125 0.24609375 0.01953125 0.03984375
2 0.35078125 0.25546875 0.01953125 0.04375
2 0.33125 0.18984375 0.01328125 0.0359375
2 0.35234375 0.1984375 0.015625 0.034375
2 0.39453125 0.1953125 0.01640625 0.03984375
2 0.41484375 0.25 0.02734375 0.04375
2 0.41875 0.2078125 0.01796875 0.034375
2 0.42265625 0.1765625 0.01796875 0.03046875
2 0.421875 0.15234375 0.01484375 0.0328125
2 0.44609375 0.20859375 0.01640625 0.0359375
2 0.453125 0.21640625 0.01875 0.03828125
2 0.47734375 0.23984375 0.021875 0.04140625
2 0.45625 0.17734375 0.01640625 0.0328125
2 0.4625 0.1578125 0.015625 0.025
2 0.48828125 0.1828125 0.01796875 0.0359375
2 0.4765625 0.140625 0.01171875 0.0203125
2 0.49296875 0.13828125 0.01328125 0.02734375
2 0.50234375 0.15859375 0.01640625 0.03046875
2 0.5109375 0.1328125 0.01328125 0.03046875
2 0.525 0.14375 0.0125 0.02734375
2 0.53125 0.134375 0.0125 0.025
2 0.55 0.14609375 0.01328125 0.0234375
2 0.5265625 0.18359375 0.01953125 0.03828125
2 0.540625 0.17578125 0.01328125 0.0328125
2 0.55859375 0.1890625 0.015625 0.03828125
2 0.58828125 0.18046875 0.01640625 0.034375
2 0.5984375 0.140625 0.0125 0.0234375
2 0.5859375 0.12890625 0.01015625 0.025
2 0.59453125 0.115625 0.01015625 0.021875
2 0.6125 0.1140625 0.01171875 0.025
2 0.625 0.140625 0.01328125 0.0234375
2 0.62265625 0.15859375 0.01328125 0.03046875
2 0.64453125 0.11875 0.0125 0.0234375
2 0.659375 0.13828125 0.01484375 0.034375
2 0.66015625 0.1203125 0.01171875 0.0203125
2 0.66875 0.1078125 0.01328125 0.02734375
2 0.6953125 0.12109375 0.01328125 0.0328125
2 0.71953125 0.11953125 0.01015625 0.025
2 0.6828125 0.13203125 0.01015625 0.025
2 0.49453125 0.29375 0.03125 0.06484375
2 0.55625 0.31640625 0.02890625 0.06015625
2 0.59296875 0.2515625 0.02421875 0.05078125
2 0.6328125 0.22265625 0.02734375 0.046875
2 0.646875 0.24375 0.021875 0.04921875
2 0.6828125 0.1921875 0.01640625 0.04375
2 0.6765625 0.28828125 0.02734375 0.0546875
2 0.6046875 0.33984375 0.0375 0.078125
2 0.70546875 0.16328125 0.01875 0.0328125
2 0.71328125 0.19375 0.01796875 0.0359375
2 0.73671875 0.2328125 0.02109375 0.04921875
2 0.74140625 0.29609375 0.02734375 0.05234375
2 0.68984375 0.3671875 0.03515625 0.0703125
2 0.75234375 0.4109375 0.0328125 0.0796875
2 0.77890625 0.31875 0.025 0.0546875
2 0.7859375 0.25 0.021875 0.05078125
2 0.75546875 0.20625 0.01640625 0.02890625
2 0.75703125 0.18515625 0.015625 0.025
2 0.75625 0.1421875 0.01484375 0.034375
2 0.796875 0.1796875 0.01953125 0.03984375
2 0.80078125 0.14765625 0.01484375 0.034375
2 0.80859375 0.23515625 0.01796875 0.046875
2 0.83203125 0.259375 0.02265625 0.05078125
2 0.8296875 0.4 0.034375 0.07578125
2 0.8375 0.359375 0.025 0.04921875
2 0.87890625 0.259375 0.021875 0.0546875
2 0.89609375 0.2296875 0.02265625 0.04375
2 0.9203125 0.35078125 0.02734375 0.0671875
2 0.903125 0.428125 0.03828125 0.078125
2 0.928125 0.29609375 0.021875 0.04921875
2 0.940625 0.2203125 0.01953125 0.04921875