2 0.03671875 0.365625 0.02578125 0.05546875
2 0.05546875 0.37109375 0.0265625 0.0703125
2 0.071875 0.30234375 0.0171875 0.05078125
2 0.43046875 0.25078125 0.028125 0.05546875
2 0.384375 0.20390625 0.01953125 0.0296875
2 0.4546875 0.2234375 0.0234375 0.03828125
2 0.48046875 0.17890625 0.021875 0.05078125
2 0.50078125 0.20859375 0.0203125 0.03828125
2 0.53125 0.265625 0.03125 0.0765625
2 0.590625 0.246875 0.02578125 0.05078125
2 0.69140625 0.18046875 0.01953125 0.03828125
2 0.5703125 0.13515625 0.0171875 0.03203125