2 0.0953125 0.596875 0.0546875 0.12109375
2 0.19453125 0.3 0.021875 0.05
2 0.22265625 0.2875 0.021875 0.0515625
2 0.2640625 0.2515625 0.0203125 0.046875
2 0.3046875 0.22421875 0.01953125 0.04296875
2 0.31640625 0.25546875 0.0234375 0.05
2 0.34765625 0.21640625 0.01875 0.0453125
2 0.36953125 0.26875 0.025 0.05
2 0.359375 0.203125 0.01953125 0.03984375
2 0.3875 0.1953125 0.0203125 0.04140625
2 0.3859375 0.246875 0.01796875 0.04296875
2 0.43671875 0.31953125 0.025 0.05703125
2 0.4671875 0.2546875 0.02265625 0.05859375
2 0.42421875 0.20859375 0.021875 0.046875
2 0.43203125 0.17421875 0.0125 0.03984375
2 0.45234375 0.1703125 0.01640625 0.0328125
2 0.48828125 0.16328125 0.01875 0.03984375
2 0.49296875 0.20859375 0.01875 0.05
2 0.5171875 0.171875 0.01875 0.046875
2 0.54921875 0.225 0.01953125 0.0453125
2 0.55390625 0.16875 0.01640625 0.04296875
2 0.55 0.1421875 0.015625 0.034375
2 0.575 0.13984375 0.0140625 0.03828125
2 0.578125 0.175 0.01796875 0.0453125
2 0.5765625 0.20859375 0.01484375 0.03984375
2 0.6 0.19609375 0.01796875 0.046875
2 0.60390625 0.1609375 0.01640625 0.034375
2 0.59375 0.128125 0.015625 0.03828125
2 0.61953125 0.2078125 0.0171875 0.0484375
2 0.628125 0.13359375 0.01640625 0.04140625
2 0.6546875 0.18359375 0.0171875 0.03828125
2 0.65234375 0.1484375 0.015625 0.034375
2 0.66640625 0.13046875 0.0125 0.0328125
2 0.68515625 0.1453125 0.0171875 0.03828125
2 0.6859375 0.17421875 0.01796875 0.04296875
2 0.68671875 0.21953125 0.0171875 0.0484375
2 0.671875 0.23515625 0.01953125 0.0515625
2 0.7078125 0.16796875 0.015625 0.0453125
2 0.61484375 0.29921875 0.028125 0.05546875
2 0.56953125 0.34921875 0.028125 0.06953125
2 0.603125 0.38515625 0.0265625 0.0640625
2 0.659375 0.4078125 0.0296875 0.07109375
2 0.7203125 0.4203125 0.02578125 0.0796875
2 0.72734375 0.271875 0.0234375 0.05546875
2 0.74921875 0.29921875 0.01953125 0.0453125
2 0.796875 0.46640625 0.03046875 0.09140625
2 0.86484375 0.50546875 0.03046875 0.08671875
2 0.8859375 0.41640625 0.02421875 0.07109375
2 0.8609375 0.35 0.0203125 0.05390625
2 0.81171875 0.30625 0.02265625 0.05546875
2 0.7890625 0.27421875 0.0203125 0.05390625
2 0.7390625 0.23984375 0.01953125 0.046875
2 0.74765625 0.20078125 0.0171875 0.0453125
2 0.76953125 0.190625 0.01640625 0.0453125
2 0.7984375 0.2328125 0.01640625 0.03671875
2 0.81953125 0.2359375 0.01953125 0.04296875
2 0.80703125 0.1984375 0.0171875 0.03984375
2 0.84140625 0.21875 0.015625 0.03671875
2 0.8671875 0.23984375 0.0125 0.03984375
2 0.878125 0.2390625 0.0125 0.0453125
2 0.89765625 0.23515625 0.01640625 0.04140625
2 0.89765625 0.26640625 0.01484375 0.0453125
2 0.88359375 0.29765625 0.01875 0.0515625
2 0.9203125 0.346875 0.01953125 0.05703125
2 0.9453125 0.39375 0.02421875 0.07109375
2 0.94921875 0.49296875 0.02265625 0.06953125
2 0.9734375 0.378125 0.01796875 0.0609375
2 0.971875 0.33203125 0.015625 0.04140625
2 0.978125 0.2640625 0.0125 0.03671875
2 0.94453125 0.25078125 0.0125 0.04140625
2 0.928125 0.28359375 0.01640625 0.0515625