2 0.2953125 0.4828125 0.15546875 0.26640625
2 0.21875 0.41640625 0.1140625 0.2234375
2 0.071875 0.21875 0.115625 0.21015625
2 0.0921875 0.059375 0.0875 0.10546875
2 0.2515625 0.08828125 0.103125 0.1671875
2 0.3734375 0.25078125 0.115625 0.19296875
2 0.3578125 0.06015625 0.0875 0.115625
2 0.46171875 0.08671875 0.10546875 0.1609375
2 0.51953125 0.2734375 0.115625 0.20390625
2 0.57734375 0.54375 0.19140625 0.33671875
2 0.6890625 0.4140625 0.14140625 0.23203125
2 0.61953125 0.221875 0.1015625 0.16953125
2 0.5875 0.0828125 0.09296875 0.1484375
2 0.77890625 0.09765625 0.08828125 0.178125
2 0.85 0.39296875 0.11171875 0.253125
2 0.9375 0.51171875 0.12109375 0.3625
2 0.9578125 0.24453125 0.08125 0.21875
2 0.81875 0.85546875 0.24296875 0.28515625