2 0.08203125 0.58203125 0.05625 0.08828125
2 0.28515625 0.234375 0.0140625 0.0265625
2 0.303125 0.24921875 0.01328125 0.0234375
2 0.31640625 0.24765625 0.0140625 0.03359375
2 0.34453125 0.265625 0.0140625 0.0265625
2 0.3640625 0.2765625 0.01875 0.03515625
2 0.38828125 0.284375 0.021875 0.03984375
2 0.3703125 0.246875 0.0140625 0.028125
2 0.35625 0.22265625 0.015625 0.0296875
2 0.3328125 0.22421875 0.0125 0.0234375
2 0.328125 0.209375 0.01328125 0.0234375
2 0.36875 0.1984375 0.01484375 0.025
2 0.3875 0.1859375 0.0125 0.0265625
2 0.4015625 0.2109375 0.0140625 0.0265625
2 0.403125 0.1859375 0.0140625 0.0265625
2 0.44375 0.18359375 0.0109375 0.021875
2 0.45546875 0.21796875 0.0171875 0.03359375
2 0.478125 0.2296875 0.0171875 0.04140625
2 0.46328125 0.1578125 0.01015625 0.0234375
2 0.46171875 0.1375 0.0109375 0.01640625
2 0.48828125 0.13125 0.0109375 0.01640625
2 0.49375 0.1921875 0.01953125 0.03828125
2 0.5265625 0.19921875 0.015625 0.03359375
2 0.50859375 0.16328125 0.0125 0.025
2 0.4828125 0.16015625 0.0109375 0.01796875
2 0.53515625 0.16171875 0.0109375 0.025
2 0.56953125 0.16796875 0.0125 0.0296875
2 0.5515625 0.14609375 0.01328125 0.0234375
2 0.5640625 0.1234375 0.01015625 0.025
2 0.5796875 0.1421875 0.0125 0.028125
2 0.5921875 0.12109375 0.0125 0.0265625
2 0.6203125 0.14609375 0.015625 0.0296875
2 0.6203125 0.1171875 0.0109375 0.021875
2 0.63984375 0.13046875 0.0125 0.025
2 0.63984375 0.1109375 0.01015625 0.0203125
2 0.6828125 0.115625 0.0125 0.025
2 0.51015625 0.2796875 0.021875 0.04453125
2 0.56796875 0.28203125 0.02265625 0.053125
2 0.55703125 0.23671875 0.0171875 0.03125
2 0.61171875 0.2578125 0.01796875 0.03671875
2 0.6390625 0.29453125 0.02265625 0.0515625
2 0.628125 0.21015625 0.0140625 0.03515625
2 0.6625 0.19921875 0.01484375 0.0296875
2 0.67421875 0.2484375 0.01953125 0.0484375
2 0.71171875 0.2796875 0.021875 0.0515625
2 0.7703125 0.28359375 0.0203125 0.0484375
2 0.77421875 0.2234375 0.0203125 0.0484375
2 0.69765625 0.21171875 0.0171875 0.03828125
2 0.690625 0.14609375 0.01328125 0.0265625
2 0.7109375 0.1765625 0.0125 0.028125
2 0.72578125 0.165625 0.0140625 0.028125
2 0.72265625 0.13125 0.01328125 0.03359375
2 0.8421875 0.30546875 0.0265625 0.053125
2 0.86640625 0.23359375 0.02265625 0.04453125
2 0.890625 0.2 0.01484375 0.03515625
2 0.9125 0.2359375 0.0171875 0.04296875
2 0.928125 0.2703125 0.01953125 0.0484375
2 0.82890625 0.21328125 0.01875 0.03828125
2 0.84765625 0.20234375 0.0109375 0.0296875
2 0.86015625 0.1484375 0.0109375 0.03125
2 0.89453125 0.1609375 0.01484375 0.03359375
2 0.8046875 0.1796875 0.015625 0.0296875
2 0.83359375 0.153125 0.0125 0.0234375
2 0.81328125 0.12265625 0.0125 0.0265625
2 0.80234375 0.140625 0.0125 0.025
2 0.775 0.15703125 0.01328125 0.021875
2 0.7734375 0.18671875 0.01796875 0.021875
2 0.7390625 0.19765625 0.01484375 0.0265625
2 0.76015625 0.1390625 0.0109375 0.021875
2 0.77578125 0.12734375 0.0125 0.021875
2 0.74609375 0.1140625 0.01328125 0.025