2 0.04296875 0.396875 0.02890625 0.06484375
2 0.24296875 0.26171875 0.01484375 0.03515625
2 0.26796875 0.259375 0.0171875 0.03984375
2 0.28671875 0.25546875 0.021875 0.04140625
2 0.3125 0.2640625 0.0203125 0.03828125
2 0.3125 0.221875 0.01796875 0.028125
2 0.34765625 0.20625 0.01328125 0.0265625
2 0.35703125 0.18203125 0.01484375 0.03515625
2 0.375 0.17890625 0.0140625 0.03125
2 0.3984375 0.21796875 0.01484375 0.0265625
2 0.40234375 0.18828125 0.0140625 0.0296875
2 0.384375 0.27734375 0.0234375 0.0484375
2 0.35390625 0.253125 0.02265625 0.0296875
2 0.4421875 0.215625 0.0171875 0.03125
2 0.46484375 0.23359375 0.0171875 0.03125
2 0.478125 0.31171875 0.02265625 0.0546875
2 0.53203125 0.303125 0.02421875 0.053125
2 0.5984375 0.328125 0.03359375 0.05625
2 0.6125 0.25078125 0.02265625 0.0453125
2 0.55546875 0.24609375 0.025 0.03671875
2 0.525 0.18671875 0.015625 0.03671875
2 0.4828125 0.19375 0.01796875 0.03515625
2 0.43984375 0.1625 0.0125 0.021875
2 0.4765625 0.13125 0.015625 0.0265625
2 0.559375 0.17734375 0.01875 0.03515625
2 0.578125 0.13359375 0.01484375 0.03515625
2 0.5515625 0.12734375 0.015625 0.028125
2 0.60859375 0.1125 0.01015625 0.03125
2 0.63359375 0.1109375 0.009375 0.028125
2 0.67578125 0.11484375 0.0171875 0.03359375
2 0.73125 0.11171875 0.01328125 0.0234375
2 0.75859375 0.125 0.015625 0.0265625
2 0.80859375 0.11953125 0.01484375 0.0203125
2 0.83359375 0.1375 0.015625 0.03125
2 0.89453125 0.1515625 0.01953125 0.0234375
2 0.8875 0.1671875 0.01953125 0.03125
2 0.85234375 0.1546875 0.01875 0.0265625
2 0.840625 0.18125 0.021875 0.0265625
2 0.90546875 0.221875 0.021875 0.04140625
2 0.8515625 0.22578125 0.0203125 0.03515625
2 0.81953125 0.2171875 0.0203125 0.03515625
2 0.7921875 0.17421875 0.0171875 0.03125
2 0.784375 0.14140625 0.01484375 0.0265625
2 0.7515625 0.16484375 0.0203125 0.0296875
2 0.715625 0.153125 0.0140625 0.0234375
2 0.68984375 0.20078125 0.015625 0.03515625
2 0.653125 0.20703125 0.01796875 0.028125
2 0.63125 0.20078125 0.01796875 0.03828125
2 0.66171875 0.2484375 0.02421875 0.04140625
2 0.71796875 0.28046875 0.0203125 0.03828125
2 0.74765625 0.23046875 0.01875 0.03125
2 0.7859375 0.26171875 0.0203125 0.04140625
2 0.8328125 0.3046875 0.0265625 0.046875
2 0.915625 0.27734375 0.01875 0.04140625
2 0.6515625 0.17421875 0.01328125 0.025
2 0.67734375 0.1625 0.0140625 0.03125
2 0.70390625 0.14375 0.0125 0.028125
2 0.765625 0.21640625 0.01875 0.046875
2 0.73203125 0.1953125 0.01875 0.0484375
2 0.60625 0.1421875 0.01796875 0.03515625
2 0.63359375 0.14296875 0.015625 0.03359375
2 0.50625 0.1703125 0.015625 0.028125
2 0.54140625 0.15390625 0.0203125 0.03828125
2 0.45859375 0.14296875 0.0140625 0.0265625
2 0.4578125 0.19296875 0.015625 0.03359375
2 0.4359375 0.18515625 0.01328125 0.03515625
2 0.48828125 0.16484375 0.0171875 0.03671875
2 0.37421875 0.21328125 0.01796875 0.04296875
2 0.903125 0.18359375 0.01484375 0.04140625