2 0.06015625 0.396875 0.0359375 0.075
2 0.25859375 0.28359375 0.0203125 0.03515625
2 0.2875 0.26953125 0.01875 0.03984375
2 0.30625 0.2546875 0.0203125 0.04296875
2 0.31953125 0.21875 0.0171875 0.03828125
2 0.34375 0.21484375 0.01875 0.03984375
2 0.34609375 0.2765625 0.0234375 0.053125
2 0.39921875 0.29765625 0.028125 0.053125
2 0.38046875 0.21796875 0.01875 0.03984375
2 0.3875 0.19921875 0.0171875 0.03515625
2 0.4140625 0.2234375 0.01875 0.03828125
2 0.44140625 0.22109375 0.0234375 0.03984375
2 0.48828125 0.225 0.0234375 0.046875
2 0.41328125 0.1671875 0.015625 0.028125
2 0.4328125 0.19296875 0.015625 0.0296875
2 0.4609375 0.209375 0.01796875 0.03359375
2 0.446875 0.15546875 0.015625 0.03515625
2 0.48515625 0.190625 0.015625 0.03125
2 0.48125 0.17421875 0.0171875 0.028125
2 0.4734375 0.1453125 0.01328125 0.028125
2 0.48671875 0.13203125 0.01328125 0.028125
2 0.50625 0.16328125 0.0171875 0.0296875
2 0.53828125 0.2 0.01796875 0.03984375
2 0.53671875 0.15859375 0.01875 0.03515625
2 0.52109375 0.1375 0.0140625 0.03515625
2 0.5296875 0.12578125 0.0140625 0.028125
2 0.55078125 0.1453125 0.0140625 0.028125
2 0.5703125 0.1625 0.01484375 0.03515625
2 0.58203125 0.1484375 0.0171875 0.0296875
2 0.56015625 0.11328125 0.0125 0.0265625
2 0.59375 0.11796875 0.01328125 0.0265625
2 0.6 0.1 0.0125 0.0265625
2 0.61796875 0.12109375 0.01328125 0.0296875
2 0.62890625 0.15078125 0.015625 0.03515625
2 0.61484375 0.1046875 0.0125 0.0296875
2 0.63984375 0.0984375 0.015625 0.03359375
2 0.6375 0.12421875 0.01328125 0.028125
2 0.675 0.1109375 0.0140625 0.03125
2 0.69453125 0.096875 0.0140625 0.03359375
2 0.53671875 0.30546875 0.0296875 0.06796875
2 0.4921875 0.290625 0.0296875 0.05859375
2 0.5625 0.25078125 0.02265625 0.0515625
2 0.603125 0.32421875 0.03203125 0.06015625
2 0.60234375 0.26015625 0.02421875 0.0515625
2 0.61015625 0.209375 0.025 0.04296875
2 0.64765625 0.175 0.01953125 0.04296875
2 0.6734375 0.20234375 0.02421875 0.0515625
2 0.6625 0.25625 0.025 0.053125
2 0.67578125 0.334375 0.03671875 0.06953125
2 0.6796875 0.15078125 0.01796875 0.04140625
2 0.69296875 0.1796875 0.0203125 0.04296875
2 0.709375 0.140625 0.01875 0.03828125
2 0.73125 0.1234375 0.01484375 0.03671875
2 0.73828125 0.178125 0.01953125 0.04296875
2 0.696875 0.2265625 0.02265625 0.05
2 0.71953125 0.28203125 0.02890625 0.0515625
2 0.746875 0.22734375 0.0234375 0.0515625
2 0.78671875 0.275 0.02734375 0.06171875
2 0.7375 0.1515625 0.0171875 0.03359375
2 0.74375 0.1265625 0.0140625 0.0296875
2 0.74921875 0.10703125 0.01796875 0.028125
2 0.76171875 0.159375 0.015625 0.03671875
2 0.796875 0.171875 0.0203125 0.0453125
2 0.78125 0.1296875 0.0140625 0.0296875
2 0.8203125 0.2265625 0.021875 0.053125
2 0.78125 0.11171875 0.0109375 0.0203125
2 0.7984375 0.1375 0.0140625 0.028125
2 0.809375 0.125 0.0125 0.0265625
2 0.81796875 0.16640625 0.015625 0.03671875
2 0.83203125 0.12578125 0.01796875 0.03125
2 0.85 0.19296875 0.01875 0.046875
2 0.8734375 0.2171875 0.0203125 0.0515625
2 0.87265625 0.17265625 0.0171875 0.03359375
2 0.8578125 0.15859375 0.0125 0.03515625
2 0.86484375 0.1265625 0.01484375 0.0296875
2 0.9015625 0.12890625 0.0125 0.03125
2 0.890625 0.19765625 0.0140625 0.04296875
2 0.925 0.2875 0.0265625 0.05625
2 0.9296875 0.2 0.015625 0.046875
2 0.92421875 0.17890625 0.01328125 0.028125
2 0.9296875 0.153125 0.0140625 0.03359375
2 0.8953125 0.171875 0.01796875 0.03515625