2 0.33046875 0.18984375 0.02109375 0.03125
2 0.34375 0.16640625 0.0203125 0.040625
2 0.48515625 0.18984375 0.0328125 0.06328125
2 0.5546875 0.1875 0.0203125 0.05078125
2 0.5765625 0.22734375 0.028125 0.0546875
2 0.61640625 0.184375 0.02421875 0.04921875
2 0.64375 0.225 0.02421875 0.04921875
2 0.68828125 0.23046875 0.025 0.05234375
2 0.75078125 0.27734375 0.025 0.05625
2 0.76875 0.24609375 0.02421875 0.05625
2 0.82890625 0.15078125 0.02265625 0.04921875
2 0.825 0.24609375 0.02265625 0.059375
2 0.821875 0.30859375 0.02890625 0.07578125
2 0.9109375 0.3265625 0.034375 0.0875
2 0.93046875 0.28203125 0.03515625 0.07578125