2 0.44609375 0.25390625 0.03359375 0.05859375
2 0.534375 0.19921875 0.01640625 0.03125
2 0.6 0.16171875 0.01953125 0.02890625
2 0.6171875 0.2015625 0.01796875 0.0390625
2 0.66484375 0.196875 0.0109375 0.03125
2 0.67734375 0.25625 0.0234375 0.04609375
2 0.67890625 0.2109375 0.0171875 0.034375
2 0.70546875 0.20234375 0.015625 0.04140625
2 0.7453125 0.221875 0.0203125 0.0359375
2 0.778125 0.24921875 0.0203125 0.05
2 0.82109375 0.2359375 0.01953125 0.04609375
2 0.8 0.3875 0.03125 0.06875
2 0.9125 0.39140625 0.0296875 0.071875
2 0.740625 0.353125 0.0296875 0.0546875
2 0.7328125 0.2875 0.025 0.05