2 0.33984375 0.20703125 0.01953125 0.034375
2 0.4078125 0.228125 0.02109375 0.03984375
2 0.41953125 0.21640625 0.015625 0.0328125
2 0.4375 0.2171875 0.01796875 0.04453125
2 0.4859375 0.21015625 0.02109375 0.0484375
2 0.4984375 0.18515625 0.0203125 0.03984375
2 0.5015625 0.1328125 0.01328125 0.034375
2 0.53125 0.19296875 0.0234375 0.04453125
2 0.58125 0.1703125 0.01796875 0.04140625
2 0.61875 0.1328125 0.01796875 0.03828125
2 0.63671875 0.25234375 0.025 0.05703125
2 0.66015625 0.190625 0.0203125 0.046875
2 0.6984375 0.30546875 0.028125 0.06171875
2 0.71875 0.1828125 0.02109375 0.03828125
2 0.76015625 0.25546875 0.021875 0.04453125
2 0.84296875 0.33359375 0.02421875 0.06015625
2 0.86484375 0.28671875 0.025 0.06015625
2 0.8296875 0.2265625 0.021875 0.05
2 0.8390625 0.19765625 0.01796875 0.04296875
2 0.8875 0.22265625 0.01796875 0.04140625
2 0.9234375 0.20703125 0.01640625 0.04453125
2 0.928125 0.2859375 0.021875 0.04453125