2 0.1609375 0.39453125 0.06171875 0.12578125
2 0.384375 0.44140625 0.07265625 0.1421875
2 0.36875 0.2171875 0.0265625 0.04765625
2 0.3875 0.17109375 0.0234375 0.04453125
2 0.4390625 0.2015625 0.021875 0.0375
2 0.44609375 0.25625 0.02109375 0.04765625
2 0.4953125 0.221875 0.021875 0.04609375
2 0.46171875 0.1015625 0.0171875 0.0265625
2 0.478125 0.11328125 0.01640625 0.03203125
2 0.5984375 0.19453125 0.0234375 0.0515625
2 0.64296875 0.2359375 0.028125 0.06015625
2 0.59765625 0.09453125 0.01796875 0.040625
2 0.61796875 0.0828125 0.0171875 0.03359375
2 0.646875 0.115625 0.0109375 0.03203125
2 0.67109375 0.1125 0.01796875 0.03359375