2 0.196875 0.396875 0.04140625 0.0765625
2 0.340625 0.21640625 0.02109375 0.0375
2 0.3765625 0.23515625 0.01875 0.0359375
2 0.4109375 0.19453125 0.021875 0.0375
2 0.415625 0.23125 0.02421875 0.04453125
2 0.39765625 0.24140625 0.02265625 0.034375
2 0.48359375 0.1921875 0.02109375 0.02890625
2 0.55859375 0.18671875 0.02421875 0.05
2 0.65546875 0.22109375 0.02109375 0.04296875
2 0.71015625 0.23203125 0.025 0.04609375
2 0.8609375 0.15703125 0.015625 0.0375
2 0.89296875 0.1875 0.01484375 0.034375
2 0.82578125 0.2140625 0.01875 0.04296875
2 0.87265625 0.21640625 0.01953125 0.0390625
2 0.77109375 0.265625 0.021875 0.0609375
2 0.8828125 0.3015625 0.03125 0.0765625
2 0.8125 0.36484375 0.02890625 0.06484375
2 0.9015625 0.36875 0.03359375 0.059375
2 0.91875 0.30546875 0.03203125 0.06796875