2 0.2421875 0.6890625 0.09296875 0.13515625
2 0.43359375 0.83125 0.10859375 0.17109375
2 0.58046875 0.61171875 0.04765625 0.065625
2 0.68359375 0.5734375 0.040625 0.05625
2 0.88984375 0.65390625 0.0609375 0.09453125
2 0.91484375 0.5953125 0.053125 0.071875
2 0.51328125 0.55234375 0.04140625 0.06328125
2 0.415625 0.55078125 0.05390625 0.0640625
2 0.39140625 0.53359375 0.0296875 0.04453125
2 0.321875 0.49765625 0.02421875 0.03203125
2 0.28515625 0.49765625 0.03359375 0.0390625
2 0.26640625 0.49375 0.02578125 0.03125
2 0.21015625 0.55234375 0.0453125 0.05546875
2 0.19765625 0.503125 0.0359375 0.0390625
2 0.109375 0.53515625 0.04140625 0.05
2 0.09453125 0.4875 0.03671875 0.03671875
2 0.0359375 0.5125 0.03984375 0.04453125
2 0.01484375 0.6375 0.02890625 0.05625