2 0.05078125 0.371875 0.02578125 0.0546875
2 0.5703125 0.26875 0.01875 0.046875
2 0.56015625 0.1796875 0.01796875 0.040625
2 0.62109375 0.19375 0.01796875 0.03671875
2 0.6578125 0.1875 0.0125 0.0328125
2 0.6765625 0.20234375 0.015625 0.02734375
2 0.66640625 0.34140625 0.02421875 0.05625
2 0.6734375 0.25 0.02109375 0.0484375
2 0.72578125 0.27421875 0.01875 0.046875
2 0.71015625 0.1953125 0.0140625 0.0328125
2 0.74921875 0.196875 0.01875 0.03515625
2 0.76484375 0.25 0.0203125 0.040625
2 0.82265625 0.36171875 0.0265625 0.06640625
2 0.9015625 0.44296875 0.03515625 0.06796875