2 0.203125 0.44609375 0.0453125 0.084375
2 0.3375 0.21171875 0.015625 0.03515625
2 0.3265625 0.2109375 0.0125 0.03125
2 0.2734375 0.25625 0.01484375 0.03125
2 0.26328125 0.25703125 0.0109375 0.025
2 0.29140625 0.2625 0.01796875 0.03515625
2 0.309375 0.27734375 0.01328125 0.03359375
2 0.31953125 0.28359375 0.0203125 0.03515625
2 0.37265625 0.25625 0.01796875 0.0421875
2 0.39140625 0.278125 0.02109375 0.04609375
2 0.39296875 0.22421875 0.01953125 0.03828125
2 0.4015625 0.18828125 0.015625 0.03359375
2 0.41640625 0.175 0.0140625 0.0296875
2 0.4390625 0.15234375 0.01328125 0.0265625
2 0.44765625 0.16796875 0.015625 0.0296875
2 0.45546875 0.1421875 0.01328125 0.028125
2 0.4796875 0.1375 0.01328125 0.0296875
2 0.4859375 0.1265625 0.009375 0.02265625
2 0.5109375 0.125 0.01328125 0.02265625
2 0.509375 0.14453125 0.015625 0.0296875
2 0.46953125 0.1953125 0.01171875 0.03359375
2 0.50078125 0.1890625 0.0171875 0.03515625
2 0.4375 0.21484375 0.01640625 0.03828125
2 0.4609375 0.22734375 0.02109375 0.04609375
2 0.5359375 0.184375 0.01640625 0.03671875
2 0.55 0.1578125 0.0125 0.028125
2 0.565625 0.16328125 0.01640625 0.0390625
2 0.559375 0.13203125 0.01328125 0.03125
2 0.5796875 0.10703125 0.01171875 0.025
2 0.578125 0.146875 0.0125 0.03828125
2 0.603125 0.11875 0.01171875 0.0265625
2 0.609375 0.13984375 0.0140625 0.03515625
2 0.63671875 0.1140625 0.0140625 0.025
2 0.65625 0.1125 0.0140625 0.028125
2 0.64375 0.16484375 0.0171875 0.0421875
2 0.6828125 0.15390625 0.01328125 0.03203125
2 0.68984375 0.1796875 0.01640625 0.04609375
2 0.646875 0.22109375 0.01875 0.053125
2 0.60234375 0.2140625 0.021875 0.04765625
2 0.565625 0.25703125 0.02578125 0.0578125
2 0.53046875 0.30703125 0.0296875 0.0546875
2 0.49140625 0.3125 0.02734375 0.04765625
2 0.646875 0.2609375 0.02421875 0.0546875
2 0.715625 0.153125 0.01640625 0.03671875
2 0.73671875 0.14296875 0.01328125 0.03515625
2 0.7578125 0.13046875 0.0140625 0.0296875
2 0.74765625 0.16015625 0.01796875 0.03359375
2 0.728125 0.1859375 0.02109375 0.0390625
2 0.71171875 0.215625 0.0203125 0.03828125
2 0.69375 0.31328125 0.0328125 0.07734375
2 0.7171875 0.28984375 0.02109375 0.06171875
2 0.74921875 0.21484375 0.01875 0.0390625
2 0.771875 0.20859375 0.01796875 0.03203125
2 0.78125 0.15390625 0.01171875 0.03515625
2 0.796875 0.13828125 0.0140625 0.03203125
2 0.81484375 0.1515625 0.01484375 0.03359375
2 0.7984375 0.175 0.01640625 0.03828125
2 0.83046875 0.14375 0.0125 0.03125
2 0.85703125 0.14140625 0.015625 0.03515625
2 0.83515625 0.18671875 0.015625 0.040625
2 0.8140625 0.2078125 0.01484375 0.03671875
2 0.82265625 0.225 0.01875 0.0453125
2 0.78203125 0.28359375 0.02578125 0.0546875
2 0.7515625 0.3375 0.02890625 0.0734375
2 0.871875 0.1921875 0.015625 0.040625
2 0.86796875 0.2140625 0.01484375 0.0421875
2 0.85234375 0.221875 0.01953125 0.05078125
2 0.89921875 0.2640625 0.0203125 0.05234375
2 0.853125 0.303125 0.02578125 0.06015625