2 0.2015625 0.35546875 0.04609375 0.096875
2 0.3015625 0.22734375 0.0234375 0.04609375
2 0.32265625 0.1765625 0.01796875 0.0421875
2 0.346875 0.19296875 0.02109375 0.03359375
2 0.4015625 0.18671875 0.021875 0.03515625
2 0.4125 0.16015625 0.0140625 0.028125
2 0.4125 0.14140625 0.01484375 0.025
2 0.440625 0.16640625 0.0203125 0.040625
2 0.4375 0.1984375 0.01875 0.040625
2 0.46875 0.20390625 0.028125 0.0546875
2 0.4375 0.14140625 0.0140625 0.025
2 0.4484375 0.12734375 0.0109375 0.02109375
2 0.45859375 0.14140625 0.0140625 0.03203125
2 0.47421875 0.16328125 0.0203125 0.03671875
2 0.49296875 0.14296875 0.0140625 0.03203125
2 0.49609375 0.12421875 0.0140625 0.0265625
2 0.51015625 0.115625 0.01328125 0.0265625
2 0.51484375 0.14609375 0.01640625 0.03203125
2 0.525 0.16875 0.0203125 0.03359375
2 0.546875 0.16640625 0.01640625 0.03671875
2 0.54921875 0.13828125 0.01640625 0.0296875
2 0.5625 0.1359375 0.01640625 0.03515625
2 0.5328125 0.13515625 0.01484375 0.0265625
2 0.5234375 0.11875 0.0109375 0.02265625
2 0.53671875 0.12109375 0.01328125 0.02265625
2 0.5796875 0.096875 0.0140625 0.03203125
2 0.5921875 0.134375 0.0171875 0.03515625
2 0.5921875 0.11640625 0.01328125 0.028125
2 0.578125 0.165625 0.0171875 0.0421875
2 0.628125 0.1421875 0.01484375 0.03359375
2 0.63828125 0.1359375 0.01171875 0.03203125
2 0.61015625 0.09140625 0.01328125 0.025
2 0.62734375 0.090625 0.01328125 0.0265625
2 0.6375 0.10546875 0.01015625 0.028125
2 0.65234375 0.1140625 0.0140625 0.0296875
2 0.66796875 0.0984375 0.01015625 0.028125
2 0.68046875 0.1109375 0.01328125 0.028125
2 0.69609375 0.10859375 0.0140625 0.03359375
2 0.5 0.26875 0.028125 0.0546875
2 0.5640625 0.2265625 0.0234375 0.05078125
2 0.578125 0.271875 0.02890625 0.05625
2 0.62421875 0.28828125 0.02890625 0.065625
2 0.62578125 0.25234375 0.021875 0.04609375
2 0.62421875 0.18359375 0.02109375 0.0390625
2 0.6609375 0.1734375 0.0171875 0.04375
2 0.67265625 0.19921875 0.021875 0.04609375
2 0.66328125 0.253125 0.025 0.04765625
2 0.68046875 0.303125 0.03046875 0.0671875
2 0.7140625 0.33828125 0.0359375 0.07421875
2 0.70078125 0.196875 0.0203125 0.04375
2 0.71875 0.21796875 0.0234375 0.0546875
2 0.70546875 0.153125 0.01640625 0.0390625
2 0.73828125 0.16171875 0.01640625 0.03671875
2 0.7640625 0.134375 0.01796875 0.03515625
2 0.75703125 0.1125 0.01796875 0.0421875
2 0.7875 0.125 0.01796875 0.03515625
2 0.7765625 0.1640625 0.01875 0.04609375
2 0.8015625 0.1875 0.01875 0.040625
2 0.8125 0.17890625 0.01640625 0.03671875
2 0.8296875 0.1671875 0.01640625 0.0390625
2 0.83359375 0.2046875 0.0171875 0.0390625
2 0.853125 0.1765625 0.0171875 0.0421875
2 0.84765625 0.14296875 0.01484375 0.028125
2 0.86953125 0.165625 0.01640625 0.03203125
2 0.88046875 0.1390625 0.0140625 0.03515625
2 0.89375 0.1875 0.0203125 0.03671875
2 0.8890625 0.23125 0.0234375 0.053125
2 0.853125 0.30078125 0.021875 0.0546875
2 0.865625 0.2828125 0.0203125 0.05078125
2 0.8015625 0.253125 0.021875 0.04375
2 0.803125 0.28828125 0.028125 0.0578125
2 0.80859375 0.35390625 0.0359375 0.07578125
2 0.896875 0.41796875 0.028125 0.084375
2 0.91953125 0.3171875 0.02578125 0.06328125
2 0.9359375 0.26875 0.02421875 0.0546875
2 0.92421875 0.23203125 0.0171875 0.04375
2 0.94140625 0.234375 0.01484375 0.03515625
2 0.9390625 0.1921875 0.01171875 0.03203125
2 0.940625 0.1625 0.01171875 0.028125
2 0.91875 0.1484375 0.01171875 0.025
2 0.91796875 0.171875 0.0140625 0.0296875