2 0.0828125 0.48359375 0.06875 0.13125
2 0.16484375 0.42578125 0.0421875 0.08359375
2 0.20546875 0.4140625 0.03125 0.06875
2 0.253125 0.415625 0.0265625 0.0578125
2 0.29296875 0.46328125 0.0609375 0.115625
2 0.33125 0.4109375 0.0328125 0.0578125
2 0.35390625 0.4078125 0.025 0.046875
2 0.36953125 0.39140625 0.02109375 0.040625
2 0.38203125 0.4078125 0.01875 0.034375
2 0.39140625 0.38515625 0.02265625 0.040625
2 0.409375 0.428125 0.0234375 0.0453125
2 0.45 0.3984375 0.025 0.0453125
2 0.4734375 0.403125 0.01640625 0.03828125
2 0.49609375 0.5171875 0.07734375 0.16328125
2 0.5265625 0.46171875 0.02734375 0.07265625
2 0.53203125 0.359375 0.0234375 0.03671875
2 0.63984375 0.44296875 0.0296875 0.06640625
2 0.6703125 0.4625 0.0296875 0.07109375
2 0.7171875 0.51484375 0.0765625 0.1375
2 0.7140625 0.4359375 0.025 0.05546875
2 0.746875 0.4203125 0.01875 0.0296875
2 0.759375 0.4453125 0.01875 0.0453125
2 0.7859375 0.44609375 0.03359375 0.0640625
2 0.81484375 0.4453125 0.0328125 0.075
2 0.84140625 0.4703125 0.0375 0.06875
2 0.846875 0.3765625 0.0265625 0.03671875
2 0.91640625 0.58046875 0.0703125 0.11796875
2 0.93359375 0.78203125 0.1296875 0.384375
2 0.9640625 0.28515625 0.06484375 0.12890625