2 0.93984375 0.175 0.01171875 0.02890625
2 0.903125 0.19609375 0.009375 0.02890625
2 0.93203125 0.2109375 0.01171875 0.02890625
2 0.915625 0.2484375 0.0140625 0.0421875
2 0.87890625 0.234375 0.0171875 0.04375
2 0.86953125 0.29375 0.0171875 0.0515625
2 0.853125 0.14609375 0.0109375 0.02890625
2 0.8765625 0.1484375 0.0109375 0.02890625
2 0.85390625 0.19921875 0.01640625 0.03828125
2 0.81875 0.12421875 0.01171875 0.02265625
2 0.825 0.16953125 0.01171875 0.03671875
2 0.80703125 0.190625 0.0140625 0.03671875
2 0.7859375 0.221875 0.0125 0.03828125
2 0.78984375 0.128125 0.009375 0.0265625
2 0.80390625 0.15546875 0.01171875 0.02890625
2 0.78125 0.1609375 0.0140625 0.03828125
2 0.77109375 0.1671875 0.0125 0.03671875
2 0.73828125 0.17890625 0.01171875 0.02890625
2 0.69609375 0.171875 0.0125 0.034375
2 0.71015625 0.18515625 0.0171875 0.0421875
2 0.71171875 0.2359375 0.01796875 0.04765625
2 0.65703125 0.196875 0.0171875 0.0421875
2 0.6328125 0.20546875 0.0171875 0.04375
2 0.6625 0.23515625 0.02109375 0.0421875
2 0.59453125 0.22265625 0.01953125 0.04765625
2 0.60859375 0.10234375 0.0078125 0.02109375
2 0.59609375 0.13203125 0.0125 0.03046875
2 0.6140625 0.165625 0.01171875 0.02890625
2 0.64609375 0.13984375 0.01171875 0.0265625
2 0.6546875 0.11875 0.009375 0.02265625
2 0.690625 0.109375 0.0109375 0.0265625
2 0.715625 0.11640625 0.0078125 0.02265625
2 0.5703125 0.12421875 0.01171875 0.02265625
2 0.57890625 0.17265625 0.0140625 0.0328125
2 0.52421875 0.125 0.009375 0.02109375
2 0.52109375 0.1609375 0.0125 0.03046875
2 0.5375 0.14375 0.0109375 0.0265625
2 0.5328125 0.221875 0.0140625 0.034375
2 0.47421875 0.20390625 0.0125 0.03671875
2 0.515625 0.1890625 0.01640625 0.034375
2 0.49609375 0.1265625 0.009375 0.01875
2 0.396875 0.159375 0.0140625 0.02890625
2 0.415625 0.16796875 0.01171875 0.0265625
2 0.43046875 0.16640625 0.0109375 0.0265625
2 0.44765625 0.15546875 0.0109375 0.025
2 0.46328125 0.175 0.0140625 0.02890625
2 0.465625 0.13359375 0.0125 0.0265625
2 0.4703125 0.1546875 0.01171875 0.034375
2 0.48359375 0.1421875 0.01171875 0.025
2 0.40546875 0.22109375 0.025 0.05546875
2 0.32578125 0.19375 0.0140625 0.02890625
2 0.35625 0.20234375 0.0140625 0.03046875