2 0.11640625 0.5109375 0.04453125 0.1046875
2 0.21796875 0.3578125 0.01953125 0.0328125
2 0.253125 0.36640625 0.025 0.04296875
2 0.2875 0.37421875 0.025 0.04609375
2 0.284375 0.303125 0.01484375 0.0390625
2 0.3359375 0.34921875 0.0234375 0.0484375
2 0.3484375 0.328125 0.015625 0.034375
2 0.35546875 0.2953125 0.015625 0.03125
2 0.38046875 0.33828125 0.01640625 0.034375
2 0.4125 0.3375 0.01875 0.0390625
2 0.44140625 0.34453125 0.01953125 0.04765625
2 0.43515625 0.30703125 0.01875 0.0359375
2 0.40234375 0.296875 0.01484375 0.03125
2 0.3890625 0.25546875 0.01484375 0.03046875
2 0.41015625 0.25859375 0.015625 0.03046875
2 0.44296875 0.2609375 0.0125 0.02890625
2 0.45234375 0.25 0.0109375 0.03046875
2 0.46640625 0.26796875 0.01640625 0.03125
2 0.4625 0.31328125 0.01796875 0.04140625
2 0.5 0.3109375 0.0171875 0.0375
2 0.51171875 0.2953125 0.0171875 0.0375
2 0.4890625 0.2671875 0.01484375 0.0328125
2 0.465625 0.23828125 0.01484375 0.021875
2 0.51015625 0.2546875 0.0125 0.02890625
2 0.5359375 0.25 0.0140625 0.03046875
2 0.5484375 0.271875 0.0171875 0.03984375
2 0.5671875 0.25703125 0.01640625 0.0359375
2 0.54296875 0.22734375 0.01484375 0.03046875
2 0.56640625 0.21796875 0.01484375 0.02578125
2 0.57421875 0.23671875 0.01484375 0.03046875
2 0.590625 0.24765625 0.01171875 0.03125
2 0.59140625 0.22421875 0.01171875 0.02734375
2 0.60390625 0.20390625 0.01171875 0.03046875
2 0.6203125 0.2109375 0.0125 0.02890625
2 0.62890625 0.2296875 0.0125 0.0359375
2 0.62265625 0.2578125 0.015625 0.034375
2 0.65390625 0.21875 0.0125 0.02734375
2 0.665625 0.23046875 0.0140625 0.03125
2 0.675 0.22734375 0.01171875 0.0328125
2 0.496875 0.38125 0.02734375 0.05703125
2 0.54140625 0.40546875 0.0296875 0.0515625
2 0.52890625 0.375 0.02265625 0.05
2 0.58984375 0.32421875 0.0234375 0.053125
2 0.60703125 0.4296875 0.03359375 0.065625
2 0.6015625 0.38125 0.02890625 0.0546875
2 0.6578125 0.44140625 0.03359375 0.06875
2 0.646875 0.37109375 0.028125 0.06015625
2 0.6375 0.33359375 0.02265625 0.04609375
2 0.6234375 0.29609375 0.01875 0.0390625
2 0.66640625 0.26875 0.015625 0.0328125
2 0.68125 0.3625 0.0234375 0.04296875
2 0.70703125 0.47578125 0.03515625 0.0828125
2 0.7234375 0.3953125 0.02734375 0.06015625
2 0.765625 0.44375 0.03046875 0.05703125
2 0.809375 0.5 0.03203125 0.065625
2 0.82890625 0.44140625 0.0296875 0.05703125
2 0.846875 0.41484375 0.0265625 0.04765625
2 0.8953125 0.46640625 0.03203125 0.05859375
2 0.88984375 0.3921875 0.02109375 0.053125
2 0.85859375 0.375 0.0234375 0.04609375
2 0.87265625 0.321875 0.01875 0.04453125
2 0.8984375 0.34921875 0.01796875 0.04453125
2 0.909375 0.33203125 0.01640625 0.04453125
2 0.921875 0.3125 0.01171875 0.03125
2 0.9140625 0.27890625 0.0140625 0.0328125
2 0.8828125 0.290625 0.0140625 0.0375
2 0.8578125 0.2609375 0.0140625 0.03125
2 0.84609375 0.2640625 0.01640625 0.0359375
2 0.84921875 0.28515625 0.015625 0.034375
2 0.83671875 0.30625 0.0171875 0.0390625
2 0.8125 0.35 0.0234375 0.04453125
2 0.77421875 0.3765625 0.02578125 0.06015625
2 0.8 0.30078125 0.0203125 0.04296875
2 0.80546875 0.27109375 0.01796875 0.03125
2 0.82421875 0.26640625 0.015625 0.0375
2 0.796875 0.24375 0.0140625 0.03125
2 0.76875 0.24609375 0.01640625 0.02890625
2 0.75546875 0.2890625 0.01875 0.03984375
2 0.7578125 0.26171875 0.01796875 0.0359375
2 0.725 0.26796875 0.015625 0.0375
2 0.73203125 0.2453125 0.0140625 0.03125
2 0.7390625 0.2296875 0.01484375 0.03046875
2 0.6953125 0.246875 0.01484375 0.0328125
2 0.71328125 0.2890625 0.015625 0.04296875
2 0.67734375 0.3265625 0.0234375 0.034375