2 0.94765625 0.23203125 0.01171875 0.03671875
2 0.93359375 0.25625 0.0125 0.03671875
2 0.896875 0.271875 0.01328125 0.04609375
2 0.8921875 0.21484375 0.01328125 0.03984375
2 0.87421875 0.2265625 0.0125 0.03984375
2 0.9046875 0.234375 0.01171875 0.04453125
2 0.9875 0.2515625 0.00859375 0.03671875
2 0.978125 0.290625 0.01171875 0.03828125
2 0.97421875 0.325 0.01171875 0.04453125
2 0.9796875 0.35234375 0.0140625 0.04296875
2 0.928125 0.33515625 0.01640625 0.0546875
2 0.95703125 0.3671875 0.01796875 0.06640625
2 0.95390625 0.43125 0.0171875 0.07421875
2 0.86328125 0.33359375 0.01796875 0.0578125
2 0.8796875 0.42109375 0.01953125 0.078125
2 0.853125 0.4953125 0.02421875 0.0859375
2 0.81328125 0.18125 0.0125 0.03828125
2 0.82265625 0.2140625 0.0140625 0.04140625
2 0.83671875 0.20390625 0.01484375 0.03984375
2 0.8109375 0.23984375 0.015625 0.04609375
2 0.81953125 0.29921875 0.01640625 0.0578125
2 0.775 0.17890625 0.0109375 0.0328125
2 0.76171875 0.18671875 0.0125 0.0328125
2 0.7828125 0.19765625 0.01484375 0.03828125
2 0.7703125 0.27421875 0.01875 0.0578125
2 0.7484375 0.22109375 0.01640625 0.0515625
2 0.73671875 0.21171875 0.0140625 0.03671875
2 0.7265625 0.2515625 0.01953125 0.053125
2 0.69453125 0.20390625 0.0171875 0.04609375
2 0.6953125 0.134375 0.01171875 0.03671875
2 0.71640625 0.15 0.0125 0.04140625
2 0.690625 0.15234375 0.01328125 0.03984375
2 0.6703125 0.22265625 0.01796875 0.0515625
2 0.728125 0.3953125 0.025 0.07265625
2 0.6640625 0.39765625 0.0234375 0.06953125
2 0.80703125 0.45546875 0.0328125 0.0859375
2 0.65859375 0.12421875 0.0109375 0.0328125
2 0.6359375 0.121875 0.0140625 0.03515625
2 0.653125 0.14296875 0.0125 0.03515625
2 0.6609375 0.17578125 0.01328125 0.03671875
2 0.59609375 0.1171875 0.0109375 0.03671875
2 0.5859375 0.13046875 0.0125 0.0328125
2 0.59375 0.1546875 0.01328125 0.03515625
2 0.6125 0.14765625 0.01328125 0.0328125
2 0.61640625 0.16875 0.0125 0.03671875
2 0.6203125 0.19375 0.01328125 0.04609375
2 0.60859375 0.29375 0.0203125 0.0578125
2 0.58671875 0.19140625 0.0140625 0.04453125
2 0.56171875 0.13046875 0.01328125 0.0328125
2 0.5578125 0.15 0.0140625 0.03125
2 0.53046875 0.15546875 0.015625 0.0328125
2 0.55859375 0.209375 0.01484375 0.04140625
2 0.584375 0.3296875 0.025 0.059375
2 0.609375 0.36171875 0.0234375 0.0578125
2 0.51171875 0.05546875 0.0140625 0.028125
2 0.459375 0.15234375 0.0125 0.03671875
2 0.484375 0.1609375 0.0140625 0.04296875
2 0.49765625 0.14765625 0.01171875 0.0328125
2 0.49921875 0.20078125 0.01484375 0.04453125
2 0.4828125 0.23046875 0.01875 0.053125
2 0.43828125 0.19296875 0.0140625 0.04140625
2 0.4234375 0.17109375 0.01328125 0.03828125
2 0.39921875 0.23125 0.015625 0.04765625
2 0.4484375 0.2921875 0.02265625 0.0578125
2 0.37734375 0.1765625 0.015625 0.03828125
2 0.3609375 0.203125 0.0140625 0.04453125
2 0.3734375 0.259375 0.01796875 0.0546875
2 0.321875 0.2046875 0.01796875 0.04453125
2 0.32109375 0.23359375 0.015625 0.03984375
2 0.3609375 0.24375 0.02109375 0.03671875
2 0.2640625 0.24375 0.0140625 0.04296875
2 0.2328125 0.25546875 0.0109375 0.04140625
2 0.2453125 0.26015625 0.0171875 0.04296875
2 0.10546875 0.54921875 0.0421875 0.1078125