2 0.07890625 0.26640625 0.01953125 0.03828125
2 0.37734375 0.19765625 0.01796875 0.03125
2 0.42421875 0.20390625 0.0171875 0.03359375
2 0.459375 0.22421875 0.0203125 0.03125
2 0.57265625 0.184375 0.015625 0.03359375
2 0.5796875 0.1546875 0.01328125 0.03359375
2 0.64453125 0.1171875 0.015625 0.028125
2 0.6515625 0.31015625 0.02578125 0.05234375
2 0.6375 0.2625 0.01640625 0.03828125
2 0.63515625 0.21953125 0.01640625 0.03671875
2 0.69140625 0.25390625 0.02109375 0.0453125
2 0.69765625 0.21171875 0.0171875 0.03828125
2 0.68515625 0.175 0.0140625 0.03125
2 0.95546875 0.23984375 0.015625 0.03515625