2 0.0234375 0.43046875 0.02890625 0.05234375
2 0.23515625 0.33828125 0.015625 0.03671875
2 0.2578125 0.371875 0.01796875 0.0390625
2 0.2890625 0.30546875 0.01484375 0.0390625
2 0.33671875 0.34921875 0.0203125 0.04765625
2 0.35703125 0.29296875 0.01484375 0.03671875
2 0.39296875 0.26796875 0.0140625 0.03359375
2 0.38828125 0.3328125 0.0125 0.03203125
2 0.40546875 0.3359375 0.0171875 0.03828125
2 0.42734375 0.2546875 0.015625 0.03359375
2 0.44140625 0.34140625 0.01640625 0.03515625
2 0.4453125 0.2671875 0.01171875 0.02421875
2 0.4546875 0.24140625 0.01015625 0.02421875
2 0.46484375 0.2375 0.01015625 0.01796875
2 0.4671875 0.3046875 0.0140625 0.0296875
2 0.4984375 0.321875 0.021875 0.03828125
2 0.50703125 0.2671875 0.0140625 0.0265625
2 0.53828125 0.2484375 0.01953125 0.0296875
2 0.4578125 0.4109375 0.02734375 0.05078125
2 0.53125 0.3609375 0.0203125 0.05078125
2 0.54140625 0.40390625 0.0265625 0.05078125
2 0.5546875 0.28671875 0.01875 0.0296875
2 0.5546875 0.23046875 0.01171875 0.0265625
2 0.56953125 0.2296875 0.0171875 0.03359375
2 0.59765625 0.2234375 0.0109375 0.0265625
2 0.6046875 0.21015625 0.015625 0.03359375
2 0.578125 0.2671875 0.01171875 0.03203125
2 0.59375 0.3265625 0.0203125 0.0453125
2 0.60703125 0.3671875 0.021875 0.04609375
2 0.5921875 0.4390625 0.0265625 0.06171875
2 0.63671875 0.45078125 0.03203125 0.05625
2 0.64296875 0.3734375 0.0234375 0.05390625
2 0.62734375 0.309375 0.01875 0.03203125
2 0.6328125 0.25234375 0.0125 0.025
2 0.63359375 0.23203125 0.02109375 0.03515625
2 0.653125 0.2109375 0.01171875 0.025
2 0.66484375 0.22890625 0.0125 0.0296875
2 0.65859375 0.24453125 0.015625 0.0265625
2 0.6703125 0.27265625 0.01484375 0.03515625
2 0.69140625 0.22734375 0.0125 0.03203125
2 0.7 0.259375 0.01796875 0.03125
2 0.68125 0.353125 0.02109375 0.040625
2 0.69921875 0.48828125 0.03359375 0.0609375
2 0.72421875 0.40390625 0.025 0.0453125
2 0.73203125 0.253125 0.01953125 0.03515625
2 0.71953125 0.28984375 0.0203125 0.028125
2 0.7625 0.28046875 0.01640625 0.028125
2 0.7484375 0.23671875 0.01484375 0.03671875
2 0.76796875 0.24140625 0.0109375 0.0265625
2 0.7796875 0.25625 0.015625 0.03125
2 0.81171875 0.26484375 0.0171875 0.03359375
2 0.83046875 0.2578125 0.0125 0.03359375
2 0.86171875 0.25625 0.0109375 0.0390625
2 0.77421875 0.425 0.02421875 0.0453125
2 0.81796875 0.525 0.034375 0.09140625
2 0.834375 0.425 0.0296875 0.05078125
2 0.8015625 0.3640625 0.01953125 0.04609375
2 0.81015625 0.303125 0.01484375 0.03125
2 0.83671875 0.29921875 0.01796875 0.03828125
2 0.8859375 0.2828125 0.015625 0.03125
2 0.85234375 0.36640625 0.0171875 0.05078125
2 0.865625 0.3515625 0.01875 0.04921875
2 0.903125 0.32109375 0.0125 0.03671875
2 0.9203125 0.2984375 0.01484375 0.03359375
2 0.91796875 0.2796875 0.015625 0.0265625
2 0.9265625 0.3671875 0.0203125 0.04921875
2 0.9 0.465625 0.0296875 0.06328125
2 0.8453125 0.28046875 0.015625 0.025
2 0.85078125 0.26875 0.0109375 0.028125
2 0.40625 0.303125 0.0203125 0.0421875
2 0.59296875 0.2546875 0.01484375 0.03359375
2 0.621875 0.2171875 0.01171875 0.025