2 0.0625 0.53203125 0.0609375 0.11015625
2 0.25625 0.28359375 0.0140625 0.0234375
2 0.28203125 0.2734375 0.01640625 0.0296875
2 0.303125 0.253125 0.01484375 0.03359375
2 0.3140625 0.23828125 0.01640625 0.0296875
2 0.32734375 0.26171875 0.0140625 0.03359375
2 0.34453125 0.2828125 0.02265625 0.0484375
2 0.34375 0.21953125 0.01875 0.03828125
2 0.35546875 0.2328125 0.01484375 0.028125
2 0.3765625 0.221875 0.01796875 0.03359375
2 0.38984375 0.19296875 0.01796875 0.0296875
2 0.42265625 0.215625 0.0171875 0.028125
2 0.43671875 0.26796875 0.0234375 0.04296875
2 0.47578125 0.24296875 0.021875 0.04296875
2 0.46953125 0.19140625 0.0140625 0.0296875
2 0.490625 0.196875 0.0140625 0.0296875
2 0.44921875 0.225 0.01796875 0.03671875
2 0.4125 0.16484375 0.01484375 0.0296875
2 0.434375 0.165625 0.01640625 0.03203125
2 0.45625 0.1640625 0.01640625 0.025
2 0.4546875 0.1359375 0.009375 0.021875
2 0.4828125 0.159375 0.0125 0.025
2 0.4796875 0.14140625 0.01015625 0.0203125
2 0.49609375 0.12890625 0.01328125 0.021875
2 0.5203125 0.159375 0.01640625 0.028125
2 0.53203125 0.1328125 0.0140625 0.028125
2 0.54609375 0.19140625 0.0171875 0.03671875
2 0.55234375 0.15078125 0.01640625 0.03203125
2 0.5640625 0.10859375 0.01328125 0.0265625
2 0.590625 0.14765625 0.01953125 0.0453125
2 0.59921875 0.11640625 0.0125 0.01640625
2 0.59609375 0.09453125 0.0125 0.021875
2 0.615625 0.11015625 0.0125 0.0234375
2 0.6265625 0.1390625 0.01484375 0.028125
2 0.62890625 0.096875 0.0140625 0.0234375
2 0.64609375 0.1 0.01171875 0.0234375
2 0.64453125 0.121875 0.0140625 0.0265625
2 0.67109375 0.1234375 0.01484375 0.0265625
2 0.69453125 0.10078125 0.01640625 0.03203125
2 0.490625 0.2921875 0.0234375 0.0453125
2 0.56328125 0.2921875 0.0234375 0.0515625
2 0.571875 0.23984375 0.01875 0.03984375
2 0.59765625 0.25546875 0.021875 0.0453125
2 0.61484375 0.203125 0.01796875 0.03671875
2 0.65625 0.171875 0.01484375 0.03359375
2 0.6671875 0.2046875 0.01953125 0.04296875
2 0.665625 0.2484375 0.0234375 0.053125
2 0.67421875 0.334375 0.03046875 0.05859375
2 0.61015625 0.32734375 0.025 0.0546875
2 0.715625 0.2921875 0.0296875 0.0546875
2 0.70390625 0.21328125 0.021875 0.046875
2 0.68828125 0.184375 0.01796875 0.04140625
2 0.68984375 0.1484375 0.01640625 0.0296875
2 0.71484375 0.13203125 0.01640625 0.0296875
2 0.7421875 0.17890625 0.01953125 0.0484375
2 0.7515625 0.13515625 0.01640625 0.03359375
2 0.7578125 0.1078125 0.0140625 0.028125
2 0.79609375 0.1359375 0.01640625 0.03515625
2 0.8046875 0.11640625 0.01875 0.0296875
2 0.76484375 0.13828125 0.01015625 0.0265625
2 0.77734375 0.215625 0.02265625 0.0484375
2 0.78671875 0.2890625 0.03125 0.06484375
2 0.8078125 0.175 0.0171875 0.03671875
2 0.82265625 0.1671875 0.01484375 0.03203125
2 0.821875 0.13671875 0.0140625 0.0296875
2 0.83984375 0.1359375 0.01484375 0.03515625
2 0.85703125 0.15 0.01484375 0.0296875
2 0.8734375 0.1546875 0.0140625 0.0296875
2 0.88046875 0.125 0.0125 0.03359375
2 0.9109375 0.128125 0.01328125 0.0296875
2 0.9390625 0.1578125 0.01484375 0.03515625
2 0.94140625 0.14296875 0.01171875 0.0265625
2 0.93046875 0.2015625 0.01796875 0.04296875
2 0.93203125 0.26640625 0.021875 0.053125
2 0.87578125 0.2125 0.02265625 0.0484375
2 0.8625 0.18671875 0.01796875 0.0296875
2 0.88828125 0.19296875 0.0171875 0.03671875
2 0.90078125 0.17734375 0.01484375 0.03203125