2 0.2 0.3625 0.040625 0.09609375
2 0.28671875 0.228125 0.01171875 0.03125
2 0.30859375 0.24609375 0.01875 0.034375
2 0.35078125 0.19296875 0.015625 0.04375
2 0.3609375 0.22578125 0.015625 0.0328125
2 0.3765625 0.1984375 0.015625 0.03671875
2 0.38671875 0.24765625 0.01640625 0.04765625
2 0.4015625 0.1953125 0.02109375 0.034375
2 0.4296875 0.23203125 0.01953125 0.0453125
2 0.4203125 0.14765625 0.01171875 0.021875
2 0.42109375 0.16796875 0.0125 0.02734375
2 0.4296875 0.18984375 0.015625 0.034375
2 0.4546875 0.21015625 0.01640625 0.03125
2 0.45 0.159375 0.0125 0.02734375
2 0.47734375 0.18203125 0.01484375 0.0328125
2 0.4828125 0.2234375 0.01484375 0.0328125
2 0.47734375 0.1484375 0.015625 0.03125
2 0.49609375 0.1609375 0.01484375 0.03125
2 0.52421875 0.13515625 0.015625 0.02734375
2 0.5375 0.17421875 0.015625 0.03984375
2 0.55546875 0.1296875 0.01328125 0.0203125
2 0.56484375 0.17890625 0.01953125 0.03828125
2 0.578125 0.159375 0.01328125 0.02734375
2 0.58515625 0.11171875 0.0125 0.02734375
2 0.59453125 0.1203125 0.00859375 0.02578125
2 0.603125 0.17421875 0.01875 0.0328125
2 0.6203125 0.1203125 0.01171875 0.021875
2 0.63828125 0.1296875 0.01328125 0.0234375
2 0.64921875 0.1125 0.01171875 0.01796875
2 0.65625 0.1375 0.01015625 0.034375
2 0.6640625 0.11484375 0.00546875 0.01796875
2 0.66953125 0.10078125 0.01328125 0.0203125
2 0.6953125 0.12421875 0.009375 0.02734375
2 0.70546875 0.1 0.009375 0.021875
2 0.7375 0.109375 0.01171875 0.02578125
2 0.6296875 0.16796875 0.01796875 0.02734375
2 0.5 0.27109375 0.021875 0.0578125
2 0.55625 0.3015625 0.02890625 0.05078125
2 0.59375 0.23125 0.021875 0.05078125
2 0.609375 0.33125 0.02265625 0.0578125
2 0.646875 0.24453125 0.01640625 0.04921875
2 0.684375 0.18359375 0.0125 0.02890625
2 0.69140625 0.24609375 0.02109375 0.0421875
2 0.70234375 0.30234375 0.02890625 0.05234375
2 0.7203125 0.18515625 0.015625 0.04375
2 0.7640625 0.12890625 0.0125 0.0328125
2 0.76640625 0.19609375 0.01953125 0.04765625
2 0.73671875 0.2296875 0.02109375 0.0453125
2 0.809375 0.15390625 0.015625 0.0421875
2 0.77890625 0.24765625 0.01953125 0.0546875
2 0.79921875 0.29375 0.02265625 0.04921875
2 0.7578125 0.37265625 0.03203125 0.06875
2 0.81484375 0.2203125 0.01640625 0.03671875
2 0.83359375 0.25625 0.01875 0.05078125
2 0.85390625 0.3171875 0.025 0.06015625
2 0.8375 0.3875 0.03046875 0.06171875
2 0.88671875 0.26328125 0.021875 0.04765625
2 0.89375 0.215625 0.015625 0.0453125
2 0.9515625 0.21484375 0.01875 0.04375
2 0.940625 0.28828125 0.021875 0.05234375
2 0.93828125 0.35390625 0.02734375 0.06015625
2 0.9109375 0.42109375 0.03828125 0.08203125
2 0.49921875 0.134375 0.0125 0.02890625
2 0.7328125 0.2953125 0.01953125 0.05234375
2 0.8 0.140625 0.01328125 0.03125