2 0.82890625 0.303125 0.0234375 0.05703125
2 0.8515625 0.23125 0.02109375 0.0515625
2 0.915625 0.23828125 0.015625 0.0453125
2 0.92578125 0.2671875 0.01796875 0.04765625
2 0.85546875 0.15703125 0.0109375 0.0296875
2 0.884375 0.15703125 0.00859375 0.02578125
2 0.88203125 0.16875 0.0125 0.0296875
2 0.878125 0.2046875 0.01328125 0.04140625
2 0.8375 0.18359375 0.01328125 0.0359375
2 0.81875 0.21640625 0.015625 0.04140625
2 0.790625 0.18203125 0.01484375 0.0359375
2 0.80078125 0.13125 0.00859375 0.02578125
2 0.82421875 0.1453125 0.0125 0.03359375
2 0.72890625 0.1234375 0.0109375 0.02578125
2 0.703125 0.13828125 0.0109375 0.02734375
2 0.6734375 0.121875 0.0109375 0.02578125
2 0.6796875 0.153125 0.01328125 0.03359375
2 0.68125 0.19140625 0.0171875 0.03984375
2 0.71328125 0.16796875 0.0125 0.03125
2 0.7125 0.21640625 0.01875 0.04140625
2 0.72578125 0.19921875 0.0171875 0.03984375
2 0.7625 0.13671875 0.01328125 0.03125
2 0.78046875 0.14609375 0.0125 0.03125
2 0.74765625 0.171875 0.01328125 0.0359375
2 0.76015625 0.22265625 0.0203125 0.04921875
2 0.76875 0.29140625 0.02265625 0.0609375
2 0.7171875 0.28046875 0.0234375 0.05546875
2 0.6671875 0.25078125 0.0203125 0.0515625
2 0.61640625 0.24375 0.01875 0.04921875
2 0.640625 0.1859375 0.01484375 0.03984375
2 0.65078125 0.209375 0.0171875 0.04375
2 0.625 0.20546875 0.0171875 0.04375
2 0.634375 0.121875 0.00859375 0.021875
2 0.6109375 0.12265625 0.00859375 0.01953125
2 0.58828125 0.12265625 0.0078125 0.01953125
2 0.584375 0.14296875 0.0109375 0.0296875
2 0.6046875 0.1375 0.01015625 0.02578125
2 0.6109375 0.1484375 0.0109375 0.02734375
2 0.55390625 0.1296875 0.0109375 0.02578125
2 0.4828125 0.1375 0.00859375 0.021875
2 0.49453125 0.1515625 0.0109375 0.02578125
2 0.50234375 0.1875 0.015625 0.0359375
2 0.53046875 0.1671875 0.01328125 0.0296875
2 0.534375 0.19296875 0.01796875 0.04140625
2 0.56640625 0.16796875 0.015625 0.0359375
2 0.5484375 0.24296875 0.01875 0.04375
2 0.590625 0.33515625 0.02578125 0.0609375
2 0.5625 0.2859375 0.02265625 0.05703125
2 0.4828125 0.303125 0.02265625 0.05703125
2 0.453125 0.14453125 0.0078125 0.0234375
2 0.475 0.19296875 0.01484375 0.03359375
2 0.44375 0.190625 0.0109375 0.0296875
2 0.46953125 0.2328125 0.01796875 0.04375
2 0.4265625 0.2359375 0.0171875 0.03359375
2 0.4046875 0.19375 0.01328125 0.03125
2 0.3828125 0.18984375 0.0125 0.02734375
2 0.3921875 0.2171875 0.015625 0.02734375
2 0.36015625 0.20390625 0.01328125 0.0234375
2 0.3640625 0.2453125 0.01796875 0.04375
2 0.36875 0.27265625 0.0203125 0.04375
2 0.38671875 0.27578125 0.02265625 0.04921875
2 0.34609375 0.23046875 0.01484375 0.03359375
2 0.33671875 0.25859375 0.01875 0.04375
2 0.246875 0.26015625 0.0125 0.0296875
2 0.2984375 0.25390625 0.01328125 0.03359375
2 0.31484375 0.2453125 0.015625 0.03984375
2 0.325 0.22890625 0.01328125 0.03125
2 0.55 0.1515625 0.01015625 0.02578125
2 0.190625 0.40703125 0.03828125 0.075
2 0.4390625 0.17421875 0.01484375 0.03125