2 0.29375 0.39609375 0.05546875 0.11171875
2 0.275 0.21875 0.01328125 0.03671875
2 0.29453125 0.22734375 0.0125 0.03046875
2 0.31015625 0.22578125 0.01484375 0.03828125
2 0.32578125 0.2046875 0.015625 0.03203125
2 0.34140625 0.2234375 0.015625 0.03828125
2 0.3609375 0.18515625 0.01328125 0.034375
2 0.365625 0.23671875 0.015625 0.040625
2 0.38125 0.21171875 0.01171875 0.03046875
2 0.39140625 0.2078125 0.01484375 0.0265625
2 0.4015625 0.2359375 0.0171875 0.0421875
2 0.4390625 0.23359375 0.021875 0.03828125
2 0.4359375 0.15859375 0.015625 0.03046875
2 0.459375 0.19921875 0.015625 0.046875
2 0.478125 0.15390625 0.0125 0.02421875
2 0.490625 0.15390625 0.01328125 0.03203125
2 0.49296875 0.11640625 0.009375 0.01796875
2 0.5234375 0.12265625 0.009375 0.0265625
2 0.5203125 0.17109375 0.0125 0.03828125
2 0.534375 0.1609375 0.015625 0.02265625
2 0.5515625 0.18125 0.01328125 0.0421875
2 0.5625 0.15625 0.01484375 0.03203125
2 0.59375 0.11015625 0.01171875 0.02265625
2 0.60234375 0.15390625 0.01484375 0.04453125
2 0.5859375 0.21484375 0.02265625 0.0484375
2 0.60625 0.2265625 0.01796875 0.040625
2 0.63125 0.2328125 0.01796875 0.04453125
2 0.61328125 0.10390625 0.01171875 0.02265625
2 0.6203125 0.134375 0.0171875 0.034375
2 0.6375 0.15390625 0.01484375 0.03203125
2 0.66015625 0.109375 0.0125 0.03203125
2 0.68359375 0.11875 0.015625 0.03828125
2 0.7 0.11328125 0.01171875 0.028125
2 0.6578125 0.17734375 0.0171875 0.034375
2 0.6671875 0.2296875 0.01171875 0.046875
2 0.68359375 0.2578125 0.01953125 0.046875
2 0.7109375 0.328125 0.028125 0.07265625
2 0.75703125 0.353125 0.025 0.07109375
2 0.7171875 0.22734375 0.01953125 0.046875
2 0.725 0.14140625 0.0125 0.028125
2 0.7328125 0.1859375 0.01484375 0.040625
2 0.75234375 0.13046875 0.01171875 0.03828125
2 0.7828125 0.13671875 0.009375 0.03046875
2 0.7859375 0.1640625 0.01484375 0.028125
2 0.79296875 0.2015625 0.0171875 0.03828125
2 0.75625 0.2390625 0.01953125 0.04453125
2 0.796875 0.2875 0.02265625 0.05234375
2 0.81015625 0.25390625 0.0203125 0.0546875
2 0.8375 0.14765625 0.01015625 0.0203125
2 0.85546875 0.14609375 0.0125 0.03203125
2 0.83984375 0.21953125 0.015625 0.0421875
2 0.86484375 0.17890625 0.015625 0.03828125
2 0.8765625 0.22890625 0.0203125 0.0484375
2 0.9296875 0.21015625 0.01171875 0.03671875
2 0.92734375 0.26015625 0.015625 0.0421875
2 0.91171875 0.3171875 0.02265625 0.0546875
2 0.90546875 0.178125 0.01171875 0.028125
2 0.8234375 0.17109375 0.01484375 0.034375
2 0.76484375 0.12265625 0.01015625 0.02265625
2 0.80078125 0.13671875 0.0078125 0.02265625
2 0.546875 0.134375 0.01171875 0.0265625
2 0.43515625 0.20078125 0.01953125 0.040625