2 0.06015625 0.2796875 0.02734375 0.0546875
2 0.28515625 0.20859375 0.01796875 0.03046875
2 0.3125 0.2125 0.0140625 0.03046875
2 0.31953125 0.21953125 0.015625 0.034375
2 0.3453125 0.2140625 0.0171875 0.04140625
2 0.3796875 0.2265625 0.01875 0.04375
2 0.40546875 0.23203125 0.01875 0.04375
2 0.42265625 0.24375 0.01875 0.03984375
2 0.446875 0.215625 0.01875 0.04140625
2 0.434375 0.19375 0.0171875 0.03984375
2 0.4140625 0.17890625 0.01484375 0.03203125
2 0.37265625 0.20078125 0.0125 0.0265625
2 0.36484375 0.1796875 0.0140625 0.03046875
2 0.34375 0.1703125 0.015625 0.03046875
2 0.3765625 0.16875 0.0125 0.02265625
2 0.43125 0.13984375 0.01015625 0.03046875
2 0.4375 0.16015625 0.01484375 0.03203125
2 0.453125 0.178125 0.0125 0.034375
2 0.4125 0.15703125 0.0140625 0.02265625
2 0.475 0.1890625 0.0203125 0.03046875
2 0.48984375 0.15546875 0.0140625 0.034375
2 0.4828125 0.13984375 0.0125 0.02265625
2 0.49765625 0.115625 0.0125 0.02265625
2 0.5125 0.178125 0.0171875 0.03046875
2 0.50703125 0.1421875 0.01484375 0.03046875
2 0.525 0.11953125 0.01484375 0.02265625
2 0.5328125 0.14609375 0.0140625 0.034375
2 0.54765625 0.1546875 0.01484375 0.03203125
2 0.55703125 0.178125 0.01796875 0.0375
2 0.55234375 0.1171875 0.0125 0.0265625
2 0.575 0.13984375 0.01015625 0.03046875
2 0.59765625 0.1515625 0.01796875 0.034375
2 0.5953125 0.10625 0.0125 0.03046875
2 0.6140625 0.12421875 0.009375 0.025
2 0.62265625 0.128125 0.0125 0.03203125
2 0.64140625 0.14765625 0.01484375 0.034375
2 0.65 0.13984375 0.0125 0.034375
2 0.6484375 0.10390625 0.0140625 0.03046875
2 0.6203125 0.09765625 0.0125 0.025
2 0.68046875 0.11328125 0.0140625 0.034375
2 0.6921875 0.103125 0.01015625 0.025
2 0.7109375 0.10234375 0.01171875 0.0265625
2 0.64140625 0.184375 0.021875 0.03984375
2 0.5875 0.2203125 0.0265625 0.04765625
2 0.6171875 0.24140625 0.0265625 0.05078125
2 0.65859375 0.1953125 0.0171875 0.0375
2 0.696875 0.25625 0.02421875 0.05078125
2 0.69609375 0.23046875 0.021875 0.03984375
2 0.7109375 0.33515625 0.03125 0.06796875
2 0.7515625 0.36171875 0.0328125 0.0640625
2 0.8015625 0.28671875 0.02734375 0.05859375
2 0.759375 0.23515625 0.0234375 0.0453125
2 0.734375 0.225 0.01875 0.04921875
2 0.71484375 0.175 0.01796875 0.0359375
2 0.7328125 0.13984375 0.015625 0.034375
2 0.73203125 0.1734375 0.015625 0.03203125
2 0.7546875 0.18671875 0.0171875 0.03984375
2 0.75234375 0.13125 0.0125 0.03203125
2 0.765625 0.12421875 0.01171875 0.028125
2 0.7875 0.13671875 0.0125 0.03046875
2 0.8015625 0.13515625 0.01171875 0.02109375
2 0.79296875 0.16015625 0.015625 0.028125
2 0.78984375 0.190625 0.015625 0.03984375
2 0.81171875 0.209375 0.0171875 0.028125
2 0.82734375 0.17265625 0.0171875 0.034375
2 0.834375 0.134375 0.01484375 0.0265625
2 0.84375 0.1484375 0.0140625 0.028125
2 0.85078125 0.14296875 0.01171875 0.028125
2 0.8640625 0.16953125 0.01484375 0.03203125
2 0.85390625 0.20703125 0.015625 0.03984375
2 0.8421875 0.2125 0.01875 0.0375
2 0.82421875 0.24375 0.021875 0.03984375
2 0.90703125 0.33046875 0.0265625 0.05859375
2 0.8890625 0.23828125 0.01875 0.04921875
2 0.8953125 0.2171875 0.01875 0.0359375
2 0.89921875 0.17421875 0.01796875 0.034375
2 0.90859375 0.15078125 0.0125 0.03203125
2 0.9296875 0.2140625 0.015625 0.04140625
2 0.93203125 0.2625 0.02421875 0.04375
2 0.93984375 0.17734375 0.01484375 0.028125