2 0.04375 0.21953125 0.01328125 0.0359375
2 0.11796875 0.20234375 0.01796875 0.0359375
2 0.15234375 0.146875 0.0125 0.034375
2 0.1578125 0.175 0.01328125 0.0328125
2 0.18125 0.1921875 0.015625 0.0359375
2 0.17265625 0.25859375 0.01875 0.04609375
2 0.05234375 0.403125 0.01953125 0.06875
2 0.0734375 0.47421875 0.02265625 0.06328125
2 0.13046875 0.5859375 0.0296875 0.071875
2 0.20390625 0.46953125 0.0234375 0.05625
2 0.2078125 0.33359375 0.02109375 0.0546875
2 0.23984375 0.28515625 0.01953125 0.0515625
2 0.2078125 0.1171875 0.01484375 0.0328125
2 0.25234375 0.11953125 0.01484375 0.03046875
2 0.29375 0.14609375 0.0140625 0.0390625
2 0.28671875 0.190625 0.01484375 0.04296875
2 0.30546875 0.221875 0.015625 0.04140625
2 0.353125 0.21640625 0.01640625 0.04296875
2 0.35859375 0.08046875 0.0109375 0.03046875
2 0.38828125 0.09140625 0.01328125 0.02890625
2 0.3765625 0.16953125 0.01484375 0.0375
2 0.4265625 0.07421875 0.0109375 0.0328125
2 0.42109375 0.17109375 0.0140625 0.03046875
2 0.4625 0.13046875 0.0140625 0.0328125
2 0.47890625 0.12109375 0.01640625 0.03046875
2 0.46328125 0.16328125 0.01328125 0.02890625
2 0.47265625 0.209375 0.015625 0.04296875
2 0.50546875 0.1671875 0.01328125 0.0375
2 0.553125 0.1546875 0.015625 0.0390625
2 0.503125 0.09609375 0.01015625 0.02421875
2 0.4796875 0.07265625 0.0125 0.02578125
2 0.53828125 0.07421875 0.0109375 0.02890625
2 0.45390625 0.2671875 0.01875 0.04921875
2 0.54609375 0.290625 0.01796875 0.0546875
2 0.5296875 0.4515625 0.021875 0.071875
2 0.5703125 0.1921875 0.01484375 0.0390625
2 0.61015625 0.23046875 0.0140625 0.04140625
2 0.68125 0.33359375 0.01796875 0.04765625
2 0.70078125 0.25703125 0.0171875 0.0390625
2 0.57109375 0.09375 0.0125 0.02734375
2 0.58359375 0.11875 0.0109375 0.0328125
2 0.61875 0.11015625 0.0125 0.02890625
2 0.65234375 0.14765625 0.0140625 0.02890625
2 0.70390625 0.19921875 0.01328125 0.0359375
2 0.72734375 0.21484375 0.0171875 0.0328125
2 0.7734375 0.20078125 0.0140625 0.0328125
2 0.8109375 0.21953125 0.01484375 0.0359375
2 0.853125 0.265625 0.015625 0.0390625
2 0.86875 0.28984375 0.015625 0.0390625
2 0.92421875 0.35625 0.01640625 0.04921875
2 0.7828125 0.35703125 0.021875 0.04765625