2 0.084375 0.55234375 0.05234375 0.11640625
2 0.225 0.26328125 0.01796875 0.04453125
2 0.2375 0.2609375 0.0171875 0.05234375
2 0.278125 0.23515625 0.02109375 0.04609375
2 0.30625 0.23515625 0.01875 0.0390625
2 0.3109375 0.20625 0.01953125 0.0375
2 0.3375 0.2234375 0.01953125 0.04921875
2 0.371875 0.2609375 0.021875 0.059375
2 0.35234375 0.20546875 0.01640625 0.0359375
2 0.3640625 0.1875 0.01640625 0.0328125
2 0.4140625 0.17421875 0.01484375 0.0359375
2 0.39453125 0.240625 0.015625 0.0375
2 0.42890625 0.30625 0.02265625 0.0578125
2 0.4328125 0.184375 0.01640625 0.04140625
2 0.425 0.159375 0.0125 0.0296875
2 0.45546875 0.1625 0.0125 0.0328125
2 0.47421875 0.1703125 0.01640625 0.04453125
2 0.46796875 0.23984375 0.01953125 0.04921875
2 0.496875 0.2046875 0.01875 0.04140625
2 0.4953125 0.1453125 0.0140625 0.034375
2 0.51484375 0.16640625 0.01875 0.04453125
2 0.525 0.15703125 0.015625 0.04140625
2 0.55078125 0.2140625 0.015625 0.04765625
2 0.57421875 0.1921875 0.01640625 0.04921875
2 0.55546875 0.159375 0.01640625 0.0359375
2 0.5546875 0.13203125 0.0140625 0.034375
2 0.57734375 0.13359375 0.0140625 0.034375
2 0.59609375 0.13046875 0.01640625 0.04140625
2 0.60546875 0.1421875 0.01328125 0.028125
2 0.61015625 0.1625 0.01328125 0.0328125
2 0.61171875 0.1890625 0.015625 0.04296875
2 0.65703125 0.17734375 0.01328125 0.0359375
2 0.65234375 0.14609375 0.0125 0.0328125
2 0.63125 0.1234375 0.01484375 0.0359375
2 0.65 0.1171875 0.0125 0.03125
2 0.68515625 0.14921875 0.0125 0.0359375
2 0.690625 0.134375 0.01171875 0.0328125
2 0.709375 0.15 0.015625 0.04140625
2 0.57421875 0.3265625 0.02265625 0.059375
2 0.59375 0.36484375 0.0265625 0.06875
2 0.6078125 0.284375 0.02734375 0.0625
2 0.6578125 0.24375 0.02578125 0.05390625
2 0.65625 0.40546875 0.02890625 0.06875
2 0.71953125 0.4 0.02734375 0.0703125
2 0.6953125 0.209375 0.01953125 0.05390625
2 0.7109375 0.26953125 0.0234375 0.065625
2 0.73984375 0.225 0.01796875 0.04921875
2 0.753125 0.2734375 0.0171875 0.04765625
2 0.79609375 0.45 0.02890625 0.07890625
2 0.85078125 0.4890625 0.02890625 0.0921875
2 0.875 0.39453125 0.0234375 0.07421875
2 0.8609375 0.33671875 0.0234375 0.05546875
2 0.7984375 0.30703125 0.025 0.059375
2 0.79296875 0.23671875 0.0171875 0.05234375
2 0.77578125 0.21015625 0.0140625 0.0390625
2 0.75390625 0.196875 0.01484375 0.0390625
2 0.7703125 0.17890625 0.0109375 0.0265625
2 0.7671875 0.1984375 0.0125 0.0328125
2 0.80703125 0.1875 0.01328125 0.0390625
2 0.8140625 0.22734375 0.0171875 0.04453125
2 0.86875 0.23125 0.0171875 0.04296875
2 0.9015625 0.22265625 0.01640625 0.04453125
2 0.896875 0.2515625 0.0140625 0.0390625
2 0.88671875 0.27421875 0.01875 0.05234375
2 0.925 0.3390625 0.01953125 0.04765625
2 0.9453125 0.36875 0.021875 0.0578125
2 0.9484375 0.4359375 0.02578125 0.08359375
2 0.97265625 0.359375 0.021875 0.05546875
2 0.96875 0.31015625 0.01484375 0.04296875
2 0.9796875 0.253125 0.01484375 0.0359375
2 0.92578125 0.26015625 0.01484375 0.04453125
2 0.946875 0.23984375 0.0140625 0.0390625