2 0.62265625 0.2890625 0.15859375 0.1734375
2 0.50859375 0.36640625 0.11796875 0.159375
2 0.30546875 0.40390625 0.0625 0.075
2 0.39765625 0.37265625 0.11328125 0.1421875
2 0.896875 0.3671875 0.08203125 0.11328125
2 0.453125 0.36875 0.11796875 0.14453125
2 0.95546875 0.2515625 0.0796875 0.17109375
2 0.6234375 0.0640625 0.1609375 0.12734375
2 0.50703125 0.021875 0.1203125 0.04375
2 0.396875 0.01484375 0.115625 0.02890625
2 0.4515625 0.0171875 0.1203125 0.03359375
2 0.9546875 0.08203125 0.08203125 0.1640625