2 0.2671875 0.36171875 0.05078125 0.09375
2 0.28203125 0.2234375 0.01796875 0.0359375
2 0.309375 0.22109375 0.0171875 0.034375
2 0.31640625 0.24765625 0.02265625 0.04609375
2 0.33671875 0.1796875 0.01796875 0.0359375
2 0.35625 0.24609375 0.021875 0.04609375
2 0.3703125 0.184375 0.01953125 0.0359375
2 0.37734375 0.20859375 0.01875 0.0390625
2 0.3921875 0.1984375 0.01875 0.0390625
2 0.378125 0.171875 0.015625 0.02734375
2 0.40234375 0.16015625 0.0125 0.034375
2 0.41953125 0.1984375 0.0203125 0.0359375
2 0.40546875 0.2328125 0.01875 0.040625
2 0.4203125 0.24140625 0.021875 0.04453125
2 0.45625 0.20078125 0.0203125 0.04453125
2 0.44375 0.18671875 0.01328125 0.03046875
2 0.42109375 0.146875 0.009375 0.021875
2 0.4421875 0.15703125 0.01328125 0.03203125
2 0.42578125 0.16953125 0.01953125 0.03203125
2 0.46796875 0.153125 0.0140625 0.034375
2 0.478125 0.18203125 0.01875 0.040625
2 0.47421875 0.128125 0.0140625 0.02578125
2 0.49453125 0.15078125 0.01796875 0.0359375
2 0.4984375 0.115625 0.0109375 0.02734375
2 0.51015625 0.13125 0.01484375 0.034375
2 0.5171875 0.1171875 0.0125 0.02734375
2 0.51875 0.17109375 0.0203125 0.0421875
2 0.5359375 0.1375 0.0140625 0.034375
2 0.54765625 0.12578125 0.015625 0.034375
2 0.52734375 0.15 0.0140625 0.034375
2 0.55 0.1734375 0.01796875 0.0375
2 0.56015625 0.1765625 0.02265625 0.04765625
2 0.58125 0.17109375 0.01953125 0.04609375
2 0.5640625 0.14140625 0.015625 0.034375
2 0.578125 0.1046875 0.0140625 0.02890625
2 0.59140625 0.1234375 0.0125 0.02890625
2 0.59765625 0.1453125 0.0125 0.0359375
2 0.60546875 0.09453125 0.01328125 0.02890625
2 0.6 0.1046875 0.01328125 0.02578125
2 0.62421875 0.121875 0.0140625 0.02890625
2 0.6296875 0.10234375 0.01015625 0.02734375
2 0.640625 0.1453125 0.0171875 0.0421875
2 0.6453125 0.134375 0.0140625 0.02734375
2 0.640625 0.115625 0.0109375 0.0234375
2 0.6421875 0.1015625 0.01328125 0.02890625
2 0.67265625 0.10703125 0.0109375 0.0234375
2 0.67890625 0.11796875 0.01484375 0.0359375
2 0.68828125 0.10546875 0.01328125 0.02734375
2 0.56171875 0.24140625 0.02265625 0.05078125
2 0.6125 0.2578125 0.0234375 0.05625
2 0.6078125 0.22265625 0.02265625 0.040625
2 0.659375 0.27265625 0.0296875 0.059375
2 0.65625 0.23515625 0.0234375 0.0359375
2 0.6640625 0.17890625 0.0203125 0.04453125
2 0.6671875 0.34296875 0.0328125 0.0765625
2 0.740625 0.38671875 0.0296875 0.0734375
2 0.78203125 0.30078125 0.028125 0.075
2 0.759375 0.24296875 0.02421875 0.0609375
2 0.7390625 0.22421875 0.0234375 0.04765625
2 0.71796875 0.240625 0.0234375 0.05234375
2 0.7046875 0.1890625 0.01875 0.04453125
2 0.696875 0.17109375 0.015625 0.0359375
2 0.7328125 0.1609375 0.01796875 0.0390625
2 0.7296875 0.1375 0.0140625 0.02734375
2 0.7421875 0.12578125 0.0140625 0.034375
2 0.77734375 0.1359375 0.01328125 0.034375
2 0.77578125 0.11484375 0.0125 0.021875
2 0.78671875 0.1703125 0.015625 0.034375
2 0.79609375 0.20234375 0.01796875 0.040625
2 0.81171875 0.19296875 0.0171875 0.0390625
2 0.82421875 0.16875 0.015625 0.0375
2 0.83671875 0.159375 0.0140625 0.0390625
2 0.82109375 0.1359375 0.01484375 0.034375
2 0.8046875 0.1359375 0.01015625 0.03046875
2 0.84296875 0.2171875 0.01875 0.04609375
2 0.8359375 0.26171875 0.02421875 0.04765625
2 0.9078125 0.365625 0.02890625 0.0609375
2 0.88984375 0.22265625 0.0234375 0.04765625
2 0.928125 0.25625 0.02265625 0.05234375
2 0.93671875 0.2046875 0.0171875 0.0390625
2 0.95 0.184375 0.0140625 0.0359375
2 0.90234375 0.19140625 0.0140625 0.0390625
2 0.90625 0.16015625 0.015625 0.040625
2 0.86484375 0.18046875 0.0203125 0.040625
2 0.871875 0.1546875 0.0171875 0.0375