2 0.04453125 0.4328125 0.028125 0.06015625
2 0.259375 0.26796875 0.01875 0.0296875
2 0.27421875 0.265625 0.01796875 0.03828125
2 0.31484375 0.24296875 0.01875 0.04296875
2 0.33046875 0.21796875 0.01875 0.03671875
2 0.33671875 0.24921875 0.0203125 0.03671875
2 0.3625 0.28515625 0.0203125 0.04140625
2 0.38828125 0.28984375 0.02265625 0.046875
2 0.353125 0.25546875 0.0171875 0.03125
2 0.35859375 0.221875 0.021875 0.04140625
2 0.3828125 0.18359375 0.01796875 0.03515625
2 0.39609375 0.21328125 0.01796875 0.03359375
2 0.4078125 0.1765625 0.015625 0.03359375
2 0.41875 0.196875 0.015625 0.04140625
2 0.440625 0.19375 0.01796875 0.03828125
2 0.45390625 0.2203125 0.02265625 0.03828125
2 0.47109375 0.23046875 0.025 0.0453125
2 0.475 0.19375 0.021875 0.03828125
2 0.459375 0.146875 0.01875 0.021875
2 0.475 0.16484375 0.01875 0.0296875
2 0.51484375 0.18515625 0.01875 0.03515625
2 0.53125 0.2140625 0.0203125 0.0453125
2 0.50234375 0.13046875 0.0125 0.025
2 0.55 0.15234375 0.015625 0.03125
2 0.57734375 0.2171875 0.01953125 0.0453125
2 0.5 0.29296875 0.0265625 0.05625
2 0.57578125 0.29375 0.0296875 0.06484375
2 0.56796875 0.1234375 0.0140625 0.0265625
2 0.58671875 0.1234375 0.01328125 0.03359375
2 0.58359375 0.1625 0.0171875 0.03125
2 0.59921875 0.14140625 0.015625 0.0265625
2 0.6171875 0.14296875 0.01328125 0.0265625
2 0.615625 0.11484375 0.0109375 0.0265625
2 0.6484375 0.11953125 0.01328125 0.0234375
2 0.64375 0.1421875 0.01484375 0.025
2 0.6125 0.196875 0.01796875 0.03125
2 0.65625 0.178125 0.0171875 0.03359375
2 0.66953125 0.19609375 0.0203125 0.03671875
2 0.67265625 0.1515625 0.01484375 0.0296875
2 0.68046875 0.125 0.01484375 0.03359375
2 0.690625 0.1453125 0.0171875 0.03125
2 0.7203125 0.16484375 0.0171875 0.03671875
2 0.70859375 0.1515625 0.0109375 0.0265625
2 0.6984375 0.18046875 0.01796875 0.03828125
2 0.62578125 0.24140625 0.02890625 0.053125
2 0.61171875 0.29921875 0.03203125 0.06328125
2 0.6609375 0.2796875 0.02421875 0.053125
2 0.70390625 0.28671875 0.0265625 0.05859375
2 0.72421875 0.225 0.021875 0.04296875
2 0.734375 0.196875 0.01796875 0.03515625
2 0.7421875 0.1140625 0.015625 0.03125
2 0.7546875 0.13359375 0.0171875 0.03515625
2 0.76875 0.12734375 0.01328125 0.03125
2 0.78046875 0.14140625 0.015625 0.0265625
2 0.77890625 0.16953125 0.01875 0.03671875
2 0.765625 0.165625 0.0140625 0.03125
2 0.7671875 0.203125 0.0203125 0.04296875
2 0.75703125 0.2390625 0.0234375 0.0515625
2 0.76953125 0.27890625 0.02734375 0.05859375
2 0.82734375 0.20703125 0.02265625 0.0484375
2 0.8453125 0.31953125 0.0328125 0.05625
2 0.86015625 0.23515625 0.02265625 0.0484375
2 0.8421875 0.19375 0.01875 0.04140625
2 0.83828125 0.1515625 0.0171875 0.03359375
2 0.8578125 0.1578125 0.0140625 0.04296875
2 0.8859375 0.1609375 0.0140625 0.03125
2 0.8953125 0.15703125 0.01015625 0.021875
2 0.9 0.18046875 0.01484375 0.03125
2 0.8921875 0.20625 0.01796875 0.03671875
2 0.9078125 0.23125 0.01796875 0.04296875
2 0.91953125 0.2546875 0.02265625 0.05