2 0.10703125 0.61640625 0.07109375 0.08984375
2 0.18671875 0.43046875 0.05 0.071875
2 0.265625 0.61640625 0.06953125 0.09453125
2 0.2421875 0.7078125 0.0921875 0.1234375
2 0.29140625 0.81796875 0.19453125 0.24140625
2 0.44453125 0.71015625 0.0921875 0.1234375
2 0.403125 0.59375 0.059375 0.10546875
2 0.5296875 0.6140625 0.0671875 0.1
2 0.65078125 0.63203125 0.0984375 0.15625
2 0.6671875 0.8234375 0.15390625 0.20546875
2 0.784375 0.67421875 0.084375 0.11796875
2 0.87890625 0.75625 0.13046875 0.184375
2 0.859375 0.62578125 0.065625 0.08203125
2 0.9265625 0.61171875 0.065625 0.08984375