2 0.2546875 0.26796875 0.01875 0.03359375
2 0.328125 0.20703125 0.01171875 0.0265625
2 0.34921875 0.20546875 0.01484375 0.028125
2 0.371875 0.18515625 0.01171875 0.0296875
2 0.378125 0.1890625 0.01171875 0.028125
2 0.39921875 0.2140625 0.01640625 0.03515625
2 0.4140625 0.18828125 0.01484375 0.03359375
2 0.32578125 0.2484375 0.01875 0.03671875
2 0.36953125 0.25859375 0.0203125 0.03671875
2 0.375 0.26796875 0.0203125 0.0296875
2 0.38828125 0.2953125 0.02578125 0.03984375
2 0.44765625 0.1875 0.015625 0.028125
2 0.453125 0.22421875 0.01875 0.03203125
2 0.46796875 0.2296875 0.0203125 0.03671875
2 0.4765625 0.1921875 0.01953125 0.03828125
2 0.48984375 0.17421875 0.015625 0.03515625
2 0.48125 0.1359375 0.01171875 0.021875
2 0.50234375 0.19140625 0.01875 0.0296875
2 0.5203125 0.16796875 0.01796875 0.0296875
2 0.528125 0.21796875 0.01875 0.0234375
2 0.5609375 0.12421875 0.0140625 0.021875
2 0.64609375 0.12109375 0.01171875 0.021875
2 0.63671875 0.13671875 0.01640625 0.0234375
2 0.58203125 0.1625 0.01484375 0.03203125
2 0.6125 0.1984375 0.01953125 0.03984375
2 0.5484375 0.2484375 0.025 0.03671875
2 0.55234375 0.32578125 0.028125 0.0484375
2 0.6125 0.34140625 0.03046875 0.046875
2 0.60390625 0.2828125 0.02265625 0.04140625
2 0.65078125 0.2671875 0.02890625 0.0484375
2 0.66796875 0.22109375 0.01953125 0.04140625
2 0.69765625 0.2453125 0.0203125 0.03984375
2 0.71484375 0.28515625 0.0234375 0.03984375
2 0.759375 0.31015625 0.025 0.05
2 0.8359375 0.30859375 0.02265625 0.046875
2 0.8390625 0.253125 0.0203125 0.05703125
2 0.90859375 0.2734375 0.01953125 0.03984375
2 0.903125 0.234375 0.01796875 0.03828125
2 0.87890625 0.19453125 0.01328125 0.03203125
2 0.88515625 0.1671875 0.015625 0.03203125
2 0.8390625 0.16015625 0.01796875 0.03671875
2 0.77421875 0.14296875 0.01640625 0.0296875
2 0.81875 0.13515625 0.015625 0.0296875
2 0.76015625 0.1375 0.01640625 0.03203125
2 0.73125 0.134375 0.015625 0.021875
2 0.73671875 0.14765625 0.01953125 0.025
2 0.73046875 0.171875 0.01796875 0.03359375
2 0.7421875 0.1921875 0.01796875 0.028125
2 0.775 0.21953125 0.0203125 0.03515625
2 0.79921875 0.1875 0.01875 0.03515625
2 0.7578125 0.23515625 0.02109375 0.04296875
2 0.69765625 0.1875 0.01640625 0.03203125
2 0.68984375 0.16171875 0.01875 0.03359375
2 0.70390625 0.1515625 0.01796875 0.0296875