2 0.01875 0.4515625 0.03125 0.071875
2 0.221875 0.2671875 0.015625 0.0390625
2 0.25078125 0.278125 0.0203125 0.040625
2 0.2953125 0.23359375 0.01796875 0.0328125
2 0.3203125 0.2359375 0.01328125 0.0375
2 0.3390625 0.2359375 0.01640625 0.040625
2 0.3265625 0.203125 0.02265625 0.034375
2 0.3609375 0.22109375 0.01796875 0.0375
2 0.3828125 0.25859375 0.01484375 0.0375
2 0.41015625 0.2359375 0.0125 0.034375
2 0.4484375 0.29375 0.01640625 0.0421875
2 0.48515625 0.2359375 0.0171875 0.04375
2 0.396875 0.1984375 0.01328125 0.02421875
2 0.3796875 0.1953125 0.01796875 0.034375
2 0.44296875 0.1875 0.0140625 0.0296875
2 0.44765625 0.1609375 0.0125 0.03125
2 0.5046875 0.1984375 0.01015625 0.034375
2 0.5390625 0.22578125 0.01640625 0.034375
2 0.4671875 0.16328125 0.01328125 0.0296875
2 0.4875 0.17265625 0.01640625 0.0359375
2 0.50625 0.15078125 0.01640625 0.02421875
2 0.5296875 0.16484375 0.0171875 0.0390625
2 0.55 0.1546875 0.01328125 0.0296875
2 0.5703125 0.1515625 0.01484375 0.0359375
2 0.565625 0.1296875 0.01328125 0.03125
2 0.590625 0.1328125 0.01484375 0.034375
2 0.6078125 0.11796875 0.01328125 0.03125
2 0.615625 0.14921875 0.01171875 0.02734375
2 0.6203125 0.1765625 0.01015625 0.0296875
2 0.61171875 0.203125 0.0140625 0.0375
2 0.58984375 0.19296875 0.0140625 0.040625
2 0.6625 0.18125 0.01328125 0.0359375
2 0.6640625 0.14375 0.0109375 0.0296875
2 0.671875 0.12890625 0.01015625 0.0328125
2 0.640625 0.12109375 0.01171875 0.0328125
2 0.69453125 0.153125 0.0140625 0.0390625
2 0.7 0.13515625 0.01171875 0.0328125
2 0.715625 0.15390625 0.0125 0.034375
2 0.584375 0.33046875 0.02265625 0.05078125
2 0.615625 0.37421875 0.0234375 0.04765625
2 0.621875 0.284375 0.02109375 0.05390625
2 0.66875 0.24453125 0.01796875 0.04921875
2 0.665625 0.3875 0.02421875 0.05390625
2 0.7234375 0.40703125 0.02421875 0.06015625
2 0.7 0.21015625 0.01484375 0.0421875
2 0.721875 0.275 0.015625 0.04765625
2 0.7578125 0.290625 0.01640625 0.0421875
2 0.746875 0.22890625 0.0125 0.040625
2 0.7328125 0.21484375 0.01015625 0.0375
2 0.76015625 0.19921875 0.0125 0.0390625
2 0.78125 0.1984375 0.01328125 0.0375
2 0.77734375 0.17421875 0.0125 0.0328125
2 0.81171875 0.18515625 0.015625 0.0375
2 0.828125 0.22578125 0.0125 0.034375
2 0.8359375 0.209375 0.01328125 0.0375
2 0.803125 0.30703125 0.01640625 0.05234375
2 0.796875 0.25234375 0.01484375 0.040625
2 0.79140625 0.446875 0.0296875 0.08125
2 0.86796875 0.5046875 0.028125 0.0734375
2 0.88671875 0.39140625 0.0203125 0.05859375
2 0.8609375 0.36015625 0.01796875 0.05234375
2 0.8734375 0.29296875 0.0140625 0.040625
2 0.9265625 0.321875 0.01328125 0.04375
2 0.953125 0.35625 0.01796875 0.04765625
2 0.975 0.35625 0.01171875 0.04765625
2 0.940625 0.4171875 0.015625 0.05390625
2 0.978125 0.315625 0.01015625 0.040625
2 0.98046875 0.24921875 0.0109375 0.0359375
2 0.9765625 0.2921875 0.01328125 0.0328125
2 0.9515625 0.24296875 0.01015625 0.0296875
2 0.93125 0.26171875 0.01328125 0.0375
2 0.903125 0.25234375 0.0125 0.034375
2 0.90625 0.2203125 0.0109375 0.0328125
2 0.8890625 0.2734375 0.0125 0.04375
2 0.88125 0.2328125 0.01328125 0.0375
2 0.8640625 0.2203125 0.0140625 0.0421875