2 0.103125 0.54296875 0.05078125 0.10234375
2 0.215625 0.34921875 0.0140625 0.03359375
2 0.2546875 0.34453125 0.015625 0.04140625
2 0.284375 0.30703125 0.01484375 0.034375
2 0.28125 0.3625 0.0171875 0.04453125
2 0.3265625 0.3625 0.02421875 0.0484375
2 0.3515625 0.29609375 0.0171875 0.034375
2 0.3859375 0.25546875 0.01015625 0.02890625
2 0.35234375 0.328125 0.015625 0.03046875
2 0.37734375 0.33203125 0.01484375 0.03984375
2 0.4 0.30078125 0.01796875 0.03046875
2 0.40703125 0.33125 0.01640625 0.0359375
2 0.4296875 0.3046875 0.01875 0.03359375
2 0.43359375 0.34140625 0.02109375 0.03203125
2 0.4203125 0.25703125 0.01171875 0.0234375
2 0.44140625 0.25 0.01171875 0.02109375
2 0.45625 0.2390625 0.0109375 0.0265625
2 0.4578125 0.3140625 0.01640625 0.0234375
2 0.49375 0.253125 0.01015625 0.02734375
2 0.50390625 0.23984375 0.0140625 0.02734375
2 0.5515625 0.21875 0.01015625 0.025
2 0.52421875 0.259375 0.01640625 0.03359375
2 0.50390625 0.309375 0.01796875 0.03203125
2 0.45234375 0.4046875 0.02734375 0.04140625
2 0.53125 0.39765625 0.02421875 0.05
2 0.53828125 0.29921875 0.0140625 0.03359375
2 0.5609375 0.25078125 0.0125 0.02734375
2 0.596875 0.2109375 0.0109375 0.0234375
2 0.61328125 0.2109375 0.01171875 0.0265625
2 0.621875 0.25625 0.0140625 0.03046875
2 0.57109375 0.246875 0.0125 0.0234375
2 0.5828125 0.3265625 0.0203125 0.0359375
2 0.5921875 0.421875 0.0265625 0.05390625
2 0.63203125 0.33203125 0.01875 0.03046875
2 0.61875 0.29609375 0.0140625 0.03203125
2 0.64296875 0.22109375 0.0140625 0.0234375
2 0.64921875 0.2328125 0.0125 0.02734375
2 0.6640625 0.23203125 0.0140625 0.02890625
2 0.65078125 0.27109375 0.0171875 0.02734375
2 0.690625 0.25078125 0.01328125 0.03359375
2 0.6703125 0.34453125 0.01953125 0.04296875
2 0.640625 0.38515625 0.025 0.0609375
2 0.64765625 0.43515625 0.0234375 0.0578125
2 0.68828125 0.51328125 0.03359375 0.0734375
2 0.71640625 0.39140625 0.0234375 0.05390625
2 0.709375 0.26640625 0.0140625 0.03203125
2 0.7265625 0.23203125 0.01328125 0.02890625
2 0.746875 0.27734375 0.0109375 0.0265625
2 0.75390625 0.26328125 0.0140625 0.03046875
2 0.7546875 0.2375 0.01328125 0.03203125
2 0.7828125 0.246875 0.0109375 0.0359375
2 0.79375 0.30390625 0.01328125 0.03984375
2 0.81328125 0.25625 0.0125 0.02734375
2 0.8453125 0.253125 0.01171875 0.025
2 0.8328125 0.2734375 0.0140625 0.034375
2 0.828125 0.3078125 0.0125 0.03203125
2 0.7875 0.359375 0.01875 0.0515625
2 0.7578125 0.41328125 0.021875 0.05390625
2 0.803125 0.49609375 0.03125 0.06953125
2 0.81640625 0.43515625 0.021875 0.05234375
2 0.83125 0.3859375 0.01484375 0.04609375
2 0.84375 0.34453125 0.01796875 0.04140625
2 0.8640625 0.33515625 0.01484375 0.04140625
2 0.86640625 0.2828125 0.01328125 0.03359375
2 0.90703125 0.26953125 0.01171875 0.0234375
2 0.8765625 0.446875 0.02265625 0.059375
2 0.8859375 0.3921875 0.01640625 0.04140625
2 0.89765625 0.3609375 0.01640625 0.03203125
2 0.896875 0.33203125 0.0140625 0.02109375
2 0.70234375 0.2890625 0.0109375 0.034375
2 0.45625 0.2765625 0.01640625 0.0265625
2 0.56171875 0.209375 0.01171875 0.025
2 0.90546875 0.3078125 0.00859375 0.02734375
2 0.8921875 0.31328125 0.01328125 0.02734375
2 0.52265625 0.36796875 0.021875 0.0484375
2 0.5859375 0.22734375 0.0125 0.021875
2 0.71796875 0.2515625 0.0140625 0.0375