2 0.19765625 0.4578125 0.05234375 0.1015625
2 0.25625 0.43203125 0.04765625 0.096875
2 0.315625 0.284375 0.0171875 0.028125
2 0.37734375 0.25546875 0.02109375 0.0484375
2 0.415625 0.23671875 0.0171875 0.03671875
2 0.4328125 0.26796875 0.0234375 0.046875
2 0.44609375 0.2265625 0.0234375 0.04296875
2 0.453125 0.1875 0.02109375 0.03828125
2 0.4796875 0.19140625 0.02109375 0.03984375
2 0.47265625 0.0859375 0.01796875 0.021875
2 0.4671875 0.15 0.0125 0.0234375
2 0.50078125 0.15390625 0.01796875 0.03203125
2 0.5359375 0.1375 0.01328125 0.025
2 0.52890625 0.1578125 0.0171875 0.03203125
2 0.55234375 0.15234375 0.01875 0.03203125
2 0.58125 0.1515625 0.0140625 0.03359375
2 0.54140625 0.20078125 0.01796875 0.03515625
2 0.48203125 0.3203125 0.03203125 0.06015625
2 0.66171875 0.2609375 0.02578125 0.0515625
2 0.7203125 0.28671875 0.03359375 0.05703125
2 0.7875 0.26953125 0.0296875 0.06171875
2 0.69453125 0.14921875 0.021875 0.03828125
2 0.71484375 0.1328125 0.0203125 0.03515625
2 0.73125 0.159375 0.01796875 0.03515625
2 0.75 0.13203125 0.01796875 0.03359375
2 0.76328125 0.16796875 0.0203125 0.03984375
2 0.8015625 0.1890625 0.025 0.0453125
2 0.8703125 0.21328125 0.02265625 0.046875
2 0.81875 0.12734375 0.01640625 0.03828125