2 0.16953125 0.465625 0.03828125 0.08671875
2 0.21328125 0.34921875 0.0140625 0.0265625
2 0.253125 0.34765625 0.01796875 0.040625
2 0.278125 0.36875 0.01640625 0.03203125
2 0.2828125 0.30703125 0.0140625 0.0296875
2 0.31640625 0.37734375 0.01875 0.04453125
2 0.34765625 0.3265625 0.0125 0.0296875
2 0.3484375 0.2953125 0.01171875 0.025
2 0.3734375 0.3296875 0.0125 0.03203125
2 0.39765625 0.3390625 0.0140625 0.03203125
2 0.42890625 0.34453125 0.0171875 0.03515625
2 0.39765625 0.296875 0.0125 0.028125
2 0.39453125 0.246875 0.01171875 0.03203125
2 0.425 0.30703125 0.0140625 0.0296875
2 0.43203125 0.26484375 0.01328125 0.02109375
2 0.4171875 0.25078125 0.0125 0.0234375
2 0.45859375 0.265625 0.01171875 0.02265625
2 0.4515625 0.23984375 0.0125 0.01796875
2 0.48046875 0.26796875 0.01171875 0.0265625
2 0.5015625 0.2953125 0.0140625 0.028125
2 0.4921875 0.25703125 0.01015625 0.0234375
2 0.4984375 0.24140625 0.01171875 0.0234375
2 0.51796875 0.25078125 0.01328125 0.0296875
2 0.5421875 0.22421875 0.01015625 0.0234375
2 0.55390625 0.24296875 0.01015625 0.0265625
2 0.55703125 0.20390625 0.01015625 0.02265625
2 0.55390625 0.275 0.0125 0.0265625
2 0.559375 0.26484375 0.01171875 0.01796875
2 0.56875 0.25078125 0.009375 0.0234375
2 0.58359375 0.23671875 0.0109375 0.02265625
2 0.59375 0.2078125 0.01015625 0.0265625
2 0.60703125 0.2078125 0.01171875 0.0234375
2 0.60859375 0.234375 0.01328125 0.0234375
2 0.63828125 0.221875 0.009375 0.0234375
2 0.66171875 0.22734375 0.0109375 0.0265625
2 0.6484375 0.23125 0.01015625 0.0265625
2 0.6828125 0.253125 0.0109375 0.028125
2 0.61953125 0.259375 0.01171875 0.0265625
2 0.49765625 0.32734375 0.015625 0.03046875
2 0.45546875 0.31484375 0.01484375 0.03046875
2 0.44375 0.41015625 0.02578125 0.05625
2 0.5234375 0.4078125 0.02265625 0.04921875
2 0.5203125 0.36796875 0.0203125 0.03671875
2 0.57734375 0.321875 0.0171875 0.0390625
2 0.61484375 0.29453125 0.0140625 0.0296875
2 0.628125 0.3359375 0.021875 0.03359375
2 0.6609375 0.36171875 0.02109375 0.0375
2 0.58984375 0.425 0.02265625 0.05625
2 0.63984375 0.43671875 0.028125 0.0546875
2 0.63515625 0.3875 0.021875 0.04765625
2 0.709375 0.39296875 0.01953125 0.0421875
2 0.66171875 0.325 0.015625 0.0375
2 0.646875 0.2765625 0.0125 0.03359375
2 0.69765625 0.28515625 0.01484375 0.028125
2 0.70703125 0.26953125 0.01171875 0.03203125
2 0.7140625 0.246875 0.009375 0.0265625
2 0.72265625 0.23359375 0.0140625 0.025
2 0.75078125 0.2390625 0.01015625 0.025
2 0.74296875 0.2796875 0.01328125 0.03359375
2 0.7484375 0.2625 0.01328125 0.0296875
2 0.6828125 0.50703125 0.03125 0.06875
2 0.7890625 0.52734375 0.0234375 0.0640625
2 0.7546875 0.4296875 0.02421875 0.053125
2 0.7828125 0.36171875 0.01953125 0.04296875
2 0.79609375 0.33046875 0.01640625 0.0375
2 0.78125 0.296875 0.01328125 0.0296875
2 0.78828125 0.27421875 0.01328125 0.028125
2 0.77890625 0.2453125 0.0125 0.0296875
2 0.80859375 0.25625 0.0109375 0.025
2 0.8265625 0.27890625 0.015625 0.03203125
2 0.82890625 0.259375 0.01328125 0.03203125
2 0.83828125 0.25234375 0.0140625 0.03515625
2 0.86171875 0.2828125 0.01171875 0.03046875
2 0.81953125 0.315625 0.01484375 0.03203125
2 0.84453125 0.35625 0.01875 0.040625
2 0.8265625 0.38984375 0.01796875 0.0515625
2 0.815625 0.44453125 0.0234375 0.04453125
2 0.8734375 0.45859375 0.0203125 0.06171875
2 0.87734375 0.39375 0.01875 0.04921875
2 0.8890625 0.35703125 0.01171875 0.0375
2 0.8921875 0.334375 0.0125 0.03046875
2 0.88203125 0.31640625 0.01015625 0.03203125
2 0.89921875 0.30625 0.009375 0.028125
2 0.89140625 0.28984375 0.0109375 0.0265625
2 0.90078125 0.2703125 0.01171875 0.0265625