2 0.18984375 0.4453125 0.03984375 0.08515625
2 0.30546875 0.22890625 0.0203125 0.03671875
2 0.33828125 0.196875 0.0171875 0.03671875
2 0.41171875 0.1953125 0.01796875 0.03984375
2 0.4203125 0.17109375 0.01640625 0.03671875
2 0.40703125 0.15625 0.0125 0.02890625
2 0.43515625 0.1546875 0.01640625 0.02890625
2 0.446875 0.1671875 0.01953125 0.03515625
2 0.4421875 0.22265625 0.021875 0.04609375
2 0.48359375 0.2203125 0.025 0.04453125
2 0.46953125 0.17421875 0.01953125 0.04140625
2 0.46484375 0.13359375 0.015625 0.02890625
2 0.478125 0.13984375 0.015625 0.03515625
2 0.5015625 0.14375 0.01484375 0.03515625
2 0.51640625 0.15234375 0.01640625 0.03671875
2 0.53671875 0.1328125 0.01796875 0.03359375
2 0.5546875 0.17734375 0.01953125 0.04140625
2 0.56171875 0.1328125 0.01328125 0.03359375
2 0.58671875 0.14765625 0.01796875 0.03984375
2 0.61953125 0.12890625 0.01484375 0.03203125
2 0.54140625 0.16953125 0.01875 0.03671875
2 0.496875 0.28828125 0.02734375 0.0609375
2 0.56015625 0.246875 0.02109375 0.0515625
2 0.578125 0.2828125 0.0265625 0.071875
2 0.621875 0.28671875 0.02890625 0.0765625
2 0.66796875 0.325 0.03359375 0.0765625
2 0.66640625 0.28046875 0.02421875 0.04609375
2 0.63125 0.27578125 0.02265625 0.0546875
2 0.625 0.2140625 0.025 0.053125
2 0.65703125 0.17890625 0.02421875 0.05
2 0.6578125 0.22421875 0.0265625 0.0578125
2 0.696875 0.19140625 0.021875 0.04140625
2 0.71640625 0.23359375 0.02578125 0.0578125
2 0.7328125 0.1796875 0.01796875 0.04609375
2 0.72265625 0.0859375 0.01875 0.04453125
2 0.69609375 0.15859375 0.01953125 0.03359375
2 0.77890625 0.2046875 0.01875 0.046875
2 0.8 0.15078125 0.01328125 0.03671875
2 0.8296875 0.1640625 0.01328125 0.03515625
2 0.86328125 0.16171875 0.01796875 0.04609375
2 0.84140625 0.20390625 0.01640625 0.04609375
2 0.81484375 0.2390625 0.021875 0.04609375
2 0.8078125 0.2765625 0.025 0.0625
2 0.84296875 0.3109375 0.0203125 0.0546875
2 0.8625 0.28828125 0.021875 0.04609375
2 0.878125 0.21640625 0.01796875 0.0484375
2 0.91875 0.22578125 0.02109375 0.04609375
2 0.9125 0.3421875 0.02265625 0.053125
2 0.8953125 0.3828125 0.0296875 0.0734375