2 0.078125 0.65859375 0.06875 0.1140625
2 0.2328125 0.2578125 0.01171875 0.04375
2 0.2484375 0.2671875 0.01875 0.05
2 0.2875 0.2296875 0.0140625 0.028125
2 0.30390625 0.246875 0.0140625 0.0375
2 0.3203125 0.20078125 0.0171875 0.0390625
2 0.34609375 0.2140625 0.0140625 0.046875
2 0.3796875 0.25625 0.015625 0.0375
2 0.35703125 0.22109375 0.0140625 0.0421875
2 0.375 0.1921875 0.01328125 0.021875
2 0.4046875 0.17890625 0.01171875 0.0359375
2 0.43984375 0.19765625 0.0140625 0.0328125
2 0.40859375 0.23359375 0.0171875 0.0359375
2 0.44609375 0.2875 0.01875 0.05
2 0.4828125 0.23203125 0.01796875 0.0390625
2 0.50625 0.19921875 0.0125 0.0328125
2 0.5390625 0.22578125 0.01953125 0.0359375
2 0.4421875 0.1609375 0.01640625 0.025
2 0.46328125 0.1625 0.0140625 0.028125
2 0.4875 0.16875 0.01171875 0.0375
2 0.50390625 0.15390625 0.0140625 0.0328125
2 0.525 0.16171875 0.0140625 0.0328125
2 0.5640625 0.140625 0.01171875 0.034375
2 0.5875 0.13515625 0.01171875 0.0390625
2 0.60625 0.12578125 0.01171875 0.0328125
2 0.63515625 0.12734375 0.0125 0.0390625
2 0.6609375 0.1421875 0.01328125 0.0375
2 0.61875 0.165625 0.0125 0.03125
2 0.5859375 0.2 0.01796875 0.0375
2 0.6109375 0.20703125 0.01875 0.0296875
2 0.62421875 0.2796875 0.025 0.05
2 0.5796875 0.32109375 0.01953125 0.0390625
2 0.6046875 0.3640625 0.021875 0.05
2 0.6609375 0.37578125 0.01875 0.0546875
2 0.7296875 0.38203125 0.0234375 0.0578125
2 0.8 0.43125 0.0265625 0.059375
2 0.86640625 0.4890625 0.0234375 0.059375
2 0.88359375 0.38828125 0.0171875 0.0546875
2 0.9375 0.4109375 0.021875 0.05625
2 0.97109375 0.34765625 0.0140625 0.0421875
2 0.946875 0.3546875 0.0171875 0.040625
2 0.925 0.3171875 0.01484375 0.046875
2 0.8671875 0.3 0.0203125 0.040625
2 0.809375 0.30859375 0.01953125 0.0515625
2 0.75625 0.28203125 0.015625 0.0453125
2 0.721875 0.25234375 0.0171875 0.0453125
2 0.66640625 0.24375 0.0171875 0.034375
2 0.7 0.21015625 0.01015625 0.0453125
2 0.6625 0.18203125 0.01953125 0.0359375
2 0.690625 0.15234375 0.015625 0.0328125
2 0.7203125 0.1546875 0.0125 0.0375
2 0.74375 0.22265625 0.0171875 0.0515625
2 0.784375 0.2015625 0.01484375 0.040625
2 0.7796875 0.1640625 0.01171875 0.03125
2 0.809375 0.184375 0.009375 0.034375
2 0.8265625 0.2234375 0.01171875 0.046875
2 0.79375 0.2515625 0.02265625 0.034375
2 0.8609375 0.2234375 0.0125 0.0375
2 0.8796875 0.23046875 0.01328125 0.0296875
2 0.90234375 0.21640625 0.0125 0.0359375
2 0.94921875 0.2359375 0.0125 0.040625
2 0.978125 0.24609375 0.01171875 0.0328125
2 0.975 0.29765625 0.01640625 0.0421875
2 0.92734375 0.25703125 0.0125 0.0421875
2 0.8875 0.2703125 0.02109375 0.04375
2 0.903125 0.24921875 0.01484375 0.0390625
2 0.7515625 0.18671875 0.01640625 0.0296875
2 0.85625 0.35234375 0.01875 0.0453125
2 0.54296875 0.1671875 0.0140625 0.034375
2 0.5671875 0.153125 0.01484375 0.040625
2 0.5921875 0.175 0.01796875 0.04375
2 0.83125 0.209375 0.0140625 0.046875