2 0.275 0.2578125 0.01484375 0.0296875
2 0.2890625 0.2421875 0.015625 0.025
2 0.29765625 0.26953125 0.0140625 0.0296875
2 0.359375 0.259375 0.01484375 0.0296875
2 0.3703125 0.2875 0.01796875 0.03359375
2 0.34296875 0.24140625 0.01328125 0.0265625
2 0.38046875 0.23203125 0.01328125 0.03125
2 0.365625 0.19140625 0.01328125 0.0296875
2 0.3859375 0.203125 0.0140625 0.0296875
2 0.40234375 0.19609375 0.01328125 0.0296875
2 0.40625 0.17578125 0.0140625 0.028125
2 0.43828125 0.22578125 0.01484375 0.03515625
2 0.4546875 0.19609375 0.01796875 0.05
2 0.46953125 0.221875 0.01640625 0.03828125
2 0.43828125 0.15390625 0.0109375 0.021875
2 0.45 0.1578125 0.01015625 0.0265625
2 0.46328125 0.15546875 0.0109375 0.025
2 0.478125 0.1828125 0.01328125 0.03359375
2 0.51796875 0.20859375 0.01640625 0.03515625
2 0.4921875 0.19765625 0.0140625 0.03671875
2 0.48359375 0.16484375 0.01484375 0.0296875
2 0.509375 0.12734375 0.01015625 0.021875
2 0.51328125 0.15390625 0.015625 0.025
2 0.52109375 0.178125 0.01328125 0.0265625
2 0.53984375 0.18359375 0.0140625 0.028125
2 0.56484375 0.178125 0.01328125 0.0296875
2 0.603125 0.15859375 0.0140625 0.03515625
2 0.58125 0.14609375 0.0140625 0.0265625
2 0.53984375 0.11953125 0.0109375 0.0234375
2 0.565625 0.13203125 0.0125 0.025
2 0.55703125 0.11875 0.0109375 0.025
2 0.5953125 0.1046875 0.0109375 0.0234375
2 0.61328125 0.13203125 0.0109375 0.028125
2 0.640625 0.13828125 0.01015625 0.0234375
2 0.64765625 0.1171875 0.009375 0.025
2 0.63828125 0.10078125 0.009375 0.025
2 0.67109375 0.10390625 0.0125 0.028125
2 0.61484375 0.1 0.009375 0.0203125
2 0.48984375 0.30078125 0.028125 0.046875
2 0.53984375 0.32421875 0.025 0.04296875
2 0.56015625 0.25390625 0.0203125 0.04140625
2 0.609375 0.3171875 0.025 0.0484375
2 0.61640625 0.27109375 0.01875 0.03671875
2 0.62890625 0.20390625 0.01640625 0.03515625
2 0.66953125 0.20703125 0.01796875 0.03828125
2 0.684375 0.3125 0.0296875 0.053125
2 0.728125 0.24921875 0.02421875 0.053125
2 0.70078125 0.1015625 0.0109375 0.0265625
2 0.66953125 0.16953125 0.01484375 0.03359375
2 0.68046875 0.1578125 0.0140625 0.0296875
2 0.6953125 0.18515625 0.01484375 0.03125
2 0.728125 0.196875 0.01640625 0.03828125
2 0.753125 0.21640625 0.01875 0.04296875
2 0.78359375 0.275 0.0234375 0.0515625
2 0.74453125 0.3421875 0.02734375 0.0546875
2 0.77265625 0.3796875 0.0296875 0.06328125
2 0.89609375 0.3515625 0.02890625 0.071875
2 0.85859375 0.28984375 0.02265625 0.046875
2 0.80625 0.240625 0.02265625 0.04140625
2 0.78125 0.2015625 0.01875 0.046875
2 0.74609375 0.15 0.0140625 0.0296875
2 0.73984375 0.11328125 0.0125 0.0265625
2 0.76640625 0.13125 0.0140625 0.0265625
2 0.7765625 0.15703125 0.01328125 0.03125
2 0.8 0.159375 0.01484375 0.03359375
2 0.82890625 0.13359375 0.01015625 0.025
2 0.8390625 0.1171875 0.0109375 0.028125
2 0.85234375 0.175 0.015625 0.03359375
2 0.83046875 0.21640625 0.015625 0.03984375
2 0.8734375 0.20234375 0.01875 0.0453125
2 0.8609375 0.14609375 0.01015625 0.0265625
2 0.86171875 0.12578125 0.0125 0.028125
2 0.8875 0.13359375 0.01015625 0.021875
2 0.88828125 0.16484375 0.01015625 0.0265625
2 0.8953125 0.18125 0.01328125 0.0296875
2 0.915625 0.259375 0.01796875 0.046875
2 0.921875 0.23984375 0.01796875 0.046875
2 0.92578125 0.2140625 0.01328125 0.03125
2 0.92421875 0.15546875 0.01015625 0.028125