2 0.22265625 0.35546875 0.04453125 0.07421875
2 0.3140625 0.2328125 0.01875 0.03359375
2 0.321875 0.2078125 0.015625 0.03515625
2 0.359375 0.203125 0.01796875 0.0296875
2 0.415625 0.165625 0.01171875 0.02578125
2 0.4328125 0.17890625 0.01171875 0.0296875
2 0.415625 0.22265625 0.01953125 0.03515625
2 0.45234375 0.17578125 0.015625 0.04296875
2 0.4640625 0.165625 0.015625 0.040625
2 0.47734375 0.12734375 0.01328125 0.02421875
2 0.48359375 0.16796875 0.01875 0.0375
2 0.49765625 0.1359375 0.01171875 0.0296875
2 0.46875 0.221875 0.02265625 0.0296875
2 0.53359375 0.13515625 0.015625 0.03203125
2 0.54140625 0.11953125 0.01875 0.02578125
2 0.56015625 0.13515625 0.01875 0.03515625
2 0.58515625 0.06484375 0.01171875 0.02578125
2 0.56875 0.1890625 0.01796875 0.03203125
2 0.57578125 0.14375 0.01953125 0.03359375
2 0.59609375 0.1453125 0.02109375 0.04453125
2 0.59765625 0.1125 0.01328125 0.03203125
2 0.55390625 0.1875 0.02265625 0.02421875
2 0.615625 0.11640625 0.01328125 0.0203125
2 0.6390625 0.1703125 0.021875 0.028125
2 0.66796875 0.1078125 0.01640625 0.0109375
2 0.63671875 0.1359375 0.02109375 0.03359375
2 0.65 0.11328125 0.02578125 0.0375
2 0.659375 0.14765625 0.015625 0.028125
2 0.69140625 0.1125 0.01484375 0.028125
2 0.71015625 0.11953125 0.02109375 0.02578125
2 0.49140625 0.334375 0.02578125 0.04296875
2 0.575 0.3 0.025 0.0484375
2 0.6765625 0.1875 0.01640625 0.03515625
2 0.6359375 0.28828125 0.028125 0.06328125
2 0.58046875 0.253125 0.025 0.040625
2 0.6390625 0.23984375 0.025 0.04453125
2 0.6890625 0.21484375 0.01640625 0.03515625
2 0.68203125 0.28828125 0.02578125 0.040625
2 0.7109375 0.33125 0.02890625 0.07109375
2 0.73671875 0.2375 0.025 0.04296875
2 0.775 0.128125 0.015625 0.02265625
2 0.74296875 0.17109375 0.01875 0.03359375
2 0.75703125 0.14921875 0.025 0.0296875
2 0.784375 0.184375 0.015625 0.03359375
2 0.78828125 0.146875 0.01484375 0.03359375
2 0.778125 0.27109375 0.02421875 0.046875
2 0.79921875 0.21796875 0.01640625 0.04453125
2 0.82734375 0.19453125 0.01953125 0.0390625
2 0.82421875 0.25390625 0.02421875 0.04296875
2 0.8078125 0.37265625 0.03359375 0.08203125
2 0.865625 0.371875 0.02578125 0.0578125
2 0.9234375 0.403125 0.02890625 0.06484375
2 0.8640625 0.184375 0.01953125 0.040625
2 0.8890625 0.16015625 0.01484375 0.0375
2 0.8921875 0.20546875 0.02421875 0.04296875
2 0.8921875 0.296875 0.02734375 0.05
2 0.89921875 0.23203125 0.01796875 0.03515625
2 0.85390625 0.24765625 0.02265625 0.0375
2 0.92734375 0.16640625 0.01328125 0.028125
2 0.95390625 0.1859375 0.02421875 0.03359375
2 0.95390625 0.2078125 0.01484375 0.03515625
2 0.93125 0.23828125 0.01640625 0.0375
2 0.9359375 0.33046875 0.04375 0.046875
2 0.8984375 0.19453125 0.01875 0.0390625
2 0.8390625 0.17890625 0.01796875 0.040625
2 0.80859375 0.1921875 0.015625 0.0375
2 0.71796875 0.1734375 0.01953125 0.03359375
2 0.77421875 0.15390625 0.0125 0.0390625
2 0.59140625 0.16953125 0.01953125 0.0296875
2 0.50546875 0.1734375 0.02734375 0.0375
2 0.5234375 0.1328125 0.01953125 0.03203125