2 0.1265625 0.5625 0.0453125 0.0828125
2 0.225 0.334375 0.0171875 0.0390625
2 0.25390625 0.34453125 0.02109375 0.0421875
2 0.2765625 0.36953125 0.025 0.0421875
2 0.28203125 0.309375 0.0203125 0.0375
2 0.325 0.36875 0.0234375 0.04609375
2 0.34765625 0.32109375 0.01796875 0.04375
2 0.35 0.2921875 0.015625 0.02734375
2 0.38359375 0.33203125 0.01953125 0.0375
2 0.40625 0.33359375 0.021875 0.040625
2 0.40546875 0.296875 0.01796875 0.03359375
2 0.3953125 0.25859375 0.01484375 0.03203125
2 0.428125 0.27109375 0.01484375 0.03203125
2 0.43046875 0.30390625 0.01953125 0.0421875
2 0.44765625 0.33203125 0.02265625 0.04375
2 0.4703125 0.303125 0.01953125 0.03203125
2 0.5046875 0.3140625 0.02265625 0.0453125
2 0.47578125 0.2625 0.01640625 0.03515625
2 0.4578125 0.2453125 0.0171875 0.02890625
2 0.46640625 0.234375 0.0171875 0.03046875
2 0.49296875 0.2640625 0.01953125 0.0375
2 0.5046875 0.25546875 0.01640625 0.03203125
2 0.51796875 0.240625 0.01640625 0.03515625
2 0.521875 0.271875 0.0171875 0.0359375
2 0.540625 0.24921875 0.0171875 0.03359375
2 0.55390625 0.278125 0.01796875 0.0359375
2 0.57578125 0.25546875 0.01640625 0.03515625
2 0.57109375 0.2265625 0.01171875 0.02578125
2 0.565625 0.215625 0.01015625 0.021875
2 0.58515625 0.234375 0.0140625 0.03046875
2 0.603125 0.2203125 0.01328125 0.02890625
2 0.60703125 0.203125 0.01484375 0.02578125
2 0.59765625 0.2453125 0.01484375 0.03203125
2 0.62734375 0.2109375 0.01640625 0.03046875
2 0.63984375 0.22109375 0.0125 0.03046875
2 0.64375 0.24140625 0.01796875 0.0359375
2 0.66484375 0.203125 0.01484375 0.02890625
2 0.675 0.225 0.0140625 0.02890625
2 0.6859375 0.22265625 0.0109375 0.025
2 0.48984375 0.38671875 0.0328125 0.065625
2 0.54765625 0.403125 0.03515625 0.05390625
2 0.540625 0.34921875 0.02578125 0.0453125
2 0.58984375 0.3703125 0.02421875 0.04921875
2 0.59921875 0.328125 0.021875 0.04375
2 0.5875 0.44375 0.03671875 0.06796875
2 0.6390625 0.465625 0.0359375 0.07578125
2 0.6390625 0.30078125 0.02109375 0.0421875
2 0.67109375 0.2765625 0.01953125 0.0453125
2 0.69609375 0.296875 0.0203125 0.0421875
2 0.6484375 0.34609375 0.02265625 0.0453125
2 0.6640625 0.3796875 0.02734375 0.05390625
2 0.68984375 0.3609375 0.02265625 0.05078125
2 0.72890625 0.403125 0.02890625 0.05390625
2 0.7015625 0.5484375 0.0421875 0.078125
2 0.8328125 0.50546875 0.040625 0.084375
2 0.84921875 0.44609375 0.02890625 0.06796875
2 0.7890625 0.42578125 0.03203125 0.065625
2 0.709375 0.2984375 0.0203125 0.0421875
2 0.7078125 0.24375 0.0171875 0.03515625
2 0.73046875 0.24921875 0.01953125 0.03359375
2 0.73671875 0.23515625 0.01484375 0.03515625
2 0.75 0.22578125 0.0140625 0.02734375
2 0.775 0.2703125 0.01640625 0.03515625
2 0.78203125 0.2375 0.01484375 0.03046875
2 0.81328125 0.2421875 0.01640625 0.0375
2 0.81796875 0.26796875 0.01484375 0.03046875
2 0.815625 0.296875 0.0171875 0.03359375
2 0.8125 0.3578125 0.02421875 0.05078125
2 0.9265625 0.4640625 0.0296875 0.0625
2 0.91796875 0.39296875 0.02109375 0.04765625
2 0.86171875 0.37265625 0.025 0.05234375
2 0.84765625 0.30625 0.01640625 0.04375
2 0.859375 0.27109375 0.01796875 0.0375
2 0.84609375 0.25703125 0.01640625 0.0375
2 0.878125 0.2515625 0.01484375 0.03359375
2 0.89296875 0.31640625 0.0171875 0.040625
2 0.87109375 0.334375 0.01953125 0.0453125
2 0.9359375 0.35234375 0.01796875 0.040625
2 0.93359375 0.31015625 0.0140625 0.0421875
2 0.915625 0.29765625 0.01640625 0.040625
2 0.89765625 0.26875 0.01484375 0.040625
2 0.9421875 0.26875 0.01796875 0.04375