2 0.096875 0.37109375 0.03359375 0.0671875
2 0.14453125 0.4078125 0.03203125 0.0546875
2 0.17265625 0.40625 0.025 0.05234375
2 0.20703125 0.40390625 0.03359375 0.0578125
2 0.23359375 0.39765625 0.0234375 0.06015625
2 0.259375 0.40234375 0.03203125 0.0453125
2 0.296875 0.3859375 0.0265625 0.04765625
2 0.31796875 0.4015625 0.0296875 0.05234375
2 0.35703125 0.38515625 0.0296875 0.06484375
2 0.38046875 0.4 0.03203125 0.05
2 0.40546875 0.36640625 0.028125 0.0421875
2 0.43203125 0.3796875 0.0265625 0.06015625
2 0.46328125 0.39609375 0.0265625 0.05234375
2 0.47421875 0.3484375 0.025 0.05234375
2 0.4953125 0.3859375 0.0265625 0.04765625
2 0.5265625 0.3734375 0.03359375 0.0625
2 0.54921875 0.37890625 0.028125 0.05234375
2 0.5921875 0.3828125 0.028125 0.06015625
2 0.615625 0.39375 0.028125 0.04765625
2 0.6265625 0.36640625 0.0265625 0.05234375
2 0.6453125 0.3765625 0.0296875 0.05234375
2 0.684375 0.38984375 0.028125 0.05
2 0.71484375 0.3828125 0.0296875 0.05
2 0.70234375 0.36640625 0.025 0.0328125
2 0.7640625 0.3875 0.03203125 0.0546875
2 0.79140625 0.3765625 0.0234375 0.0625
2 0.81953125 0.37890625 0.028125 0.0578125
2 0.87109375 0.3921875 0.028125 0.0453125
2 0.91953125 0.36875 0.03203125 0.0578125