2 0.04375 0.18984375 0.01171875 0.0359375
2 0.0734375 0.41484375 0.01953125 0.04609375
2 0.06953125 0.4890625 0.01875 0.053125
2 0.134375 0.5875 0.02578125 0.065625
2 0.20546875 0.42734375 0.01953125 0.06015625
2 0.1171875 0.221875 0.0125 0.0375
2 0.16953125 0.25625 0.0140625 0.04140625
2 0.16171875 0.175 0.01640625 0.0375
2 0.17890625 0.18125 0.0125 0.03984375
2 0.2375 0.29140625 0.0109375 0.04296875
2 0.2265625 0.33515625 0.01484375 0.0546875
2 0.19765625 0.12578125 0.01015625 0.02734375
2 0.22421875 0.13515625 0.01171875 0.02890625
2 0.24140625 0.10625 0.01484375 0.0375
2 0.2859375 0.15859375 0.0125 0.0359375
2 0.28984375 0.18828125 0.0109375 0.03984375
2 0.30859375 0.23125 0.0140625 0.0359375
2 0.34140625 0.1953125 0.01328125 0.0359375
2 0.559375 0.46640625 0.025 0.0703125
2 0.35390625 0.0828125 0.009375 0.034375
2 0.375 0.17578125 0.01484375 0.03984375
2 0.41640625 0.1703125 0.01328125 0.034375
2 0.39453125 0.08515625 0.01015625 0.02890625
2 0.42109375 0.08828125 0.01171875 0.02578125
2 0.475 0.065625 0.01171875 0.03125
2 0.4578125 0.1234375 0.0125 0.03125
2 0.4671875 0.1609375 0.01484375 0.02890625
2 0.48671875 0.17265625 0.01328125 0.02890625
2 0.48125 0.234375 0.015625 0.03984375
2 0.47265625 0.28515625 0.02109375 0.0375
2 0.55703125 0.30078125 0.01640625 0.04140625
2 0.50625 0.10625 0.00859375 0.0203125
2 0.51796875 0.0796875 0.01015625 0.02265625
2 0.53671875 0.175 0.0109375 0.03125
2 0.56484375 0.19765625 0.01796875 0.04140625
2 0.61640625 0.2375 0.015625 0.034375
2 0.56640625 0.1359375 0.0125 0.02734375
2 0.578125 0.13203125 0.00859375 0.02421875
2 0.5671875 0.09296875 0.01015625 0.02734375
2 0.6765625 0.328125 0.01640625 0.0515625
2 0.61328125 0.1109375 0.0125 0.02578125
2 0.6390625 0.14609375 0.0125 0.034375
2 0.684375 0.19921875 0.01484375 0.03125
2 0.703125 0.1671875 0.0125 0.03984375
2 0.69921875 0.20078125 0.01171875 0.034375
2 0.7 0.26640625 0.0140625 0.0375
2 0.75859375 0.34140625 0.021875 0.04609375
2 0.72734375 0.23125 0.01171875 0.0359375
2 0.75703125 0.20078125 0.01640625 0.03125
2 0.80234375 0.23125 0.0140625 0.03984375
2 0.83984375 0.27109375 0.0171875 0.0515625
2 0.91484375 0.3625 0.0265625 0.0546875
2 0.47890625 0.10859375 0.0203125 0.0515625
2 0.0453125 0.246875 0.01328125 0.04296875