2 0.1453125 0.53359375 0.05625 0.1109375
2 0.21796875 0.353125 0.01640625 0.0375
2 0.2625 0.34140625 0.02265625 0.046875
2 0.29140625 0.35859375 0.021875 0.04453125
2 0.2875 0.3015625 0.01640625 0.03046875
2 0.3390625 0.34609375 0.021875 0.04140625
2 0.359375 0.325 0.01953125 0.04140625
2 0.3546875 0.2875 0.01640625 0.03046875
2 0.37890625 0.33515625 0.0203125 0.040625
2 0.40703125 0.3375 0.02109375 0.0390625
2 0.40390625 0.30546875 0.01953125 0.03359375
2 0.43828125 0.3453125 0.01875 0.0484375
2 0.43671875 0.30078125 0.01796875 0.0375
2 0.3953125 0.24921875 0.01640625 0.02890625
2 0.41328125 0.25859375 0.0171875 0.03359375
2 0.43984375 0.259375 0.0125 0.028125
2 0.4640625 0.29765625 0.01640625 0.02890625
2 0.465625 0.265625 0.015625 0.028125
2 0.4578125 0.24453125 0.01640625 0.025
2 0.46640625 0.234375 0.0140625 0.0234375
2 0.48984375 0.27578125 0.0171875 0.03203125
2 0.5046875 0.25390625 0.0171875 0.028125
2 0.51953125 0.253125 0.015625 0.03046875
2 0.51640625 0.3078125 0.01796875 0.040625
2 0.51171875 0.29140625 0.01796875 0.03046875
2 0.54453125 0.2875 0.01796875 0.0359375
2 0.53515625 0.25 0.01484375 0.03046875
2 0.54453125 0.2265625 0.01640625 0.028125
2 0.55546875 0.2546875 0.0171875 0.0375
2 0.56875 0.240625 0.01640625 0.0265625
2 0.5671875 0.21640625 0.0140625 0.028125
2 0.58828125 0.24921875 0.01484375 0.034375
2 0.5890625 0.23359375 0.01640625 0.03046875
2 0.60390625 0.2046875 0.01484375 0.02890625
2 0.6203125 0.20859375 0.0140625 0.021875
2 0.6328125 0.246875 0.0171875 0.03359375
2 0.6515625 0.221875 0.0125 0.03203125
2 0.665625 0.22890625 0.0125 0.03046875
2 0.690625 0.21953125 0.0140625 0.028125
2 0.69609375 0.25625 0.01640625 0.034375
2 0.6671875 0.265625 0.01953125 0.03203125
2 0.62734375 0.296875 0.01796875 0.0359375
2 0.59375 0.32109375 0.02109375 0.04140625
2 0.5296875 0.36875 0.02578125 0.05390625
2 0.53671875 0.39921875 0.03125 0.059375
2 0.49765625 0.3734375 0.028125 0.06640625
2 0.6078125 0.42421875 0.03203125 0.059375
2 0.603125 0.36640625 0.025 0.04453125
2 0.63984375 0.33984375 0.0203125 0.04609375
2 0.68203125 0.346875 0.0203125 0.0484375
2 0.6609375 0.44609375 0.0328125 0.0640625
2 0.646875 0.390625 0.03046875 0.05390625
2 0.6734375 0.3171875 0.02109375 0.04296875
2 0.71328125 0.284375 0.01640625 0.040625
2 0.72578125 0.3953125 0.02734375 0.05390625
2 0.69375 0.51796875 0.03515625 0.075
2 0.75625 0.440625 0.02890625 0.06640625
2 0.78671875 0.503125 0.03125 0.06953125
2 0.79765625 0.35859375 0.02265625 0.046875
2 0.809375 0.33984375 0.01953125 0.04296875
2 0.80390625 0.3046875 0.01796875 0.03203125
2 0.759375 0.284375 0.01953125 0.0390625
2 0.75234375 0.2609375 0.01640625 0.03046875
2 0.7328125 0.25078125 0.0171875 0.02890625
2 0.721875 0.2640625 0.015625 0.03359375
2 0.740625 0.22421875 0.0125 0.02890625
2 0.7703125 0.2453125 0.01796875 0.02890625
2 0.8078125 0.271875 0.01796875 0.03046875
2 0.7984375 0.25546875 0.01484375 0.021875
2 0.82578125 0.2609375 0.0140625 0.0359375
2 0.8484375 0.2609375 0.01796875 0.0390625
2 0.85859375 0.25625 0.01171875 0.03203125
2 0.84921875 0.315625 0.021875 0.0390625
2 0.87578125 0.325 0.01875 0.04140625
2 0.88515625 0.290625 0.0171875 0.03203125
2 0.85859375 0.36640625 0.0234375 0.046875
2 0.84453125 0.409375 0.0234375 0.0484375
2 0.8296875 0.45 0.034375 0.06640625
2 0.89765625 0.46953125 0.0296875 0.075
2 0.88984375 0.3875 0.02109375 0.046875
2 0.9140625 0.35234375 0.0171875 0.040625
2 0.92578125 0.3265625 0.015625 0.0359375
2 0.91796875 0.2984375 0.015625 0.03046875
2 0.91484375 0.27578125 0.0140625 0.0265625