2 0.19453125 0.18671875 0.0203125 0.046875
2 0.2296875 0.18671875 0.0203125 0.03828125
2 0.409375 0.153125 0.025 0.03828125
2 0.52890625 0.18359375 0.021875 0.0359375
2 0.59140625 0.16015625 0.01796875 0.0359375
2 0.61875 0.14453125 0.021875 0.046875
2 0.6484375 0.128125 0.01796875 0.040625
2 0.67109375 0.2015625 0.02421875 0.046875
2 0.71484375 0.16015625 0.021875 0.040625
2 0.74375 0.2703125 0.02890625 0.05703125
2 0.7609375 0.22734375 0.025 0.05546875
2 0.74375 0.3453125 0.03125 0.06171875
2 0.8140625 0.25703125 0.02890625 0.05546875
2 0.81953125 0.36484375 0.03203125 0.0765625
2 0.9265625 0.45234375 0.040625 0.08046875