2 0.375 0.1921875 0.015625 0.0375
2 0.396875 0.13984375 0.01796875 0.0421875
2 0.41171875 0.21328125 0.01953125 0.034375
2 0.4359375 0.13984375 0.01796875 0.0390625
2 0.61171875 0.1015625 0.0125 0.02109375
2 0.646875 0.14921875 0.01484375 0.02265625
2 0.6328125 0.13984375 0.0109375 0.02578125
2 0.6421875 0.12109375 0.0109375 0.02109375
2 0.75234375 0.14140625 0.0109375 0.02890625
2 0.7640625 0.1453125 0.01484375 0.02734375
2 0.8234375 0.25859375 0.01796875 0.046875
2 0.8921875 0.25390625 0.01796875 0.04375
2 0.91875 0.253125 0.0171875 0.0390625
2 0.940625 0.19375 0.0125 0.03046875
2 0.86875 0.19296875 0.0140625 0.0359375