2 0.12890625 0.22265625 0.0171875 0.03203125
2 0.12109375 0.2515625 0.01953125 0.0390625
2 0.1703125 0.2296875 0.01953125 0.040625
2 0.20859375 0.43046875 0.03515625 0.0765625
2 0.29765625 0.2 0.0203125 0.02890625
2 0.30859375 0.21015625 0.0109375 0.02890625
2 0.34375 0.2203125 0.01640625 0.04296875
2 0.41015625 0.2375 0.015625 0.0390625
2 0.434375 0.14921875 0.01171875 0.021875
2 0.45078125 0.09453125 0.0140625 0.02578125
2 0.471875 0.15703125 0.015625 0.034375
2 0.48125 0.1828125 0.015625 0.02890625
2 0.496875 0.15625 0.01171875 0.03203125
2 0.55546875 0.1875 0.0140625 0.0375
2 0.62734375 0.2625 0.0171875 0.040625
2 0.89453125 0.20078125 0.01796875 0.04453125
2 0.88359375 0.24765625 0.02109375 0.0390625
2 0.9171875 0.24296875 0.0140625 0.0390625
2 0.93359375 0.20625 0.01640625 0.040625
2 0.953125 0.23046875 0.02109375 0.05625
2 0.4234375 0.15078125 0.01640625 0.03203125