2 0.0578125 0.4125 0.03828125 0.0859375
2 0.10234375 0.40546875 0.03828125 0.0875
2 0.2296875 0.328125 0.02578125 0.05390625
2 0.31640625 0.20859375 0.01796875 0.0296875
2 0.3328125 0.21640625 0.01953125 0.03359375
2 0.3484375 0.21875 0.0203125 0.0421875
2 0.38046875 0.19453125 0.015625 0.02578125
2 0.43125 0.2078125 0.02265625 0.03984375
2 0.55625 0.14140625 0.02265625 0.03984375
2 0.6 0.065625 0.0125 0.02421875
2 0.70390625 0.07109375 0.01171875 0.0296875
2 0.65 0.13359375 0.0171875 0.03203125
2 0.63828125 0.15078125 0.0203125 0.0296875
2 0.6171875 0.190625 0.015625 0.03359375
2 0.6984375 0.18046875 0.01484375 0.03359375
2 0.6765625 0.24921875 0.01796875 0.0359375
2 0.5921875 0.2828125 0.0296875 0.04609375
2 0.525 0.2890625 0.02578125 0.0515625
2 0.50703125 0.26953125 0.025 0.04765625