2 0.184375 0.31796875 0.03046875 0.053125
2 0.2046875 0.37578125 0.03125 0.06484375
2 0.259375 0.28203125 0.028125 0.05625
2 0.27265625 0.22265625 0.02421875 0.04765625
2 0.303125 0.240625 0.0203125 0.0390625
2 0.31640625 0.25390625 0.021875 0.04765625
2 0.33515625 0.2984375 0.034375 0.07578125
2 0.31640625 0.33046875 0.03125 0.05
2 0.34921875 0.41328125 0.04453125 0.08203125
2 0.3578125 0.3671875 0.0421875 0.06484375
2 0.3578125 0.2390625 0.03046875 0.06328125
2 0.45390625 0.2453125 0.0296875 0.06484375
2 0.45234375 0.209375 0.03515625 0.04765625
2 0.54609375 0.2875 0.04296875 0.08046875