1 0.38671875 0.7765625 0.0515625 0.05
1 0.3203125 0.74609375 0.04375 0.04375
1 0.284375 0.69765625 0.0359375 0.0390625
1 0.23515625 0.74140625 0.04375 0.04375
1 0.20625 0.72109375 0.0375 0.0421875
1 0.1828125 0.68671875 0.034375 0.0359375
1 0.159375 0.73671875 0.0421875 0.0421875
1 0.115625 0.6625 0.0359375 0.0359375
1 0.096875 0.7234375 0.040625 0.04375
1 0.0578125 0.7046875 0.0390625 0.040625
1 0.02421875 0.67421875 0.0375 0.0390625
1 0.01015625 0.70859375 0.0203125 0.0453125
1 0.696875 0.5609375 0.434375 0.24375