2 0.10390625 0.540625 0.04453125 0.10859375
2 0.2109375 0.3484375 0.015625 0.03203125
2 0.27890625 0.303125 0.01640625 0.0390625
2 0.25546875 0.3390625 0.01484375 0.0375
2 0.28671875 0.35546875 0.0203125 0.040625
2 0.34921875 0.28828125 0.0171875 0.0296875
2 0.38515625 0.25234375 0.01640625 0.03203125
2 0.4109375 0.24921875 0.02421875 0.03515625
2 0.43984375 0.25078125 0.02109375 0.0375
2 0.45546875 0.23671875 0.015625 0.0265625
2 0.32890625 0.3578125 0.02421875 0.0421875
2 0.34609375 0.3359375 0.0234375 0.03515625
2 0.3796875 0.321875 0.015625 0.03203125
2 0.3953125 0.296875 0.0125 0.03515625
2 0.425 0.278125 0.025 0.03359375
2 0.46328125 0.2671875 0.01875 0.0296875
2 0.4 0.3390625 0.015625 0.03203125
2 0.4234375 0.34296875 0.0171875 0.03203125
2 0.478125 0.26640625 0.0171875 0.04296875
2 0.48984375 0.253125 0.02109375 0.04296875
2 0.51171875 0.27109375 0.01484375 0.03359375
2 0.54453125 0.21796875 0.01328125 0.02265625
2 0.53984375 0.275 0.01796875 0.03359375
2 0.559375 0.26015625 0.01796875 0.0359375
2 0.58515625 0.22421875 0.01015625 0.0265625
2 0.59140625 0.20703125 0.01171875 0.03046875
2 0.45 0.3171875 0.01796875 0.0359375
2 0.4265625 0.3109375 0.0265625 0.040625
2 0.49140625 0.32109375 0.02265625 0.0390625
2 0.62890625 0.22734375 0.0203125 0.03515625
2 0.64765625 0.228125 0.01875 0.0234375
2 0.6609375 0.2234375 0.01953125 0.028125
2 0.61015625 0.2453125 0.015625 0.0265625
2 0.6125 0.29765625 0.0171875 0.03359375
2 0.575 0.31875 0.01953125 0.03515625
2 0.54296875 0.34609375 0.02265625 0.04453125
2 0.45078125 0.40703125 0.02578125 0.0546875
2 0.528125 0.39765625 0.028125 0.0515625
2 0.5578125 0.4296875 0.028125 0.07109375
2 0.6328125 0.32578125 0.0203125 0.0359375
2 0.61640625 0.4578125 0.0296875 0.05625
2 0.64453125 0.36484375 0.021875 0.05
2 0.6640625 0.3421875 0.02265625 0.0390625
2 0.65234375 0.26640625 0.01328125 0.03203125
2 0.68359375 0.26171875 0.015625 0.03515625
2 0.72578125 0.23046875 0.021875 0.0359375
2 0.7109375 0.24765625 0.02109375 0.0375
2 0.7109375 0.26875 0.0265625 0.0375
2 0.69609375 0.290625 0.0171875 0.03359375
2 0.75625 0.23515625 0.01953125 0.0296875
2 0.74765625 0.26484375 0.0234375 0.0375
2 0.7328125 0.29453125 0.0203125 0.0421875
2 0.71953125 0.40078125 0.03671875 0.05859375
2 0.6859375 0.50078125 0.03671875 0.07421875
2 0.7703125 0.30625 0.0140625 0.04453125
2 0.78984375 0.26875 0.0171875 0.0375
2 0.81015625 0.2609375 0.0171875 0.03359375
2 0.82890625 0.26328125 0.015625 0.03203125
2 0.84375 0.25859375 0.0140625 0.03359375
2 0.8109375 0.30859375 0.0203125 0.04453125
2 0.79375 0.33671875 0.0203125 0.05
2 0.775 0.36953125 0.0296875 0.06015625
2 0.76640625 0.41484375 0.0296875 0.06171875
2 0.7765625 0.53671875 0.03671875 0.08203125
2 0.815625 0.43046875 0.02890625 0.05859375
2 0.83203125 0.3734375 0.01875 0.05703125
2 0.84375 0.34609375 0.0234375 0.053125
2 0.86015625 0.3296875 0.01796875 0.0359375
2 0.86328125 0.2859375 0.02265625 0.0390625
2 0.8984375 0.27421875 0.015625 0.03203125
2 0.89375 0.33046875 0.0125 0.0296875
2 0.88515625 0.390625 0.0171875 0.03515625
2 0.87734375 0.465625 0.03515625 0.06875
2 0.5078125 0.240625 0.01328125 0.02109375
2 0.58046875 0.25546875 0.0234375 0.03359375
2 0.6046875 0.2171875 0.01328125 0.03203125