2 0.2046875 0.33515625 0.0546875 0.11328125
2 0.40390625 0.221875 0.04296875 0.07109375
2 0.4890625 0.175 0.03046875 0.0609375
2 0.5046875 0.15234375 0.02578125 0.05625
2 0.58671875 0.12265625 0.0234375 0.05234375
2 0.61484375 0.18359375 0.028125 0.06484375
2 0.5578125 0.2796875 0.034375 0.0609375
2 0.6359375 0.23515625 0.03046875 0.06328125
2 0.6640625 0.20625 0.02265625 0.05625
2 0.71171875 0.2046875 0.02734375 0.05625
2 0.75390625 0.271875 0.025 0.0609375
2 0.7609375 0.2296875 0.02578125 0.0484375
2 0.69453125 0.334375 0.034375 0.0859375
2 0.75 0.3578125 0.03828125 0.06484375