2 0.08359375 0.446875 0.03125 0.065625
2 0.09609375 0.38828125 0.0375 0.0609375
2 0.1390625 0.36328125 0.03671875 0.07578125
2 0.1703125 0.49609375 0.05546875 0.0875
2 0.20390625 0.3421875 0.028125 0.0640625
2 0.2265625 0.334375 0.0296875 0.07421875
2 0.37265625 0.17109375 0.02421875 0.03828125
2 0.43515625 0.1671875 0.02109375 0.04140625
2 0.67578125 0.11171875 0.02421875 0.03828125
2 0.7 0.05 0.01875 0.03828125
2 0.7296875 0.1265625 0.02421875 0.04453125
2 0.8234375 0.25 0.03671875 0.09375
2 0.88671875 0.27890625 0.05390625 0.10234375