2 0.178125 0.4140625 0.0453125 0.075
2 0.27734375 0.253125 0.01328125 0.028125
2 0.29609375 0.2515625 0.0140625 0.028125
2 0.3140625 0.25625 0.01640625 0.03125
2 0.371875 0.2921875 0.0203125 0.034375
2 0.35859375 0.234375 0.01640625 0.0328125
2 0.38203125 0.1875 0.01484375 0.028125
2 0.40546875 0.1953125 0.015625 0.028125
2 0.39453125 0.22890625 0.01484375 0.0328125
2 0.4296875 0.24140625 0.01875 0.0375
2 0.41953125 0.184375 0.01171875 0.02421875
2 0.44375 0.19453125 0.01484375 0.0265625
2 0.45078125 0.159375 0.009375 0.01796875
2 0.4671875 0.20078125 0.01796875 0.028125
2 0.465625 0.24296875 0.02421875 0.04453125
2 0.521875 0.2109375 0.01953125 0.0359375
2 0.50546875 0.1921875 0.01484375 0.028125
2 0.51953125 0.16875 0.01171875 0.0265625
2 0.50859375 0.13203125 0.01171875 0.02421875
2 0.53671875 0.1375 0.0140625 0.0265625
2 0.55390625 0.13359375 0.01015625 0.02421875
2 0.565625 0.1390625 0.01015625 0.0265625
2 0.58359375 0.14375 0.01484375 0.02265625
2 0.465625 0.17109375 0.0140625 0.02421875
2 0.47890625 0.17265625 0.0140625 0.02421875
2 0.43203125 0.16796875 0.01171875 0.02421875
2 0.41328125 0.171875 0.01328125 0.0265625
2 0.49453125 0.2984375 0.02109375 0.04765625
2 0.5359375 0.34140625 0.0296875 0.05390625
2 0.60078125 0.346875 0.02890625 0.04921875
2 0.69375 0.33515625 0.034375 0.0625
2 0.58359375 0.24609375 0.0234375 0.04453125
2 0.60546875 0.27109375 0.01875 0.04765625
2 0.58359375 0.175 0.0140625 0.0296875
2 0.5375 0.1890625 0.01484375 0.028125
2 0.5859375 0.12109375 0.0109375 0.02265625
2 0.5921875 0.103125 0.0109375 0.02265625
2 0.61015625 0.15234375 0.01328125 0.0265625
2 0.62890625 0.1171875 0.01171875 0.02109375
2 0.62109375 0.10546875 0.01328125 0.02109375
2 0.6421875 0.14296875 0.01015625 0.02421875
2 0.6625 0.115625 0.01328125 0.03125
2 0.69296875 0.1140625 0.0140625 0.028125
2 0.6484375 0.17890625 0.01953125 0.0375
2 0.63046875 0.21484375 0.015625 0.0375
2 0.67578125 0.21484375 0.0140625 0.0375
2 0.6953125 0.1796875 0.01484375 0.0359375
2 0.68203125 0.1703125 0.01484375 0.0296875
2 0.7328125 0.1234375 0.01328125 0.028125
2 0.7421875 0.1484375 0.01484375 0.03125
2 0.73046875 0.17734375 0.01171875 0.028125
2 0.72578125 0.20078125 0.01640625 0.040625
2 0.72734375 0.25234375 0.02578125 0.04609375
2 0.76796875 0.21796875 0.01796875 0.04609375
2 0.746875 0.32578125 0.02890625 0.05859375
2 0.76953125 0.30625 0.01875 0.05234375
2 0.7625 0.13125 0.01328125 0.0265625
2 0.78203125 0.1421875 0.01640625 0.0359375
2 0.809375 0.1546875 0.01328125 0.03125
2 0.83203125 0.15234375 0.01015625 0.0265625
2 0.8328125 0.13046875 0.00859375 0.02109375
2 0.8703125 0.1328125 0.0109375 0.0296875
2 0.8546875 0.16953125 0.01328125 0.034375
2 0.82265625 0.21484375 0.01796875 0.0375
2 0.7765625 0.18828125 0.015625 0.0296875
2 0.80625 0.24921875 0.021875 0.04453125
2 0.83515625 0.31328125 0.0234375 0.04453125
2 0.79453125 0.396875 0.0265625 0.0703125
2 0.88359375 0.38359375 0.02890625 0.05703125
2 0.89375 0.31640625 0.0234375 0.05703125
2 0.91171875 0.27109375 0.01953125 0.04765625
2 0.91953125 0.225 0.015625 0.0375
2 0.8546875 0.2578125 0.01796875 0.040625
2 0.875 0.21328125 0.0140625 0.0375
2 0.884375 0.1734375 0.01328125 0.0296875
2 0.89375 0.16484375 0.015625 0.03125
2 0.9265625 0.16484375 0.01171875 0.02109375