2 0.21015625 0.3515625 0.0375 0.0859375
2 0.3359375 0.27890625 0.01484375 0.0296875
2 0.3171875 0.27421875 0.01796875 0.03125
2 0.2984375 0.24609375 0.0140625 0.03125
2 0.32890625 0.21640625 0.01171875 0.03125
2 0.34609375 0.2171875 0.01328125 0.0265625
2 0.35078125 0.2375 0.01328125 0.0265625
2 0.3796875 0.22578125 0.01875 0.0328125
2 0.428125 0.2796875 0.0203125 0.0484375
2 0.38359375 0.1984375 0.01640625 0.025
2 0.425 0.2203125 0.015625 0.0328125
2 0.45546875 0.2171875 0.01640625 0.0296875
2 0.4421875 0.1984375 0.01484375 0.028125
2 0.4265625 0.17890625 0.015625 0.0296875
2 0.4515625 0.1671875 0.01328125 0.0265625
2 0.4625 0.19453125 0.01328125 0.028125
2 0.50078125 0.19296875 0.015625 0.03125
2 0.52421875 0.203125 0.01328125 0.028125
2 0.47734375 0.16796875 0.0140625 0.025
2 0.47265625 0.14765625 0.01171875 0.0234375
2 0.45078125 0.14609375 0.01328125 0.01953125
2 0.48515625 0.13046875 0.0109375 0.021875
2 0.503125 0.1765625 0.0140625 0.028125
2 0.5421875 0.16171875 0.01171875 0.03125
2 0.55625 0.15 0.01328125 0.025
2 0.53046875 0.1453125 0.0140625 0.028125
2 0.53828125 0.1359375 0.01640625 0.0265625
2 0.559375 0.115625 0.009375 0.021875
2 0.57578125 0.17578125 0.0140625 0.0328125
2 0.62265625 0.1453125 0.01328125 0.028125
2 0.61484375 0.109375 0.01171875 0.0234375
2 0.5953125 0.10546875 0.01015625 0.025
2 0.64765625 0.1109375 0.01015625 0.0265625
2 0.66796875 0.11796875 0.01484375 0.0296875
2 0.6859375 0.103125 0.01328125 0.0296875
2 0.58046875 0.134375 0.01171875 0.0234375
2 0.56875 0.1484375 0.009375 0.021875
2 0.4984375 0.29453125 0.0234375 0.03828125
2 0.54765625 0.3015625 0.02578125 0.053125
2 0.5703125 0.23828125 0.01796875 0.04140625
2 0.60625 0.3375 0.02734375 0.0515625
2 0.609375 0.2546875 0.01953125 0.03828125
2 0.61015625 0.2125 0.01796875 0.03671875
2 0.66875 0.203125 0.02265625 0.03828125
2 0.6578125 0.25859375 0.01796875 0.03984375
2 0.67109375 0.3390625 0.028125 0.06484375
2 0.71796875 0.2921875 0.0234375 0.05625
2 0.765625 0.2859375 0.02109375 0.04453125
2 0.70234375 0.21796875 0.02109375 0.04453125
2 0.70078125 0.178125 0.01640625 0.03828125
2 0.68203125 0.159375 0.01796875 0.03671875
2 0.7203125 0.13671875 0.01171875 0.03125
2 0.72421875 0.171875 0.01484375 0.03125
2 0.7390625 0.203125 0.015625 0.03828125
2 0.75703125 0.18125 0.01328125 0.03125
2 0.75078125 0.13046875 0.01328125 0.03125
2 0.7390625 0.1234375 0.01171875 0.03125
2 0.75 0.10546875 0.01171875 0.021875
2 0.76640625 0.13203125 0.01171875 0.03125
2 0.8 0.178125 0.01640625 0.03515625
2 0.8 0.13671875 0.0109375 0.03125
2 0.8109375 0.13046875 0.0109375 0.028125
2 0.8296875 0.14296875 0.01328125 0.0328125
2 0.8234375 0.16796875 0.01328125 0.028125
2 0.84375 0.18828125 0.015625 0.04453125
2 0.8703125 0.2359375 0.01640625 0.04140625
2 0.85390625 0.1578125 0.01328125 0.0328125
2 0.86796875 0.146875 0.0140625 0.03125
2 0.9 0.134375 0.01015625 0.0296875
2 0.89609375 0.16640625 0.01015625 0.021875
2 0.9015625 0.22578125 0.01328125 0.03671875
2 0.91953125 0.28046875 0.01953125 0.053125
2 0.91640625 0.20234375 0.015625 0.04296875
2 0.92890625 0.15703125 0.01328125 0.03125