2 0.309375 0.25546875 0.01640625 0.03671875
2 0.334375 0.2203125 0.0125 0.028125
2 0.3453125 0.221875 0.015625 0.03359375
2 0.35 0.27109375 0.01640625 0.03359375
2 0.37734375 0.2 0.0140625 0.03203125
2 0.39140625 0.19765625 0.01640625 0.03359375
2 0.4125 0.2234375 0.01953125 0.03671875
2 0.40390625 0.2890625 0.021875 0.03671875
2 0.48359375 0.215625 0.0203125 0.040625
2 0.46015625 0.1625 0.015625 0.0296875
2 0.51171875 0.15 0.0125 0.025
2 0.53671875 0.1625 0.01640625 0.0296875
2 0.51796875 0.1921875 0.01640625 0.03359375
2 0.496875 0.28828125 0.021875 0.040625
2 0.5609375 0.30234375 0.02734375 0.05234375
2 0.5734375 0.22578125 0.0203125 0.04375
2 0.59921875 0.24296875 0.02265625 0.0421875
2 0.56953125 0.16484375 0.01484375 0.0265625
2 0.58125 0.153125 0.0140625 0.025
2 0.56328125 0.14140625 0.0140625 0.0296875
2 0.60546875 0.1015625 0.01328125 0.0265625
2 0.64375 0.17421875 0.01875 0.0390625
2 0.67734375 0.153125 0.015625 0.03125
2 0.6546875 0.21171875 0.01796875 0.03671875
2 0.64453125 0.2640625 0.02265625 0.05078125
2 0.6484375 0.3515625 0.03046875 0.06328125
2 0.70859375 0.2671875 0.02421875 0.05078125
2 0.75546875 0.36484375 0.02578125 0.0546875
2 0.8453125 0.2859375 0.02421875 0.04609375
2 0.77265625 0.296875 0.021875 0.04609375
2 0.80703125 0.2359375 0.01953125 0.04765625
2 0.7484375 0.22109375 0.01953125 0.03828125
2 0.70390625 0.22109375 0.0171875 0.03828125
2 0.7234375 0.18828125 0.01796875 0.03359375
2 0.75703125 0.18046875 0.0140625 0.03203125
2 0.7671875 0.2015625 0.01953125 0.04375
2 0.76875 0.1296875 0.01328125 0.0296875
2 0.80078125 0.13046875 0.0140625 0.03125
2 0.85234375 0.14921875 0.0140625 0.03828125
2 0.8390625 0.18828125 0.0171875 0.0390625
2 0.884375 0.190625 0.01484375 0.0421875
2 0.90859375 0.25859375 0.021875 0.053125
2 0.853125 0.25078125 0.01953125 0.03828125
2 0.86796875 0.2421875 0.01484375 0.0265625
2 0.81875 0.22265625 0.0171875 0.03515625
2 0.815625 0.18671875 0.0171875 0.03125
2 0.04453125 0.3015625 0.0078125 0.01796875