2 0.1421875 0.3390625 0.02890625 0.0609375
2 0.2765625 0.25859375 0.0171875 0.034375
2 0.29296875 0.271875 0.0203125 0.034375
2 0.2984375 0.2453125 0.01796875 0.0375
2 0.33359375 0.2734375 0.01953125 0.04453125
2 0.3640625 0.2859375 0.01796875 0.0390625
2 0.36796875 0.25234375 0.01796875 0.028125
2 0.38515625 0.184375 0.0125 0.03125
2 0.39921875 0.19296875 0.0140625 0.028125
2 0.40390625 0.1703125 0.0140625 0.028125
2 0.42109375 0.17109375 0.015625 0.0328125
2 0.42421875 0.1984375 0.015625 0.0296875
2 0.44375 0.2265625 0.01796875 0.0359375
2 0.45234375 0.1953125 0.01796875 0.0265625
2 0.45078125 0.15703125 0.015625 0.03125
2 0.47109375 0.16640625 0.0140625 0.028125
2 0.4765625 0.15 0.009375 0.025
2 0.4828125 0.190625 0.01796875 0.0390625
2 0.47421875 0.22265625 0.01953125 0.0375
2 0.509375 0.16640625 0.0171875 0.034375
2 0.509375 0.14296875 0.0109375 0.02265625
2 0.5015625 0.12421875 0.01171875 0.025
2 0.54453125 0.11875 0.0140625 0.028125
2 0.53203125 0.1859375 0.0171875 0.0359375
2 0.5390625 0.178125 0.0140625 0.028125
2 0.56875 0.1734375 0.01640625 0.034375
2 0.56015625 0.13125 0.0109375 0.0296875
2 0.5765625 0.146875 0.0140625 0.03125
2 0.584375 0.13359375 0.009375 0.02109375
2 0.57734375 0.1171875 0.009375 0.01796875
2 0.58359375 0.10546875 0.0140625 0.0265625
2 0.6078125 0.14609375 0.015625 0.0328125
2 0.61015625 0.10859375 0.01484375 0.0296875
2 0.634375 0.134375 0.01484375 0.0265625
2 0.63828125 0.1109375 0.0109375 0.025
2 0.62890625 0.10078125 0.0109375 0.028125
2 0.65703125 0.10390625 0.01171875 0.028125
2 0.69296875 0.103125 0.0109375 0.0328125
2 0.67578125 0.15078125 0.015625 0.0328125
2 0.69375 0.175 0.01484375 0.0375
2 0.64765625 0.18046875 0.02109375 0.0390625
2 0.6671875 0.209375 0.021875 0.04140625
2 0.60703125 0.209375 0.025 0.04453125
2 0.56796875 0.2453125 0.02109375 0.04453125
2 0.53203125 0.328125 0.03203125 0.05546875
2 0.53515625 0.27578125 0.02109375 0.0390625
2 0.49140625 0.2890625 0.0265625 0.059375
2 0.61875 0.25859375 0.021875 0.04765625
2 0.6234375 0.29296875 0.02578125 0.05078125
2 0.6609375 0.3203125 0.03515625 0.06875
2 0.70546875 0.25546875 0.02890625 0.0578125
2 0.69375 0.221875 0.02109375 0.0390625
2 0.7203125 0.20859375 0.0203125 0.04296875
2 0.7296875 0.17109375 0.0171875 0.0328125
2 0.7390625 0.1484375 0.0125 0.028125
2 0.73125 0.11328125 0.01484375 0.0328125
2 0.7578125 0.12734375 0.0171875 0.03125
2 0.771875 0.13984375 0.01484375 0.0359375
2 0.76875 0.1953125 0.0171875 0.05234375
2 0.7453125 0.2140625 0.0203125 0.04765625
2 0.75703125 0.2859375 0.025 0.0625
2 0.734375 0.36953125 0.0390625 0.07578125
2 0.803125 0.40703125 0.04765625 0.071875
2 0.8921875 0.40078125 0.03828125 0.071875
2 0.89375 0.29296875 0.0234375 0.0609375
2 0.89921875 0.24765625 0.0171875 0.04609375
2 0.91015625 0.2171875 0.0203125 0.034375
2 0.91640625 0.25078125 0.0140625 0.04453125
2 0.8578125 0.24921875 0.02109375 0.04296875
2 0.8484375 0.29453125 0.03203125 0.0640625
2 0.79765625 0.2484375 0.0203125 0.05078125
2 0.81484375 0.20859375 0.0203125 0.059375
2 0.79765625 0.14453125 0.01640625 0.0359375
2 0.825 0.14296875 0.0140625 0.0296875
2 0.81953125 0.12734375 0.0109375 0.028125
2 0.84609375 0.14296875 0.01484375 0.0296875
2 0.8578125 0.1296875 0.0125 0.0296875
2 0.85078125 0.1734375 0.0140625 0.03125
2 0.87265625 0.1734375 0.0140625 0.034375
2 0.87890625 0.1578125 0.01171875 0.0296875
2 0.91484375 0.16015625 0.01015625 0.028125
2 0.86171875 0.20703125 0.0171875 0.0328125