2 0.8796875 0.15703125 0.01171875 0.03046875
2 0.90390625 0.16328125 0.01015625 0.03203125
2 0.93984375 0.16640625 0.00859375 0.02890625
2 0.928125 0.20234375 0.01015625 0.03515625
2 0.884375 0.23359375 0.0140625 0.03359375
2 0.928125 0.25078125 0.015625 0.03359375
2 0.91640625 0.26171875 0.0171875 0.0390625
2 0.9171875 0.30234375 0.0171875 0.0421875
2 0.91328125 0.33828125 0.01875 0.05390625
2 0.865625 0.2765625 0.0171875 0.05234375
2 0.85234375 0.1859375 0.015625 0.0375
2 0.815625 0.2984375 0.0203125 0.05546875
2 0.8453125 0.321875 0.02421875 0.0578125
2 0.83828125 0.21015625 0.0140625 0.040625
2 0.83671875 0.2328125 0.0171875 0.0421875
2 0.8390625 0.153125 0.0125 0.02890625
2 0.81015625 0.14453125 0.0140625 0.03515625
2 0.79375 0.21328125 0.01640625 0.0375
2 0.76640625 0.25078125 0.0171875 0.04375
2 0.73984375 0.27109375 0.01875 0.05078125
2 0.7375 0.19375 0.015625 0.0390625
2 0.71640625 0.23125 0.01640625 0.0453125
2 0.73359375 0.14609375 0.01015625 0.03203125
2 0.76328125 0.11875 0.01171875 0.02734375
2 0.78125 0.14609375 0.01015625 0.02890625
2 0.7953125 0.16015625 0.01328125 0.03203125
2 0.79140625 0.128125 0.01015625 0.025
2 0.74609375 0.178125 0.015625 0.025
2 0.71171875 0.11953125 0.009375 0.025
2 0.68515625 0.1125 0.01171875 0.025
2 0.6890625 0.18671875 0.0140625 0.03515625
2 0.6546875 0.19453125 0.015625 0.0375
2 0.671875 0.215625 0.01875 0.0421875
2 0.67890625 0.26328125 0.02109375 0.04921875
2 0.625 0.259375 0.0203125 0.04921875
2 0.625 0.203125 0.01796875 0.040625
2 0.57890625 0.2328125 0.01796875 0.0453125
2 0.57421875 0.16953125 0.01640625 0.03359375
2 0.5921875 0.11640625 0.00859375 0.0234375
2 0.603125 0.103125 0.00859375 0.0234375
2 0.61171875 0.128125 0.00859375 0.02890625
2 0.61953125 0.128125 0.009375 0.02890625
2 0.63671875 0.1484375 0.01328125 0.03203125
2 0.65703125 0.11640625 0.009375 0.02734375
2 0.5125 0.12421875 0.009375 0.021875
2 0.5171875 0.12890625 0.00859375 0.0234375
2 0.540625 0.13515625 0.009375 0.03046875
2 0.5609375 0.13984375 0.0140625 0.025
2 0.51328125 0.18671875 0.01640625 0.0390625
2 0.53984375 0.19453125 0.01640625 0.040625
2 0.54765625 0.28828125 0.0203125 0.05546875
2 0.46875 0.13515625 0.009375 0.0234375
2 0.49296875 0.13828125 0.01015625 0.021875
2 0.47890625 0.15234375 0.01015625 0.02734375
2 0.496875 0.15703125 0.01171875 0.0234375
2 0.484375 0.20703125 0.01875 0.0453125
2 0.43984375 0.15 0.01015625 0.025
2 0.390625 0.16953125 0.01015625 0.02734375
2 0.4140625 0.16484375 0.01171875 0.02890625
2 0.43046875 0.17421875 0.0125 0.02734375
2 0.44765625 0.2109375 0.0140625 0.0421875
2 0.42578125 0.2125 0.015625 0.03515625
2 0.4125 0.20703125 0.01640625 0.03515625
2 0.40546875 0.27109375 0.02421875 0.04375
2 0.3671875 0.1921875 0.015625 0.03515625
2 0.34921875 0.2046875 0.0140625 0.0375
2 0.371875 0.246875 0.01796875 0.04375
2 0.26953125 0.221875 0.0125 0.03046875
2 0.3109375 0.2609375 0.01875 0.04375
2 0.23203125 0.3234375 0.0296875 0.06796875