2 0.06171875 0.34453125 0.03046875 0.05078125
2 0.2953125 0.21640625 0.015625 0.028125
2 0.30390625 0.240625 0.01796875 0.0359375
2 0.3328125 0.22890625 0.01796875 0.0359375
2 0.3328125 0.17421875 0.015625 0.0359375
2 0.35 0.19375 0.015625 0.03203125
2 0.37890625 0.190625 0.015625 0.0375
2 0.359375 0.24453125 0.01875 0.03984375
2 0.37265625 0.26484375 0.0234375 0.046875
2 0.4015625 0.18984375 0.01796875 0.03984375
2 0.4140625 0.2015625 0.0171875 0.04140625
2 0.41953125 0.17265625 0.0171875 0.03203125
2 0.4234375 0.146875 0.0171875 0.03046875
2 0.4484375 0.16484375 0.01875 0.03984375
2 0.4421875 0.22109375 0.0203125 0.0453125
2 0.48828125 0.21328125 0.0203125 0.04140625
2 0.478125 0.17890625 0.01875 0.0375
2 0.46953125 0.1546875 0.0140625 0.0265625
2 0.47421875 0.1390625 0.0171875 0.02109375
2 0.4890625 0.128125 0.0140625 0.0265625
2 0.49921875 0.15390625 0.01484375 0.028125
2 0.5125 0.1421875 0.0125 0.02109375
2 0.50546875 0.11484375 0.0140625 0.0265625
2 0.52734375 0.12265625 0.01171875 0.0265625
2 0.52421875 0.16953125 0.015625 0.03046875
2 0.54609375 0.19453125 0.0203125 0.0375
2 0.553125 0.15625 0.015625 0.03046875
2 0.5515625 0.13125 0.01171875 0.02421875
2 0.54765625 0.11796875 0.01484375 0.0359375
2 0.48984375 0.29921875 0.0296875 0.05859375
2 0.55078125 0.3046875 0.03046875 0.05859375
2 0.5796875 0.24453125 0.02734375 0.05859375
2 0.5890625 0.16875 0.021875 0.03984375
2 0.5734375 0.1265625 0.01484375 0.03046875
2 0.58203125 0.109375 0.015625 0.03046875
2 0.6 0.11953125 0.01796875 0.03203125
2 0.61953125 0.15546875 0.01484375 0.03203125
2 0.6265625 0.12734375 0.0171875 0.028125
2 0.6328125 0.10078125 0.0125 0.028125
2 0.65390625 0.12265625 0.015625 0.03046875
2 0.6671875 0.0953125 0.01484375 0.03203125
2 0.68828125 0.12109375 0.01484375 0.0265625
2 0.6921875 0.09609375 0.01171875 0.02265625
2 0.7109375 0.10625 0.01484375 0.03203125
2 0.6515625 0.1859375 0.01875 0.03984375
2 0.62578125 0.2109375 0.021875 0.03359375
2 0.6296875 0.23515625 0.02109375 0.04375
2 0.60703125 0.3359375 0.03046875 0.06796875
2 0.67890625 0.24375 0.0234375 0.053125
2 0.7140625 0.21484375 0.021875 0.053125
2 0.68359375 0.34375 0.03828125 0.071875
2 0.7546875 0.37890625 0.0328125 0.06796875
2 0.81015625 0.4234375 0.0390625 0.06640625
2 0.90859375 0.4234375 0.03671875 0.0890625
2 0.92421875 0.3421875 0.03046875 0.0625
2 0.91953125 0.28203125 0.021875 0.0546875
2 0.95234375 0.221875 0.0171875 0.03984375
2 0.878125 0.21796875 0.0203125 0.04375
2 0.86875 0.2609375 0.0203125 0.046875
2 0.83515625 0.34140625 0.025 0.053125
2 0.778125 0.31328125 0.0234375 0.05625
2 0.7296875 0.30078125 0.025 0.0546875
2 0.7765625 0.26328125 0.028125 0.05078125
2 0.79921875 0.23125 0.0203125 0.04375
2 0.8234375 0.26015625 0.021875 0.0640625
2 0.70625 0.17109375 0.0171875 0.03203125
2 0.69921875 0.15078125 0.015625 0.03359375
2 0.73203125 0.13984375 0.0125 0.03046875
2 0.74375 0.15859375 0.015625 0.04140625
2 0.7609375 0.15078125 0.015625 0.03046875
2 0.76015625 0.128125 0.0125 0.02265625
2 0.78359375 0.13203125 0.01484375 0.03359375
2 0.7984375 0.1546875 0.0171875 0.0375
2 0.76328125 0.2 0.02109375 0.04140625