2 0.16875 0.45859375 0.03828125 0.090625
2 0.3109375 0.22734375 0.0140625 0.04296875
2 0.34375 0.17421875 0.015625 0.03828125
2 0.35234375 0.1796875 0.0171875 0.034375
2 0.40859375 0.20234375 0.01796875 0.04296875
2 0.41796875 0.1640625 0.0109375 0.02890625
2 0.44296875 0.2203125 0.01796875 0.03984375
2 0.4765625 0.22265625 0.01796875 0.0453125
2 0.49453125 0.2796875 0.02578125 0.0578125
2 0.46015625 0.1625 0.01484375 0.03984375
2 0.48828125 0.134375 0.0125 0.02734375
2 0.49765625 0.1609375 0.01796875 0.03984375
2 0.515625 0.11484375 0.0109375 0.0234375
2 0.534375 0.12578125 0.01171875 0.03046875
2 0.54375 0.11640625 0.0140625 0.03046875
2 0.56328125 0.24453125 0.01796875 0.04140625
2 0.546875 0.3 0.02578125 0.06484375
2 0.5890625 0.05625 0.0125 0.0359375
2 0.63125 0.08671875 0.01015625 0.025
2 0.65859375 0.0890625 0.00859375 0.02734375
2 0.68359375 0.09453125 0.0109375 0.01953125
2 0.6953125 0.10859375 0.0125 0.025
2 0.62890625 0.1203125 0.0125 0.02734375
2 0.64375 0.13359375 0.01484375 0.02890625
2 0.60390625 0.3 0.0265625 0.071875
2 0.6375 0.1796875 0.02109375 0.0484375
2 0.625 0.24453125 0.02109375 0.05625
2 0.66484375 0.29140625 0.021875 0.0484375
2 0.6671875 0.21875 0.01953125 0.04296875
2 0.6734375 0.1671875 0.0171875 0.03828125
2 0.6859375 0.34765625 0.03046875 0.06640625
2 0.6953125 0.1578125 0.0125 0.034375
2 0.71015625 0.18359375 0.0171875 0.03828125
2 0.71875 0.23046875 0.021875 0.0484375
2 0.7234375 0.13125 0.015625 0.03046875
2 0.7359375 0.1671875 0.01484375 0.03046875
2 0.74765625 0.115625 0.0140625 0.0359375
2 0.7703125 0.18046875 0.0140625 0.03984375
2 0.79609375 0.16796875 0.0125 0.02890625
2 0.78984375 0.21171875 0.0140625 0.03828125
2 0.809375 0.28046875 0.0265625 0.05625
2 0.77265625 0.3359375 0.028125 0.06875
2 0.8390625 0.35078125 0.02890625 0.06640625
2 0.86015625 0.31796875 0.0234375 0.06171875
2 0.91171875 0.37421875 0.021875 0.05234375
2 0.8703125 0.26640625 0.01796875 0.03828125
2 0.92421875 0.28359375 0.02265625 0.05078125
2 0.8421875 0.0828125 0.015625 0.0328125
2 0.89453125 0.13984375 0.0125 0.034375
2 0.93046875 0.1515625 0.01796875 0.03984375
2 0.85390625 0.21015625 0.0171875 0.03828125
2 0.86875 0.178125 0.0125 0.034375
2 0.8828125 0.215625 0.01875 0.03828125
2 0.44375 0.13515625 0.01171875 0.02890625
2 0.5203125 0.15078125 0.0140625 0.034375
2 0.55078125 0.159375 0.0140625 0.03828125
2 0.55625 0.175 0.01484375 0.03984375
2 0.58125 0.15546875 0.01484375 0.03984375
2 0.934375 0.2203125 0.015625 0.04296875
2 0.8953125 0.1875 0.01484375 0.0328125
2 0.8328125 0.1703125 0.015625 0.03828125
2 0.78203125 0.12421875 0.01171875 0.0359375
2 0.7203125 0.1 0.01015625 0.02734375