2 0.7015625 0.590625 0.0765625 0.15234375
2 0.71953125 0.4171875 0.05703125 0.1078125
2 0.6328125 0.246875 0.02109375 0.046875
2 0.79140625 0.22734375 0.01484375 0.03359375
2 0.83125 0.2578125 0.021875 0.046875
2 0.95 0.20546875 0.0125 0.03203125
2 0.9265625 0.27265625 0.015625 0.04296875
2 0.5796875 0.2171875 0.01875 0.04296875
2 0.55625 0.1984375 0.01875 0.03515625
2 0.51953125 0.19375 0.01796875 0.03359375
2 0.5796875 0.13046875 0.01171875 0.02578125
2 0.47890625 0.13203125 0.01328125 0.0296875
2 0.46875 0.15859375 0.01015625 0.02265625
2 0.44375 0.22734375 0.01796875 0.03359375
2 0.4140625 0.22265625 0.01640625 0.03203125
2 0.40234375 0.18984375 0.01796875 0.0375
2 0.37890625 0.16875 0.01640625 0.028125
2 0.3265625 0.1984375 0.01328125 0.03203125