2 0.11484375 0.5046875 0.04609375 0.115625
2 0.72265625 0.121875 0.01484375 0.03046875
2 0.68671875 0.11171875 0.01484375 0.028125
2 0.63671875 0.10078125 0.01484375 0.0265625
2 0.74375 0.13359375 0.01796875 0.028125
2 0.7578125 0.13046875 0.01171875 0.0234375
2 0.3140625 0.23515625 0.01484375 0.04296875
2 0.32734375 0.20078125 0.0171875 0.0390625
2 0.35703125 0.20078125 0.0140625 0.0359375
2 0.425 0.15546875 0.01484375 0.0265625
2 0.46953125 0.1390625 0.0140625 0.03203125
2 0.49765625 0.12578125 0.0109375 0.0265625
2 0.42421875 0.19921875 0.0171875 0.03203125
2 0.4484375 0.2171875 0.0203125 0.0390625
2 0.52890625 0.1265625 0.01484375 0.0359375
2 0.58203125 0.11953125 0.01484375 0.03203125
2 0.60625 0.1234375 0.01484375 0.0265625
2 0.6171875 0.11171875 0.0203125 0.028125
2 0.7796875 0.1453125 0.01484375 0.0375
2 0.5375 0.1578125 0.01328125 0.0234375
2 0.50859375 0.15 0.01328125 0.03359375
2 0.4890625 0.1453125 0.0203125 0.0375
2 0.50234375 0.2140625 0.01484375 0.0375
2 0.56015625 0.184375 0.0171875 0.03359375
2 0.56015625 0.1625 0.01953125 0.04765625
2 0.54296875 0.1359375 0.01484375 0.0265625
2 0.59140625 0.165625 0.0140625 0.028125
2 0.6296875 0.153125 0.0140625 0.028125
2 0.65703125 0.140625 0.0140625 0.028125
2 0.66328125 0.11640625 0.0140625 0.03046875
2 0.53203125 0.2734375 0.03203125 0.05546875
2 0.58515625 0.2828125 0.0234375 0.053125
2 0.58828125 0.25 0.0234375 0.04765625
2 0.634375 0.296875 0.03046875 0.06796875
2 0.63671875 0.25703125 0.03359375 0.05546875
2 0.640625 0.21953125 0.02109375 0.04765625
2 0.6625 0.19609375 0.0234375 0.04296875
2 0.66953125 0.2421875 0.021875 0.04296875
2 0.71015625 0.1703125 0.01953125 0.03046875
2 0.703125 0.2109375 0.02109375 0.0375
2 0.721875 0.23515625 0.01796875 0.0390625
2 0.678125 0.2953125 0.025 0.04296875
2 0.6765625 0.34375 0.03359375 0.04296875
2 0.7578125 0.33359375 0.03046875 0.0625
2 0.7515625 0.171875 0.01484375 0.03046875
2 0.81484375 0.17109375 0.0171875 0.04296875
2 0.84765625 0.1515625 0.01640625 0.0359375
2 0.83359375 0.17421875 0.0203125 0.0390625
2 0.7875 0.21640625 0.02421875 0.04765625
2 0.796875 0.2765625 0.02734375 0.04453125
2 0.8375 0.35859375 0.03203125 0.05859375
2 0.84375 0.21796875 0.0203125 0.04453125
2 0.81953125 0.2625 0.0265625 0.04765625
2 0.8828125 0.15390625 0.01484375 0.03359375
2 0.86875 0.184375 0.02109375 0.03046875
2 0.89140625 0.2109375 0.01796875 0.0375
2 0.91875 0.1609375 0.01328125 0.03359375
2 0.9171875 0.184375 0.0171875 0.040625
2 0.94375 0.17109375 0.01328125 0.0359375
2 0.93515625 0.24765625 0.02109375 0.0390625
2 0.925 0.2828125 0.0171875 0.04296875
2 0.92109375 0.32265625 0.0265625 0.04453125
2 0.8703125 0.29375 0.0234375 0.053125
2 0.88203125 0.2484375 0.021875 0.05546875
2 0.9015625 0.1984375 0.0171875 0.03359375
2 0.85390625 0.19765625 0.021875 0.053125
2 0.77109375 0.18828125 0.0265625 0.05
2 0.76328125 0.14921875 0.01953125 0.0390625
2 0.69140625 0.13828125 0.02421875 0.04453125
2 0.490625 0.17890625 0.01484375 0.0375
2 0.43828125 0.18828125 0.01484375 0.0359375
2 0.46953125 0.153125 0.01640625 0.028125
2 0.94453125 0.2203125 0.0140625 0.0359375