2 0.3046875 0.225 0.01875 0.03828125
2 0.35546875 0.18984375 0.01875 0.025
2 0.40390625 0.2015625 0.01953125 0.0328125
2 0.4359375 0.1796875 0.0171875 0.03046875
2 0.44140625 0.21953125 0.0203125 0.03828125
2 0.4328125 0.25703125 0.01953125 0.03984375
2 0.4953125 0.215625 0.021875 0.0421875
2 0.48125 0.16875 0.0171875 0.0328125
2 0.53828125 0.16640625 0.01171875 0.02265625
2 0.553125 0.18046875 0.015625 0.0328125
2 0.6265625 0.12421875 0.0140625 0.034375
2 0.659375 0.18515625 0.01640625 0.02265625
2 0.62265625 0.21484375 0.02265625 0.0359375
2 0.66484375 0.2203125 0.02421875 0.03984375
2 0.725 0.2328125 0.02265625 0.03828125
2 0.6703125 0.29140625 0.02421875 0.04375
2 0.625 0.3046875 0.02265625 0.05546875
2 0.66484375 0.3609375 0.02734375 0.06875
2 0.79453125 0.2859375 0.01875 0.053125
2 0.81171875 0.25546875 0.01640625 0.05
2 0.86953125 0.26640625 0.0203125 0.04375
2 0.92734375 0.234375 0.0203125 0.0421875
2 0.90234375 0.33671875 0.025 0.06328125
2 0.84765625 0.31640625 0.025 0.0609375
2 0.90234375 0.44296875 0.03125 0.06484375
2 0.4578125 0.140625 0.01328125 0.02890625