2 0.01953125 0.4 0.02578125 0.053125
2 0.234375 0.3265625 0.01953125 0.03828125
2 0.2609375 0.3359375 0.021875 0.0453125
2 0.28515625 0.35078125 0.02109375 0.04765625
2 0.28125 0.2984375 0.01875 0.03828125
2 0.33515625 0.3484375 0.02265625 0.04765625
2 0.3734375 0.3375 0.01953125 0.03828125
2 0.36875 0.31015625 0.01796875 0.03359375
2 0.353125 0.28203125 0.01796875 0.03671875
2 0.4015625 0.32890625 0.021875 0.03671875
2 0.4421875 0.33125 0.02265625 0.0390625
2 0.40546875 0.2890625 0.0171875 0.03125
2 0.39609375 0.271875 0.01484375 0.0265625
2 0.39296875 0.2453125 0.01328125 0.0265625
2 0.42421875 0.271875 0.0171875 0.03203125
2 0.42109375 0.253125 0.01171875 0.025
2 0.45078125 0.23671875 0.0125 0.0265625
2 0.46328125 0.2328125 0.0125 0.0265625
2 0.465625 0.26328125 0.01875 0.03203125
2 0.4640625 0.3 0.01796875 0.0296875
2 0.440625 0.29765625 0.0203125 0.03359375
2 0.49375 0.25625 0.0171875 0.0296875
2 0.5125 0.30390625 0.01953125 0.03515625
2 0.540625 0.2765625 0.0203125 0.0421875
2 0.51015625 0.23828125 0.01484375 0.0296875
2 0.5421875 0.2171875 0.01328125 0.02421875
2 0.5265625 0.2578125 0.015625 0.0296875
2 0.5609375 0.23359375 0.01484375 0.0265625
2 0.54921875 0.24921875 0.01796875 0.0296875
2 0.56171875 0.2140625 0.0140625 0.02421875
2 0.58359375 0.22265625 0.01484375 0.0265625
2 0.5875 0.240625 0.01328125 0.0265625
2 0.59921875 0.19765625 0.0125 0.03125
2 0.61484375 0.20703125 0.0125 0.0265625
2 0.62734375 0.21796875 0.01484375 0.028125
2 0.62734375 0.2484375 0.0140625 0.03125
2 0.64140625 0.20625 0.01171875 0.01953125
2 0.6609375 0.22265625 0.0171875 0.03203125
2 0.67265625 0.21953125 0.0109375 0.0296875
2 0.68671875 0.246875 0.01484375 0.03515625
2 0.66875 0.25625 0.0171875 0.03203125
2 0.625 0.28671875 0.0203125 0.0390625
2 0.58203125 0.32109375 0.01875 0.04375
2 0.53359375 0.39296875 0.02734375 0.053125
2 0.53046875 0.35078125 0.025 0.05078125
2 0.4921875 0.38515625 0.0265625 0.06328125
2 0.60234375 0.4203125 0.03203125 0.0703125
2 0.5984375 0.36484375 0.02578125 0.053125
2 0.63671875 0.32421875 0.02109375 0.04765625
2 0.68046875 0.34375 0.0234375 0.05234375
2 0.65234375 0.3734375 0.0265625 0.06171875
2 0.65234375 0.43515625 0.03515625 0.0703125
2 0.70078125 0.496875 0.040625 0.0859375
2 0.70859375 0.28203125 0.01484375 0.0390625
2 0.73203125 0.26015625 0.01484375 0.03359375
2 0.7265625 0.21328125 0.01484375 0.03125
2 0.74296875 0.24140625 0.0140625 0.025
2 0.7671875 0.22421875 0.01484375 0.03828125
2 0.746875 0.2734375 0.01875 0.03515625
2 0.79375 0.2890625 0.01484375 0.0390625
2 0.7921875 0.23359375 0.01328125 0.0265625
2 0.7578125 0.25390625 0.01328125 0.03359375
2 0.721875 0.38515625 0.02578125 0.0546875
2 0.7546875 0.39921875 0.0265625 0.05625
2 0.7921875 0.35703125 0.0234375 0.05078125
2 0.82578125 0.44609375 0.03515625 0.06875
2 0.815625 0.515625 0.0390625 0.0703125
2 0.890625 0.4578125 0.0328125 0.0703125
2 0.8984375 0.38984375 0.02734375 0.05234375
2 0.9078125 0.34453125 0.01875 0.03828125
2 0.85390625 0.3578125 0.02421875 0.04609375
2 0.8359375 0.40078125 0.02421875 0.04375
2 0.8296875 0.296875 0.01796875 0.03828125
2 0.83828125 0.2734375 0.0140625 0.0296875
2 0.82734375 0.246875 0.015625 0.03203125
2 0.8578125 0.24765625 0.01328125 0.03203125
2 0.87421875 0.27578125 0.0171875 0.03828125
2 0.85234375 0.3109375 0.0171875 0.03828125
2 0.90546875 0.309375 0.01328125 0.03359375
2 0.91328125 0.28515625 0.0109375 0.025
2 0.91328125 0.2671875 0.015625 0.03203125