2 0.03203125 0.41640625 0.02734375 0.05
2 0.24296875 0.340625 0.01953125 0.04140625
2 0.26796875 0.359375 0.02421875 0.05
2 0.29921875 0.37109375 0.021875 0.04453125
2 0.296875 0.3140625 0.02265625 0.04296875
2 0.34921875 0.36640625 0.025 0.053125
2 0.39140625 0.353125 0.01875 0.034375
2 0.38515625 0.32734375 0.01875 0.02890625
2 0.36796875 0.3 0.015625 0.02890625
2 0.40078125 0.26171875 0.01328125 0.03046875
2 0.41484375 0.28203125 0.0140625 0.02734375
2 0.421875 0.3015625 0.01640625 0.03125
2 0.42109375 0.346875 0.02421875 0.03984375
2 0.46796875 0.3453125 0.02421875 0.04140625
2 0.45546875 0.31015625 0.01875 0.0375
2 0.4421875 0.2875 0.015625 0.0328125
2 0.4375 0.2625 0.01328125 0.02265625
2 0.47265625 0.25 0.01328125 0.02890625
2 0.48359375 0.2390625 0.0125 0.02734375
2 0.48515625 0.30859375 0.01640625 0.02890625
2 0.48671875 0.2765625 0.0171875 0.03046875
2 0.51484375 0.26796875 0.0171875 0.0375
2 0.52890625 0.284375 0.01640625 0.03984375
2 0.53125 0.25078125 0.01328125 0.034375
2 0.55078125 0.26328125 0.015625 0.0328125
2 0.578125 0.29140625 0.0171875 0.0375
2 0.58125 0.27109375 0.01328125 0.02890625
2 0.5875 0.246875 0.01171875 0.02578125
2 0.56640625 0.2328125 0.01640625 0.0359375
2 0.58671875 0.22578125 0.01484375 0.03046875
2 0.6203125 0.2265625 0.01328125 0.02890625
2 0.628125 0.20859375 0.0125 0.02734375
2 0.62265625 0.25234375 0.01328125 0.02890625
2 0.64375 0.2203125 0.0140625 0.02734375
2 0.65625 0.2328125 0.0140625 0.03125
2 0.6609375 0.24921875 0.01640625 0.0328125
2 0.53203125 0.321875 0.0203125 0.0390625
2 0.51640625 0.4 0.03203125 0.06015625
2 0.55703125 0.37265625 0.028125 0.05703125
2 0.56171875 0.409375 0.03515625 0.05625
2 0.6125 0.33203125 0.0234375 0.04765625
2 0.62890625 0.3796875 0.0234375 0.04765625
2 0.62734375 0.4359375 0.03515625 0.05703125
2 0.68671875 0.4546875 0.034375 0.06875
2 0.67734375 0.3734375 0.02890625 0.05859375
2 0.66484375 0.3421875 0.02265625 0.04765625
2 0.6515625 0.30703125 0.0203125 0.04609375
2 0.69140625 0.2765625 0.01875 0.0375
2 0.67109375 0.2421875 0.01484375 0.02578125
2 0.6765625 0.22421875 0.0109375 0.01875
2 0.68828125 0.2328125 0.0125 0.02578125
2 0.70390625 0.2359375 0.01328125 0.02734375
2 0.72265625 0.25546875 0.015625 0.02890625
2 0.740625 0.29375 0.01953125 0.0375
2 0.69765625 0.32890625 0.021875 0.04453125
2 0.75625 0.25078125 0.01171875 0.02890625
2 0.7609375 0.2265625 0.01484375 0.03125
2 0.765625 0.27421875 0.01640625 0.03125
2 0.78359375 0.2859375 0.0171875 0.0359375
2 0.8015625 0.23515625 0.01484375 0.02890625
2 0.83125 0.2515625 0.01640625 0.0359375
2 0.79453125 0.26953125 0.01484375 0.03125
2 0.78046875 0.25625 0.01484375 0.03046875
2 0.7359375 0.5125 0.04296875 0.08359375
2 0.759375 0.40625 0.028125 0.05703125
2 0.70859375 0.36015625 0.02265625 0.04609375
2 0.80859375 0.40703125 0.03046875 0.06171875
2 0.828125 0.37890625 0.02265625 0.0515625
2 0.83359375 0.30625 0.01875 0.0359375
2 0.83046875 0.346875 0.02109375 0.0390625
2 0.8640625 0.46015625 0.02734375 0.06328125
2 0.85703125 0.546875 0.03828125 0.071875
2 0.87734375 0.41640625 0.02421875 0.04765625
2 0.89765625 0.36015625 0.02578125 0.0515625
2 0.8921875 0.32265625 0.021875 0.04296875
2 0.865625 0.31171875 0.0203125 0.0359375
2 0.8765625 0.29140625 0.0140625 0.034375
2 0.8796875 0.26875 0.0171875 0.03046875
2 0.86328125 0.265625 0.01953125 0.03984375
2 0.890625 0.2515625 0.01640625 0.04453125
2 0.91484375 0.29453125 0.01640625 0.0390625
2 0.94765625 0.3578125 0.0203125 0.04140625
2 0.9375 0.39921875 0.02265625 0.0515625
2 0.9328125 0.4625 0.03203125 0.0671875
2 0.9453125 0.32421875 0.0203125 0.034375
2 0.95390625 0.3125 0.0171875 0.0375
2 0.95546875 0.28515625 0.01953125 0.03984375