2 0.12109375 0.534375 0.0453125 0.0859375
2 0.21875 0.33828125 0.01640625 0.034375
2 0.2484375 0.35859375 0.02109375 0.04609375
2 0.27421875 0.378125 0.0234375 0.0484375
2 0.27421875 0.31484375 0.01796875 0.0328125
2 0.33046875 0.3546875 0.02421875 0.04453125
2 0.34921875 0.3328125 0.01640625 0.03515625
2 0.346875 0.296875 0.0171875 0.034375
2 0.4046875 0.3328125 0.02109375 0.04453125
2 0.3859375 0.25859375 0.01796875 0.03515625
2 0.4078125 0.26953125 0.015625 0.0296875
2 0.425 0.2578125 0.0140625 0.025
2 0.44140625 0.265625 0.015625 0.03671875
2 0.44453125 0.33984375 0.021875 0.0515625
2 0.40234375 0.3 0.0203125 0.0296875
2 0.46640625 0.315625 0.01953125 0.03671875
2 0.46484375 0.265625 0.01640625 0.028125
2 0.4671875 0.2375 0.0171875 0.034375
2 0.5078125 0.2609375 0.01484375 0.025
2 0.50234375 0.3328125 0.0234375 0.04453125
2 0.52578125 0.27421875 0.01640625 0.03671875
2 0.5484375 0.25390625 0.01484375 0.03671875
2 0.53359375 0.25234375 0.015625 0.03671875
2 0.5546875 0.27890625 0.0203125 0.03671875
2 0.52109375 0.24609375 0.01484375 0.03125
2 0.5609375 0.21875 0.0140625 0.0296875
2 0.5734375 0.21640625 0.01640625 0.03125
2 0.60703125 0.20703125 0.0140625 0.0296875
2 0.61015625 0.221875 0.0109375 0.0296875
2 0.63125 0.215625 0.0140625 0.0265625
2 0.64453125 0.221875 0.0140625 0.0296875
2 0.6390625 0.2484375 0.015625 0.0265625
2 0.60625 0.25 0.015625 0.0265625
2 0.58203125 0.25859375 0.015625 0.0328125
2 0.575 0.2421875 0.0125 0.03125
2 0.6078125 0.3265625 0.021875 0.0546875
2 0.68046875 0.20703125 0.01484375 0.0296875
2 0.69296875 0.21796875 0.01484375 0.034375
2 0.68359375 0.2328125 0.01484375 0.03125
2 0.678125 0.27265625 0.0171875 0.03671875
2 0.6390625 0.29921875 0.0203125 0.03984375
2 0.6859375 0.31171875 0.01953125 0.04609375
2 0.71171875 0.30078125 0.01953125 0.04296875
2 0.715625 0.24765625 0.015625 0.034375
2 0.74765625 0.25078125 0.01484375 0.03984375
2 0.75390625 0.2359375 0.0171875 0.034375
2 0.79296875 0.2328125 0.015625 0.03125
2 0.78671875 0.25859375 0.01484375 0.0265625
2 0.79609375 0.26171875 0.015625 0.04140625
2 0.784375 0.284375 0.01875 0.03671875
2 0.825 0.296875 0.01796875 0.03984375
2 0.82265625 0.2453125 0.01640625 0.0328125
2 0.83359375 0.2734375 0.01640625 0.03828125
2 0.859375 0.25703125 0.0109375 0.03125
2 0.86953125 0.26328125 0.01171875 0.0328125
2 0.875 0.27421875 0.01640625 0.03671875
2 0.8953125 0.25546875 0.0125 0.03984375
2 0.91328125 0.2984375 0.0125 0.0296875
2 0.95703125 0.2828125 0.01640625 0.0296875
2 0.95078125 0.30703125 0.01171875 0.03125
2 0.946875 0.3421875 0.0203125 0.03984375
2 0.9046875 0.321875 0.01640625 0.034375
2 0.8578125 0.32734375 0.01484375 0.03984375
2 0.88515625 0.3375 0.01796875 0.04453125
2 0.94921875 0.40703125 0.0203125 0.04765625
2 0.92421875 0.45234375 0.025 0.059375
2 0.86640625 0.41015625 0.02109375 0.0546875
2 0.825 0.3609375 0.0203125 0.053125
2 0.83203125 0.33203125 0.01640625 0.04296875
2 0.853125 0.47421875 0.02421875 0.0609375
2 0.778125 0.4359375 0.0296875 0.06328125
2 0.7296875 0.4015625 0.02578125 0.0515625
2 0.70078125 0.36328125 0.021875 0.0515625
2 0.65390625 0.34453125 0.02109375 0.04765625
2 0.66484375 0.3625 0.02578125 0.05
2 0.61640625 0.375 0.028125 0.0546875
2 0.540625 0.35859375 0.0234375 0.0546875
2 0.47890625 0.409375 0.02578125 0.06328125
2 0.5203125 0.446875 0.034375 0.0625
2 0.59140625 0.45625 0.0296875 0.06640625
2 0.63984375 0.47109375 0.0375 0.06640625
2 0.71015625 0.5484375 0.03671875 0.0859375
2 0.81953125 0.59296875 0.0359375 0.0765625