2 0.05390625 0.3890625 0.0265625 0.06015625
2 0.24453125 0.27734375 0.0203125 0.03125
2 0.29140625 0.27421875 0.01796875 0.046875
2 0.296875 0.2390625 0.021875 0.0421875
2 0.359375 0.25546875 0.021875 0.0359375
2 0.39609375 0.26328125 0.01640625 0.0390625
2 0.38125 0.22421875 0.01796875 0.0328125
2 0.37109375 0.190625 0.0203125 0.0359375
2 0.3953125 0.19375 0.015625 0.0328125
2 0.4046875 0.17734375 0.01953125 0.0390625
2 0.41875 0.17265625 0.015625 0.0390625
2 0.428125 0.1640625 0.01875 0.0328125
2 0.4421875 0.22265625 0.02421875 0.0453125
2 0.47421875 0.21640625 0.021875 0.0421875
2 0.44765625 0.18359375 0.0203125 0.0421875
2 0.46640625 0.18203125 0.015625 0.0359375
2 0.48046875 0.16171875 0.0140625 0.034375
2 0.4703125 0.140625 0.01171875 0.034375
2 0.4859375 0.14609375 0.01328125 0.02890625
2 0.48984375 0.19375 0.01953125 0.0390625
2 0.5265625 0.19296875 0.01875 0.040625
2 0.5125 0.15859375 0.01640625 0.03125
2 0.503125 0.1421875 0.015625 0.02734375
2 0.51953125 0.1359375 0.01171875 0.02421875
2 0.5390625 0.17265625 0.0140625 0.0328125
2 0.5609375 0.16875 0.021875 0.0359375
2 0.5453125 0.128125 0.0140625 0.0328125
2 0.5609375 0.11796875 0.01875 0.034375
2 0.58359375 0.13671875 0.015625 0.0328125
2 0.5828125 0.11328125 0.01484375 0.02421875
2 0.59375 0.1 0.01171875 0.02734375
2 0.6078125 0.13671875 0.01875 0.0359375
2 0.6140625 0.103125 0.01171875 0.02109375
2 0.6203125 0.128125 0.015625 0.0359375
2 0.63984375 0.1015625 0.01796875 0.03125
2 0.63984375 0.1234375 0.01171875 0.0328125
2 0.6578125 0.13203125 0.0140625 0.0328125
2 0.65 0.16484375 0.01953125 0.040625
2 0.66484375 0.1078125 0.01484375 0.03125
2 0.6984375 0.0984375 0.01640625 0.03125
2 0.50625 0.290625 0.0265625 0.06328125
2 0.56171875 0.29609375 0.028125 0.05546875
2 0.5765625 0.2328125 0.02421875 0.0453125
2 0.61796875 0.25390625 0.0296875 0.05546875
2 0.62890625 0.2921875 0.028125 0.05703125
2 0.69375 0.3078125 0.04140625 0.0796875
2 0.740625 0.33984375 0.03359375 0.078125
2 0.73203125 0.25546875 0.025 0.05546875
2 0.6984375 0.225 0.03125 0.05078125
2 0.67578125 0.175 0.01640625 0.0375
2 0.65546875 0.209375 0.025 0.0421875
2 0.62578125 0.1984375 0.0203125 0.0453125
2 0.70390625 0.171875 0.01796875 0.046875
2 0.7203125 0.1625 0.01953125 0.0359375
2 0.725 0.19609375 0.02109375 0.05078125
2 0.75078125 0.21328125 0.0234375 0.0484375
2 0.7765625 0.2015625 0.0203125 0.0421875
2 0.77578125 0.16171875 0.01640625 0.0375
2 0.746875 0.14140625 0.01640625 0.0359375
2 0.76171875 0.12890625 0.01484375 0.0375
2 0.73359375 0.1078125 0.01796875 0.040625
2 0.78515625 0.27109375 0.0234375 0.05390625
2 0.80546875 0.3390625 0.03671875 0.0734375
2 0.83671875 0.28203125 0.025 0.05703125
2 0.8921875 0.3546875 0.0390625 0.071875
2 0.9109375 0.2921875 0.021875 0.06328125
2 0.90859375 0.2625 0.0203125 0.046875
2 0.92421875 0.24375 0.015625 0.0421875
2 0.91484375 0.215625 0.01875 0.05078125
2 0.86484375 0.25703125 0.02421875 0.0484375
2 0.81015625 0.2375 0.02421875 0.05234375
2 0.81875 0.18515625 0.0234375 0.0453125
2 0.875 0.20390625 0.01875 0.040625
2 0.8828125 0.171875 0.0140625 0.034375
2 0.89375 0.1421875 0.0140625 0.03125
2 0.92421875 0.16015625 0.0109375 0.02421875
2 0.85390625 0.13828125 0.0140625 0.02890625
2 0.8578125 0.17578125 0.01640625 0.0421875
2 0.81015625 0.1421875 0.01875 0.040625
2 0.82734375 0.134375 0.015625 0.0375
2 0.8375 0.1375 0.01171875 0.02734375