2 0.1203125 0.81015625 0.1140625 0.1671875
2 0.07578125 0.57578125 0.0671875 0.1125
2 0.03671875 0.4921875 0.03984375 0.06796875
2 0.08125 0.49609375 0.03828125 0.059375
2 0.15 0.4828125 0.0328125 0.040625
2 0.16875 0.45390625 0.025 0.03203125
2 0.20859375 0.44375 0.025 0.03046875
2 0.21328125 0.50546875 0.0515625 0.06796875
2 0.20546875 0.59765625 0.08828125 0.12109375
2 0.25546875 0.5125 0.03828125 0.05546875
2 0.296875 0.51171875 0.03828125 0.04296875
2 0.3203125 0.47109375 0.028125 0.0359375
2 0.29140625 0.4609375 0.0203125 0.034375
2 0.2640625 0.46875 0.028125 0.03203125
2 0.3625 0.56171875 0.053125 0.071875
2 0.36953125 0.51171875 0.03828125 0.04921875
2 0.36640625 0.465625 0.02265625 0.03125
2 0.4078125 0.47421875 0.028125 0.0359375
2 0.42734375 0.46015625 0.01796875 0.03203125
2 0.44765625 0.5484375 0.0515625 0.078125
2 0.48671875 0.61953125 0.09375 0.13125
2 0.4890625 0.5125 0.03515625 0.059375
2 0.4546875 0.5 0.03359375 0.04765625
2 0.4734375 0.46640625 0.02421875 0.0375
2 0.59609375 0.5453125 0.040625 0.05234375
2 0.63046875 0.57421875 0.06875 0.07890625
2 0.71875 0.640625 0.09296875 0.128125
2 0.7546875 0.5234375 0.05546875 0.0765625
2 0.703125 0.52734375 0.034375 0.05859375
2 0.69453125 0.471875 0.03046875 0.04453125
2 0.66015625 0.478125 0.034375 0.0390625
2 0.63125 0.48515625 0.02265625 0.03828125
2 0.61328125 0.4765625 0.021875 0.0359375
2 0.58359375 0.4828125 0.0234375 0.0328125
2 0.5359375 0.459375 0.0265625 0.03515625
2 0.55234375 0.47265625 0.02265625 0.03125
2 0.5734375 0.44921875 0.0265625 0.040625
2 0.8375 0.5609375 0.06484375 0.08984375
2 0.81484375 0.51640625 0.03203125 0.06328125
2 0.9234375 0.671875 0.1234375 0.19453125
2 0.98125 0.5515625 0.0375 0.1109375
2 0.8609375 0.5328125 0.05 0.078125