2 0.36171875 0.1796875 0.01640625 0.03515625
2 0.4796875 0.19609375 0.02734375 0.046875
2 0.55234375 0.12578125 0.01640625 0.03515625
2 0.553125 0.19140625 0.01953125 0.05078125
2 0.5953125 0.22578125 0.0265625 0.05390625
2 0.63125 0.18984375 0.0234375 0.04921875
2 0.671875 0.23984375 0.0296875 0.05390625
2 0.67109375 0.20859375 0.0203125 0.03984375
2 0.7078125 0.2109375 0.02265625 0.04921875
2 0.74140625 0.2765625 0.03046875 0.06484375
2 0.7703125 0.284375 0.03125 0.0734375
2 0.78359375 0.24765625 0.0265625 0.059375
2 0.82578125 0.24453125 0.01796875 0.05546875
2 0.915625 0.3296875 0.0375 0.0765625
2 0.93515625 0.28984375 0.03203125 0.06640625