2 0.93203125 0.20859375 0.015625 0.04453125
2 0.57578125 0.32421875 0.0484375 0.10078125
2 0.5328125 0.18515625 0.01953125 0.046875
2 0.49765625 0.18984375 0.01953125 0.03359375
2 0.4921875 0.15546875 0.01953125 0.04296875
2 0.46171875 0.128125 0.01796875 0.03359375
2 0.43671875 0.16015625 0.01484375 0.0296875
2 0.41484375 0.16015625 0.01484375 0.0296875
2 0.384375 0.2515625 0.0234375 0.0484375
2 0.35 0.271875 0.0375 0.07421875
2 0.33828125 0.22734375 0.025 0.04453125
2 0.26640625 0.209375 0.02421875 0.046875
2 0.19140625 0.25390625 0.03046875 0.05