2 0.08984375 0.265625 0.021875 0.05
2 0.1515625 0.24453125 0.0203125 0.0421875
2 0.1765625 0.23203125 0.025 0.0515625
2 0.31171875 0.23359375 0.021875 0.04453125
2 0.36015625 0.19140625 0.01640625 0.03671875
2 0.43046875 0.26640625 0.0203125 0.04453125
2 0.415625 0.20390625 0.01953125 0.03828125
2 0.446875 0.2328125 0.021875 0.034375
2 0.4453125 0.1828125 0.0203125 0.03828125
2 0.48515625 0.178125 0.021875 0.03671875
2 0.459375 0.1421875 0.01640625 0.0265625
2 0.5453125 0.19140625 0.01953125 0.0328125
2 0.55 0.1703125 0.01796875 0.0328125
2 0.6265625 0.321875 0.02578125 0.0671875
2 0.6703125 0.3390625 0.03046875 0.07890625
2 0.6375 0.26328125 0.021875 0.0421875
2 0.671875 0.2859375 0.0234375 0.0515625
2 0.628125 0.2203125 0.02265625 0.04453125
2 0.66640625 0.171875 0.01953125 0.04453125
2 0.67109375 0.2234375 0.0203125 0.04609375
2 0.73125 0.2359375 0.021875 0.04453125
2 0.8125 0.25546875 0.025 0.05
2 0.86796875 0.26796875 0.021875 0.05546875
2 0.6328125 0.1265625 0.01484375 0.034375
2 0.93203125 0.2453125 0.0171875 0.040625