1 0.51328125 0.10546875 0.08203125 0.1609375
1 0.178125 0.61796875 0.1359375 0.21953125
1 0.64765625 0.6578125 0.13203125 0.22578125
1 0.87265625 0.1515625 0.0859375 0.1484375
1 0.85390625 0.5296875 0.1203125 0.1921875
1 0.959375 0.11796875 0.07421875 0.1421875
1 0.45390625 0.1875 0.0796875 0.1578125
1 0.03515625 0.196875 0.065625 0.21953125
1 0.821875 0.24453125 0.1 0.1984375
1 0.334375 0.09140625 0.0921875 0.1765625
1 0.1109375 0.3609375 0.11015625 0.2078125
1 0.71015625 0.165625 0.0921875 0.1265625
1 0.184375 0.1796875 0.10390625 0.21640625
1 0.82734375 0.07890625 0.10234375 0.1515625
1 0.73984375 0.659375 0.10390625 0.1796875
1 0.3203125 0.33125 0.1203125 0.21640625
1 0.50234375 0.28046875 0.09609375 0.1953125
1 0.72109375 0.2921875 0.10625 0.23203125
1 0.56015625 0.3515625 0.1 0.1515625
1 0.81484375 0.48125 0.11796875 0.2078125
2 0.540625 0.8546875 0.12578125 0.21640625
2 0.1640625 0.8703125 0.1203125 0.1984375
2 0.959375 0.57109375 0.078125 0.23828125
2 0.05 0.72734375 0.08828125 0.1984375