2 0.1140625 0.4640625 0.05 0.11328125
2 0.2609375 0.28046875 0.01875 0.03125
2 0.28125 0.26015625 0.01875 0.03515625
2 0.3 0.26796875 0.02265625 0.04296875
2 0.3171875 0.21328125 0.01328125 0.0265625
2 0.346875 0.215625 0.015625 0.03515625
2 0.3453125 0.26953125 0.01796875 0.03671875
2 0.37890625 0.1953125 0.01796875 0.03125
2 0.37578125 0.23203125 0.021875 0.0453125
2 0.41875 0.253125 0.025 0.04296875
2 0.4109375 0.21953125 0.01484375 0.03671875
2 0.415625 0.16796875 0.01328125 0.0296875
2 0.4328125 0.165625 0.01484375 0.025
2 0.446875 0.16875 0.01328125 0.021875
2 0.45390625 0.18671875 0.02265625 0.0234375
2 0.475 0.1875 0.0171875 0.03125
2 0.4828125 0.1578125 0.01875 0.0234375
2 0.47734375 0.13671875 0.01328125 0.0234375
2 0.459375 0.1390625 0.0125 0.025
2 0.4890625 0.125 0.0125 0.0296875
2 0.53203125 0.12734375 0.01796875 0.03125
2 0.55234375 0.14296875 0.0140625 0.03359375
2 0.56015625 0.103125 0.0125 0.0234375
2 0.59765625 0.09140625 0.01328125 0.0234375
2 0.5953125 0.1109375 0.0125 0.021875
2 0.61484375 0.1015625 0.0109375 0.0265625
2 0.625 0.0921875 0.01015625 0.021875
2 0.640625 0.09375 0.01328125 0.025
2 0.6453125 0.109375 0.0140625 0.025
2 0.6265625 0.1328125 0.0140625 0.0296875
2 0.59453125 0.1421875 0.01484375 0.03125
2 0.58125 0.15859375 0.0171875 0.03125
2 0.54921875 0.19140625 0.01953125 0.03984375
2 0.4921875 0.21484375 0.02265625 0.03671875
2 0.4890625 0.28515625 0.01875 0.0484375
2 0.5546875 0.28203125 0.02734375 0.0546875
2 0.56484375 0.2421875 0.01953125 0.03515625
2 0.6140625 0.24609375 0.021875 0.04296875
2 0.62109375 0.20234375 0.01796875 0.0453125
2 0.65625 0.16484375 0.01953125 0.03671875
2 0.66796875 0.1140625 0.015625 0.03125
2 0.6984375 0.08984375 0.01484375 0.0296875
2 0.7046875 0.12890625 0.01328125 0.03125
2 0.68828125 0.13984375 0.0140625 0.03671875
2 0.7 0.209375 0.0234375 0.05
2 0.66171875 0.20078125 0.0203125 0.0453125
2 0.67421875 0.25390625 0.01875 0.04140625
2 0.67734375 0.32734375 0.0265625 0.0546875
2 0.60859375 0.3328125 0.02265625 0.05
2 0.72265625 0.2875 0.028125 0.05625
2 0.7609375 0.240625 0.02265625 0.04140625
2 0.784375 0.2890625 0.025 0.0484375
2 0.75234375 0.17734375 0.015625 0.03125
2 0.73125 0.1453125 0.01875 0.03515625
2 0.7359375 0.1125 0.01328125 0.03125
2 0.746875 0.1265625 0.0140625 0.03359375
2 0.75546875 0.10078125 0.0125 0.025
2 0.76953125 0.128125 0.0140625 0.03359375
2 0.77890625 0.11875 0.01484375 0.028125
2 0.7953125 0.12578125 0.01484375 0.03515625
2 0.8125 0.125 0.01328125 0.0265625
2 0.834375 0.1359375 0.0171875 0.03515625
2 0.815625 0.1640625 0.0171875 0.03515625
2 0.80234375 0.17734375 0.0171875 0.03125
2 0.87265625 0.225 0.0171875 0.053125
2 0.89140625 0.18984375 0.0171875 0.04296875
2 0.8953125 0.16171875 0.0140625 0.03671875
2 0.9046875 0.12734375 0.0109375 0.03125
2 0.8734375 0.11953125 0.0140625 0.0296875
2 0.8625 0.1515625 0.0171875 0.03359375
2 0.9296875 0.14921875 0.01484375 0.028125
2 0.92734375 0.18671875 0.01484375 0.03984375
2 0.93359375 0.26484375 0.01875 0.053125