2 0.35078125 0.21171875 0.01640625 0.03359375
2 0.4203125 0.23203125 0.01953125 0.03359375
2 0.4359375 0.21875 0.01171875 0.03359375
2 0.45390625 0.22421875 0.01640625 0.0484375
2 0.4890625 0.23359375 0.0265625 0.03984375
2 0.51875 0.190625 0.01484375 0.03984375
2 0.55234375 0.1953125 0.01875 0.03671875
2 0.6046875 0.18046875 0.0171875 0.0296875
2 0.63984375 0.14921875 0.0109375 0.028125
2 0.68359375 0.196875 0.02734375 0.03671875
2 0.73359375 0.190625 0.01640625 0.03671875
2 0.65859375 0.2609375 0.0265625 0.04140625
2 0.72265625 0.3125 0.0234375 0.05703125
2 0.78515625 0.25390625 0.01953125 0.03984375
2 0.8578125 0.2421875 0.0234375 0.03359375
2 0.86640625 0.20859375 0.0109375 0.03359375
2 0.91484375 0.23046875 0.01875 0.0296875
2 0.953125 0.22109375 0.01328125 0.03515625
2 0.8921875 0.29453125 0.01953125 0.03828125
2 0.8703125 0.33828125 0.02109375 0.05859375
2 0.46796875 0.090625 0.01640625 0.021875