2 0.1359375 0.465625 0.040625 0.08359375
2 0.2328125 0.33671875 0.0140625 0.03046875
2 0.25546875 0.34765625 0.01796875 0.04140625
2 0.28671875 0.36875 0.0171875 0.0375
2 0.2859375 0.303125 0.0125 0.03046875
2 0.34765625 0.35078125 0.01875 0.04140625
2 0.3546875 0.29140625 0.01640625 0.02890625
2 0.3828125 0.33515625 0.0140625 0.03046875
2 0.3546875 0.321875 0.01484375 0.02421875
2 0.41015625 0.3296875 0.01875 0.0375
2 0.40625 0.29921875 0.0125 0.03046875
2 0.440625 0.33828125 0.02109375 0.04296875
2 0.4359375 0.30703125 0.0140625 0.03203125
2 0.3953125 0.25703125 0.01484375 0.03046875
2 0.40625 0.27265625 0.0125 0.0234375
2 0.42421875 0.2640625 0.01171875 0.0234375
2 0.44296875 0.2640625 0.01328125 0.03203125
2 0.46875 0.30234375 0.015625 0.02890625
2 0.46875 0.2671875 0.01484375 0.02734375
2 0.46015625 0.24375 0.01171875 0.0234375
2 0.46875 0.2328125 0.0109375 0.01875
2 0.49765625 0.2671875 0.01328125 0.0359375
2 0.51640625 0.28125 0.015625 0.034375
2 0.49921875 0.32109375 0.01796875 0.0375
2 0.57421875 0.27734375 0.0140625 0.03046875
2 0.5375 0.2515625 0.01328125 0.03046875
2 0.5171875 0.24375 0.0140625 0.02578125
2 0.56640625 0.21796875 0.00859375 0.01875
2 0.59921875 0.22421875 0.01328125 0.02421875
2 0.6125 0.2046875 0.01015625 0.0234375
2 0.628125 0.21875 0.01171875 0.02578125
2 0.66796875 0.20859375 0.00859375 0.0203125
2 0.6734375 0.23125 0.01015625 0.02421875
2 0.68828125 0.22890625 0.009375 0.0234375
2 0.640625 0.24765625 0.01171875 0.0234375
2 0.60703125 0.2515625 0.0109375 0.021875
2 0.5796875 0.24921875 0.01328125 0.0203125
2 0.50234375 0.384375 0.02421875 0.0578125
2 0.5453125 0.403125 0.02578125 0.05078125
2 0.5375 0.37734375 0.0203125 0.034375
2 0.59765625 0.32890625 0.02109375 0.04296875
2 0.6125 0.428125 0.02578125 0.0546875
2 0.63359375 0.4625 0.02890625 0.0578125
2 0.70703125 0.5359375 0.03203125 0.075
2 0.8015625 0.49140625 0.0234375 0.0515625
2 0.66484375 0.3703125 0.02265625 0.04609375
2 0.6921875 0.34921875 0.015625 0.04140625
2 0.6703125 0.278125 0.015625 0.03203125
2 0.6359375 0.3109375 0.01875 0.0375
2 0.70546875 0.25078125 0.0125 0.02890625
2 0.721875 0.2859375 0.01328125 0.0359375
2 0.734375 0.2484375 0.01171875 0.0328125
2 0.74453125 0.22109375 0.01328125 0.02734375
2 0.746875 0.26953125 0.0125 0.02578125
2 0.7671875 0.28203125 0.0140625 0.0328125
2 0.7671875 0.25234375 0.0109375 0.02578125
2 0.77890625 0.2359375 0.01015625 0.0234375
2 0.7859375 0.2640625 0.01328125 0.03046875
2 0.8125 0.2453125 0.01484375 0.03203125
2 0.74296875 0.40859375 0.02265625 0.05078125
2 0.81640625 0.27890625 0.01328125 0.02421875
2 0.8140625 0.31015625 0.01328125 0.03046875
2 0.8125 0.3625 0.021875 0.05078125
2 0.78828125 0.4125 0.02109375 0.04453125
2 0.859375 0.4125 0.021875 0.04453125
2 0.853125 0.3046875 0.0125 0.0328125
2 0.84296875 0.2578125 0.01328125 0.02890625
2 0.8609375 0.271875 0.01171875 0.02734375
2 0.87265625 0.2828125 0.0140625 0.03046875
2 0.875 0.253125 0.0125 0.02734375
2 0.90078125 0.28828125 0.0140625 0.0375
2 0.9390625 0.31171875 0.01171875 0.02734375
2 0.9375 0.28046875 0.01171875 0.021875
2 0.90546875 0.3296875 0.0140625 0.0375
2 0.9296875 0.35 0.01328125 0.0375
2 0.91328125 0.39453125 0.01796875 0.04296875
2 0.91015625 0.459375 0.025 0.0546875
2 0.86875 0.33671875 0.01796875 0.04765625
2 0.846875 0.46171875 0.028125 0.04765625