2 0.0484375 0.4015625 0.03125 0.05859375
2 0.2578125 0.278125 0.01875 0.03046875
2 0.3 0.2515625 0.01328125 0.0265625
2 0.3140625 0.2875 0.0171875 0.03515625
2 0.33828125 0.27734375 0.01484375 0.03203125
2 0.38671875 0.31171875 0.0203125 0.03984375
2 0.31875 0.22421875 0.0140625 0.0234375
2 0.3453125 0.21328125 0.01484375 0.03203125
2 0.3796875 0.221875 0.01484375 0.03515625
2 0.36796875 0.21171875 0.0140625 0.03515625
2 0.384375 0.19765625 0.01015625 0.0265625
2 0.41171875 0.2203125 0.01953125 0.0453125
2 0.4484375 0.2203125 0.015625 0.03203125
2 0.48671875 0.21875 0.01796875 0.0421875
2 0.47578125 0.18828125 0.0140625 0.025
2 0.4421875 0.19375 0.01328125 0.01875
2 0.42109375 0.18984375 0.01953125 0.021875
2 0.415625 0.17109375 0.01953125 0.0234375
2 0.45390625 0.16796875 0.0140625 0.03203125
2 0.4515625 0.1375 0.01015625 0.01640625
2 0.475 0.16328125 0.0140625 0.021875
2 0.50546875 0.16953125 0.0171875 0.03046875
2 0.53359375 0.13671875 0.0140625 0.025
2 0.55390625 0.15859375 0.0125 0.028125
2 0.5796875 0.1546875 0.0140625 0.028125
2 0.56640625 0.1421875 0.01015625 0.03046875
2 0.5578125 0.1140625 0.009375 0.0203125
2 0.59375 0.0953125 0.0109375 0.0203125
2 0.58984375 0.11640625 0.01015625 0.025
2 0.615625 0.10703125 0.0125 0.03359375
2 0.62421875 0.1390625 0.01328125 0.0265625
2 0.653125 0.1140625 0.01328125 0.0265625
2 0.64765625 0.09140625 0.01328125 0.021875
2 0.6796875 0.11484375 0.0109375 0.03203125
2 0.6921875 0.10546875 0.009375 0.03046875
2 0.54296875 0.19453125 0.015625 0.03046875
2 0.56953125 0.175 0.015625 0.028125
2 0.48671875 0.28671875 0.02265625 0.04375
2 0.52890625 0.31484375 0.0234375 0.03984375
2 0.5640625 0.234375 0.01484375 0.03671875
2 0.60859375 0.2140625 0.015625 0.03671875
2 0.6 0.33359375 0.0234375 0.046875
2 0.60703125 0.27578125 0.0171875 0.03515625
2 0.6609375 0.265625 0.0234375 0.0484375
2 0.671875 0.35546875 0.02421875 0.05
2 0.7125 0.29375 0.01875 0.05859375
2 0.78125 0.29140625 0.0265625 0.05390625
2 0.6984375 0.2109375 0.01953125 0.03984375
2 0.6875 0.19296875 0.01484375 0.03359375
2 0.65703125 0.20390625 0.01796875 0.0453125
2 0.68359375 0.153125 0.015625 0.025
2 0.7046875 0.13984375 0.01328125 0.028125
2 0.7296875 0.15625 0.0109375 0.025
2 0.7421875 0.14140625 0.009375 0.028125
2 0.7296875 0.13046875 0.0109375 0.0234375
2 0.7453125 0.1125 0.0125 0.0265625
2 0.77578125 0.11640625 0.00859375 0.025
2 0.7671875 0.1328125 0.0125 0.03203125
2 0.75234375 0.1546875 0.01796875 0.028125
2 0.7359375 0.19140625 0.021875 0.03828125
2 0.7609375 0.23359375 0.01953125 0.03828125
2 0.8109375 0.24140625 0.01796875 0.05
2 0.7953125 0.16953125 0.01484375 0.03359375
2 0.79296875 0.12890625 0.01328125 0.03046875
2 0.80234375 0.1234375 0.01328125 0.025
2 0.83359375 0.1375 0.01328125 0.03359375
2 0.81640625 0.16015625 0.01328125 0.03203125
2 0.846875 0.15390625 0.01328125 0.03359375
2 0.85625 0.190625 0.0140625 0.03046875
2 0.86796875 0.13125 0.01484375 0.03203125
2 0.878125 0.1703125 0.01484375 0.025
2 0.8875 0.2015625 0.0140625 0.03203125
2 0.87265625 0.2296875 0.0171875 0.03984375
2 0.91875 0.28671875 0.01875 0.05390625
2 0.921875 0.19765625 0.015625 0.046875
2 0.9171875 0.16015625 0.0125 0.03203125
2 0.93125 0.1515625 0.01015625 0.025
2 0.89765625 0.1265625 0.0125 0.025
2 0.8984375 0.16484375 0.0140625 0.025
2 0.47421875 0.14375 0.01328125 0.0234375