2 0.83984375 0.1140625 0.0109375 0.02421875
2 0.865625 0.121875 0.0078125 0.02578125
2 0.85234375 0.1421875 0.0109375 0.0296875
2 0.8875 0.14296875 0.0125 0.02734375
2 0.90234375 0.14140625 0.009375 0.02421875
2 0.92734375 0.1515625 0.00703125 0.0203125
2 0.9234375 0.1984375 0.015625 0.03828125
2 0.9296875 0.23046875 0.01484375 0.03984375
2 0.8828125 0.18046875 0.01640625 0.03984375
2 0.875 0.19453125 0.0171875 0.03828125
2 0.86484375 0.2546875 0.01953125 0.03984375
2 0.91328125 0.2921875 0.02109375 0.06015625
2 0.8953125 0.359375 0.02265625 0.0640625
2 0.84453125 0.290625 0.0265625 0.0640625
2 0.79375 0.36328125 0.02734375 0.0640625
2 0.7671875 0.26171875 0.0234375 0.05546875
2 0.746875 0.33046875 0.02890625 0.0671875
2 0.81015625 0.13046875 0.015625 0.0359375
2 0.8171875 0.14375 0.01484375 0.0359375
2 0.79296875 0.13828125 0.01328125 0.034375
2 0.82421875 0.19296875 0.01484375 0.04453125
2 0.8078125 0.240625 0.0203125 0.046875
2 0.77734375 0.1890625 0.02265625 0.053125
2 0.7375 0.1765625 0.01640625 0.03984375
2 0.74921875 0.21484375 0.0203125 0.05
2 0.70703125 0.221875 0.0171875 0.04296875
2 0.69609375 0.2796875 0.02421875 0.0484375
2 0.68828125 0.309375 0.03046875 0.0671875
2 0.6921875 0.18359375 0.01953125 0.03984375
2 0.66875 0.16796875 0.015625 0.03984375
2 0.6609375 0.203125 0.01875 0.04453125
2 0.6890625 0.14453125 0.015625 0.02734375
2 0.69921875 0.0953125 0.009375 0.02265625
2 0.67109375 0.10078125 0.0109375 0.02265625
2 0.59296875 0.1015625 0.009375 0.02421875
2 0.6171875 0.0984375 0.0109375 0.0203125
2 0.6359375 0.10078125 0.0109375 0.02265625
2 0.653125 0.1140625 0.0109375 0.02421875
2 0.6453125 0.1296875 0.0109375 0.02421875
2 0.6 0.14921875 0.0125 0.02578125
2 0.60859375 0.125 0.01171875 0.02265625
2 0.5546875 0.109375 0.0109375 0.02265625
2 0.56015625 0.1234375 0.01171875 0.02578125
2 0.57265625 0.16015625 0.01171875 0.02734375
2 0.528125 0.12578125 0.009375 0.0203125
2 0.54453125 0.16796875 0.01328125 0.0296875
2 0.51875 0.16328125 0.01328125 0.02578125
2 0.50859375 0.128125 0.0078125 0.02265625
2 0.47109375 0.1546875 0.01171875 0.0296875
2 0.44921875 0.14921875 0.00859375 0.02265625
2 0.4453125 0.18125 0.0125 0.02734375
2 0.44375 0.2203125 0.01640625 0.03828125
2 0.4796875 0.1796875 0.0125 0.034375
2 0.48984375 0.15625 0.01328125 0.0296875
2 0.48828125 0.1890625 0.01640625 0.0359375
2 0.4875 0.29765625 0.025 0.05
2 0.52109375 0.19375 0.01328125 0.04296875
2 0.5328125 0.321875 0.025 0.053125
2 0.559375 0.25625 0.0203125 0.046875
2 0.6140625 0.20078125 0.01640625 0.03984375
2 0.6078125 0.315625 0.0234375 0.05546875
2 0.25390625 0.25859375 0.01328125 0.034375
2 0.278125 0.24765625 0.01484375 0.02578125
2 0.32734375 0.2015625 0.015625 0.03125
2 0.36171875 0.18984375 0.0109375 0.03125
2 0.3578125 0.23828125 0.02421875 0.0515625
2 0.3859375 0.26640625 0.01328125 0.0359375
2 0.40703125 0.18125 0.015625 0.034375
2 0.3921875 0.209375 0.01484375 0.03984375
2 0.38828125 0.19453125 0.01484375 0.034375