1 0.18203125 0.2828125 0.33515625 0.35390625
1 0.9625 0.0375 0.0421875 0.0421875
1 0.91171875 0.01015625 0.0359375 0.0203125
1 0.88203125 0.06015625 0.0421875 0.0421875
1 0.846875 0.05078125 0.0359375 0.040625
1 0.8125 0.0265625 0.0328125 0.0359375
1 0.8078125 0.08046875 0.040625 0.0421875
1 0.73984375 0.025 0.0359375 0.034375
1 0.74375 0.08828125 0.0390625 0.0421875
1 0.70078125 0.0828125 0.0390625 0.040625
1 0.6578125 0.065625 0.0359375 0.0375
1 0.646875 0.10625 0.0421875 0.04375
1 0.59296875 0.0890625 0.0421875 0.0390625
1 0.5546875 0.0984375 0.0484375 0.0484375
1 0.490625 0.096875 0.046875 0.05
1 0.446875 0.12890625 0.0578125 0.05625