2 0.1515625 0.353125 0.03046875 0.06640625
2 0.17109375 0.3515625 0.03984375 0.08671875
2 0.25859375 0.28828125 0.01953125 0.03671875
2 0.29375 0.27109375 0.0203125 0.03515625
2 0.3203125 0.2453125 0.01875 0.03671875
2 0.3265625 0.22421875 0.01171875 0.025
2 0.34375 0.21953125 0.015625 0.03515625
2 0.3640625 0.25 0.01640625 0.03984375
2 0.359375 0.22265625 0.0109375 0.028125
2 0.37578125 0.2328125 0.015625 0.03203125
2 0.38359375 0.20078125 0.01796875 0.03828125
2 0.40859375 0.171875 0.01171875 0.0296875
2 0.421875 0.1890625 0.02421875 0.03515625
2 0.42578125 0.2234375 0.01875 0.03671875
2 0.4515625 0.22421875 0.01796875 0.03203125
2 0.465625 0.2546875 0.03125 0.046875
2 0.446875 0.1890625 0.01640625 0.03828125
2 0.45390625 0.17265625 0.0140625 0.028125
2 0.46953125 0.190625 0.01484375 0.03203125
2 0.46640625 0.159375 0.01484375 0.025
2 0.48359375 0.16484375 0.01953125 0.03359375
2 0.4859375 0.19140625 0.02109375 0.03359375
2 0.51640625 0.21171875 0.0203125 0.03984375
2 0.484375 0.12734375 0.01171875 0.025
2 0.53046875 0.13671875 0.01015625 0.03359375
2 0.54296875 0.16484375 0.01640625 0.0296875
2 0.54453125 0.1375 0.0140625 0.03203125
2 0.5625 0.14140625 0.01171875 0.03359375
2 0.56484375 0.18515625 0.01875 0.03671875
2 0.5734375 0.1609375 0.01484375 0.025
2 0.61171875 0.15 0.01796875 0.03359375
2 0.59453125 0.109375 0.01484375 0.03203125
2 0.634375 0.10234375 0.0140625 0.03203125
2 0.64296875 0.09609375 0.01015625 0.025
2 0.62265625 0.059375 0.01484375 0.025
2 0.6734375 0.0640625 0.015625 0.028125
2 0.69921875 0.05859375 0.01484375 0.0296875
2 0.56328125 0.2515625 0.02421875 0.05
2 0.53125 0.35546875 0.0375 0.05859375
2 0.484375 0.30234375 0.025 0.0546875
2 0.59140625 0.353125 0.02578125 0.06328125
2 0.6671875 0.36015625 0.0296875 0.0734375
2 0.65625 0.29453125 0.02890625 0.0515625
2 0.59921875 0.26953125 0.02578125 0.0484375
2 0.621875 0.21328125 0.02578125 0.046875
2 0.65 0.178125 0.0234375 0.03671875
2 0.66328125 0.2140625 0.02109375 0.0484375
2 0.6875 0.2234375 0.0265625 0.05703125
2 0.6859375 0.190625 0.02265625 0.03828125
2 0.68671875 0.1546875 0.01640625 0.03359375
2 0.71875 0.165625 0.01640625 0.028125
2 0.71953125 0.140625 0.01484375 0.03203125
2 0.74296875 0.15078125 0.015625 0.03515625
2 0.7421875 0.17734375 0.01875 0.04140625
2 0.734375 0.2015625 0.025 0.04296875
2 0.74375 0.25859375 0.028125 0.06328125
2 0.71640625 0.28984375 0.02890625 0.06015625
2 0.78359375 0.315625 0.0265625 0.05859375
2 0.803125 0.240625 0.0234375 0.0515625
2 0.78359375 0.18984375 0.01953125 0.03671875
2 0.78125 0.1265625 0.015625 0.03359375
2 0.79296875 0.146875 0.01640625 0.03359375
2 0.81640625 0.16796875 0.015625 0.03671875
2 0.82890625 0.14765625 0.015625 0.03828125
2 0.84140625 0.16640625 0.01875 0.03984375
2 0.84921875 0.14296875 0.01484375 0.0296875
2 0.85625 0.1265625 0.01171875 0.0296875
2 0.8890625 0.19609375 0.01875 0.04140625
2 0.865625 0.2390625 0.01953125 0.0515625
2 0.90625 0.28828125 0.02578125 0.053125
2 0.91953125 0.20078125 0.0140625 0.03515625
2 0.9234375 0.1609375 0.0140625 0.03203125
2 0.884375 0.15390625 0.01328125 0.03203125
2 0.89296875 0.1421875 0.01640625 0.028125