2 0.10625 0.565625 0.0546875 0.11328125
2 0.25078125 0.26484375 0.01875 0.04140625
2 0.271875 0.26953125 0.0171875 0.03203125
2 0.29921875 0.25703125 0.01796875 0.03671875
2 0.30703125 0.23125 0.015625 0.03203125
2 0.33046875 0.22734375 0.01796875 0.03984375
2 0.35078125 0.2234375 0.0171875 0.03671875
2 0.32890625 0.28046875 0.01875 0.03359375
2 0.3671875 0.275 0.01953125 0.03828125
2 0.35234375 0.265625 0.0171875 0.03671875
2 0.39453125 0.27890625 0.0203125 0.046875
2 0.3796875 0.228125 0.0203125 0.03515625
2 0.3796875 0.178125 0.01328125 0.03515625
2 0.3875 0.1859375 0.0140625 0.03203125
2 0.4171875 0.19453125 0.015625 0.04140625
2 0.43515625 0.2390625 0.021875 0.04375
2 0.47265625 0.228125 0.0203125 0.0453125
2 0.44609375 0.1953125 0.0171875 0.03359375
2 0.43984375 0.16953125 0.015625 0.025
2 0.45 0.15859375 0.01328125 0.0234375
2 0.4765625 0.1625 0.0140625 0.028125
2 0.48359375 0.1984375 0.01875 0.03984375
2 0.478125 0.1390625 0.0140625 0.028125
2 0.52265625 0.2109375 0.02265625 0.0453125
2 0.53203125 0.17265625 0.01875 0.03828125
2 0.55546875 0.2390625 0.025 0.05703125
2 0.49765625 0.30859375 0.0296875 0.0703125
2 0.55625 0.12578125 0.0140625 0.03515625
2 0.56015625 0.14609375 0.0140625 0.028125
2 0.5734375 0.16875 0.015625 0.03359375
2 0.59453125 0.1453125 0.0140625 0.03359375
2 0.59296875 0.11796875 0.0140625 0.03203125
2 0.61640625 0.14140625 0.01484375 0.028125
2 0.61875 0.11953125 0.0125 0.028125
2 0.6328125 0.13515625 0.0140625 0.03359375
2 0.6734375 0.11875 0.015625 0.03359375
2 0.6203125 0.20390625 0.01953125 0.03984375
2 0.57890625 0.28828125 0.028125 0.05859375
2 0.61875 0.29921875 0.02734375 0.06015625
2 0.61171875 0.25703125 0.0203125 0.046875
2 0.671875 0.27109375 0.0265625 0.05859375
2 0.715625 0.278125 0.025 0.05859375
2 0.66953125 0.21796875 0.025 0.0484375
2 0.70078125 0.21953125 0.01875 0.0453125
2 0.68359375 0.159375 0.0171875 0.03515625
2 0.70546875 0.18125 0.01796875 0.03515625
2 0.72890625 0.20546875 0.021875 0.05
2 0.721875 0.1703125 0.01875 0.03359375
2 0.71875 0.134375 0.0171875 0.04140625
2 0.75234375 0.121875 0.0171875 0.0296875
2 0.7671875 0.1296875 0.0140625 0.03203125
2 0.7703125 0.15625 0.01484375 0.03515625
2 0.75546875 0.1453125 0.01484375 0.0265625
2 0.77421875 0.2046875 0.01953125 0.0484375
2 0.75703125 0.23515625 0.0203125 0.053125
2 0.77578125 0.2703125 0.028125 0.06015625
2 0.84921875 0.29296875 0.025 0.06484375
2 0.834375 0.221875 0.01875 0.046875
2 0.79921875 0.16171875 0.015625 0.03984375
2 0.78671875 0.14609375 0.0140625 0.03515625
2 0.8296875 0.15390625 0.01796875 0.03671875
2 0.8546875 0.1578125 0.01484375 0.03515625
2 0.89296875 0.1671875 0.01953125 0.03984375
2 0.8453125 0.19609375 0.0171875 0.03828125
2 0.884375 0.19921875 0.01796875 0.04140625
2 0.90859375 0.2390625 0.01796875 0.046875
2 0.9328125 0.25703125 0.0234375 0.046875