2 0.39296875 0.66484375 0.09296875 0.17734375
2 0.41953125 0.525 0.0609375 0.1359375
2 0.43515625 0.4546875 0.05 0.1015625
2 0.20546875 0.4296875 0.065625 0.1265625
2 0.20234375 0.2375 0.02734375 0.04765625
2 0.30234375 0.25703125 0.03203125 0.0703125
2 0.32265625 0.17890625 0.025 0.04609375
2 0.38203125 0.21328125 0.0265625 0.05546875
2 0.46328125 0.22265625 0.021875 0.04453125
2 0.50390625 0.26484375 0.03046875 0.05390625
2 0.5515625 0.11328125 0.02734375 0.04609375
2 0.56796875 0.08671875 0.0140625 0.0328125
2 0.5890625 0.109375 0.01640625 0.04453125
2 0.60703125 0.1296875 0.02265625 0.04609375
2 0.63125 0.1265625 0.02109375 0.04609375
2 0.65234375 0.09453125 0.02109375 0.04140625
2 0.67421875 0.0734375 0.01875 0.04140625
2 0.68984375 0.1265625 0.02734375 0.05234375