1 0.91015625 0.3234375 0.028125 0.03125
1 0.83359375 0.31953125 0.0234375 0.0234375
1 0.771875 0.30546875 0.0125 0.0171875
1 0.790625 0.29453125 0.028125 0.03125
1 0.78203125 0.3203125 0.046875 0.0421875
1 0.696875 0.2984375 0.025 0.0265625
1 0.64453125 0.2984375 0.05 0.0453125
1 0.59765625 0.30078125 0.01875 0.0203125
1 0.5859375 0.3 0.01875 0.0203125
1 0.55546875 0.28984375 0.034375 0.0328125
1 0.5640625 0.31328125 0.0078125 0.0171875
1 0.33515625 0.8359375 0.096875 0.1015625
1 0.39765625 0.76640625 0.078125 0.075
1 0.228125 0.73515625 0.04375 0.04375
1 0.11484375 0.784375 0.0546875 0.0796875
1 0.04921875 0.76328125 0.078125 0.0921875