2 0.31953125 0.17578125 0.01953125 0.03125
2 0.37109375 0.153125 0.0171875 0.03125
2 0.4046875 0.17265625 0.02265625 0.034375
2 0.353125 0.25625 0.02109375 0.040625
2 0.37421875 0.2859375 0.025 0.04453125
2 0.40546875 0.2796875 0.02890625 0.0421875
2 0.46640625 0.18671875 0.01875 0.0328125
2 0.49296875 0.18828125 0.01484375 0.0359375
2 0.4828125 0.196875 0.0171875 0.034375
2 0.50546875 0.2046875 0.01875 0.0390625
2 0.47578125 0.2296875 0.02421875 0.0375
2 0.50078125 0.23984375 0.02109375 0.04765625
2 0.50703125 0.3046875 0.028125 0.05234375
2 0.5984375 0.14140625 0.01953125 0.03125
2 0.62734375 0.26171875 0.025 0.04921875
2 0.7359375 0.19296875 0.0234375 0.04609375
2 0.78203125 0.23125 0.02734375 0.05390625