2 0.22890625 0.3703125 0.04453125 0.08828125
2 0.2546875 0.2859375 0.0203125 0.03515625
2 0.2828125 0.26796875 0.01484375 0.03828125
2 0.30078125 0.25703125 0.01875 0.03671875
2 0.3078125 0.2265625 0.01484375 0.028125
2 0.33046875 0.225 0.01875 0.03125
2 0.31171875 0.29765625 0.02734375 0.04140625
2 0.3453125 0.27265625 0.0203125 0.0484375
2 0.371875 0.225 0.01640625 0.03125
2 0.37265625 0.20390625 0.01796875 0.0328125
2 0.403125 0.2328125 0.01796875 0.04140625
2 0.4234375 0.27109375 0.02109375 0.0484375
2 0.42734375 0.2328125 0.02109375 0.03515625
2 0.42734375 0.20078125 0.015625 0.03984375
2 0.40859375 0.171875 0.01171875 0.03125
2 0.440625 0.196875 0.015625 0.03515625
2 0.45859375 0.23203125 0.0203125 0.04296875
2 0.46953125 0.196875 0.015625 0.03515625
2 0.4546875 0.14453125 0.01328125 0.0296875
2 0.46875 0.1515625 0.0140625 0.03125
2 0.475 0.16328125 0.01640625 0.03125
2 0.503125 0.190625 0.01953125 0.0328125
2 0.4828125 0.13046875 0.0109375 0.021875
2 0.52109375 0.13515625 0.01640625 0.028125
2 0.53359375 0.15859375 0.01640625 0.03515625
2 0.51796875 0.16171875 0.01484375 0.028125
2 0.534375 0.2015625 0.01953125 0.03828125
2 0.559375 0.165625 0.01796875 0.0328125
2 0.5546875 0.115625 0.01171875 0.021875
2 0.54765625 0.134375 0.01171875 0.0234375
2 0.59609375 0.13671875 0.01328125 0.03125
2 0.5859375 0.14765625 0.015625 0.0328125
2 0.584375 0.1 0.01171875 0.025
2 0.59140625 0.121875 0.01171875 0.021875
2 0.603125 0.1265625 0.01015625 0.025
2 0.62109375 0.121875 0.01171875 0.025
2 0.6234375 0.103125 0.0140625 0.0234375
2 0.63984375 0.1140625 0.01015625 0.0265625
2 0.65234375 0.11875 0.01484375 0.028125
2 0.64765625 0.0984375 0.01171875 0.025
2 0.68125 0.10546875 0.01328125 0.03125
2 0.559375 0.24375 0.0234375 0.04296875
2 0.53515625 0.3109375 0.02890625 0.0578125
2 0.48203125 0.2984375 0.028125 0.06328125
2 0.603125 0.26171875 0.025 0.04296875
2 0.59765625 0.2265625 0.01953125 0.03515625
2 0.6390625 0.17578125 0.0203125 0.04296875
2 0.653125 0.2109375 0.01953125 0.04609375
2 0.65859375 0.26171875 0.028125 0.053125
2 0.675 0.34765625 0.03828125 0.07109375
2 0.58203125 0.3734375 0.03515625 0.05625
2 0.690625 0.22421875 0.025 0.04609375
2 0.675 0.15078125 0.01875 0.03984375
2 0.703125 0.17890625 0.01875 0.04296875
2 0.72265625 0.171875 0.01796875 0.03515625
2 0.70703125 0.14140625 0.0203125 0.04140625
2 0.728125 0.13984375 0.015625 0.03125
2 0.7296875 0.125 0.015625 0.025
2 0.75234375 0.109375 0.01640625 0.0328125
2 0.765625 0.12265625 0.01328125 0.0296875
2 0.77421875 0.125 0.0109375 0.028125
2 0.76953125 0.16171875 0.01640625 0.03515625
2 0.74453125 0.21796875 0.0203125 0.0484375
2 0.73359375 0.19296875 0.01796875 0.03828125
2 0.709375 0.2921875 0.03046875 0.05625
2 0.7765625 0.2921875 0.02890625 0.059375
2 0.81484375 0.2515625 0.0203125 0.0515625
2 0.79921875 0.18203125 0.01875 0.03984375
2 0.7953125 0.14375 0.01328125 0.025
2 0.815625 0.1390625 0.015625 0.0265625
2 0.81328125 0.16171875 0.0109375 0.025
2 0.840625 0.196875 0.01640625 0.04140625
2 0.8625 0.21328125 0.0203125 0.04453125
2 0.85703125 0.15859375 0.01640625 0.03515625
2 0.86015625 0.12734375 0.01328125 0.0265625
2 0.88515625 0.12890625 0.01796875 0.03828125
2 0.8796875 0.1796875 0.01328125 0.03515625
2 0.8890625 0.2078125 0.01796875 0.04140625
2 0.88984375 0.16328125 0.01484375 0.03125
2 0.92109375 0.20546875 0.015625 0.03984375
2 0.91875 0.1734375 0.01328125 0.021875
2 0.9203125 0.15390625 0.01171875 0.0234375