2 0.14140625 0.42265625 0.05234375 0.09921875
2 0.18515625 0.378125 0.04609375 0.11953125
2 0.32890625 0.1953125 0.01875 0.04296875
2 0.41015625 0.2375 0.0203125 0.0484375
2 0.38515625 0.19375 0.0203125 0.03203125
2 0.40234375 0.15546875 0.0203125 0.0375
2 0.4203125 0.21796875 0.0171875 0.0390625
2 0.4328125 0.16796875 0.01796875 0.0359375
2 0.45625 0.2234375 0.02109375 0.03203125
2 0.47734375 0.15546875 0.01875 0.0296875
2 0.45234375 0.16875 0.015625 0.0265625
2 0.521875 0.184375 0.02109375 0.0390625
2 0.54296875 0.18828125 0.0171875 0.04296875
2 0.58203125 0.11875 0.015625 0.028125
2 0.6640625 0.0515625 0.01484375 0.028125
2 0.7203125 0.0953125 0.0140625 0.03359375
2 0.60703125 0.2375 0.02109375 0.04140625
2 0.61328125 0.29765625 0.0296875 0.07109375
2 0.64296875 0.24453125 0.02421875 0.0546875
2 0.67734375 0.1796875 0.01796875 0.04140625
2 0.7109375 0.19453125 0.01875 0.0296875
2 0.72421875 0.159375 0.0171875 0.03359375
2 0.7125 0.284375 0.0296875 0.05234375
2 0.7640625 0.19375 0.01484375 0.0359375
2 0.7546875 0.1734375 0.01796875 0.0359375
2 0.78359375 0.1453125 0.01796875 0.0359375
2 0.7859375 0.18515625 0.01484375 0.0484375
2 0.81171875 0.20390625 0.01875 0.0375
2 0.81484375 0.15625 0.01796875 0.0359375
2 0.83359375 0.25 0.0234375 0.046875
2 0.8796875 0.28125 0.028125 0.05625
2 0.9 0.19921875 0.0171875 0.046875
2 0.93359375 0.26484375 0.01875 0.04296875
2 0.94453125 0.228125 0.0171875 0.0375
2 0.95703125 0.1984375 0.01875 0.0453125