2 0.16484375 0.47734375 0.0375 0.0671875
2 0.2890625 0.26796875 0.01796875 0.0390625
2 0.2984375 0.23515625 0.01640625 0.03515625
2 0.32265625 0.26796875 0.02109375 0.0390625
2 0.34765625 0.2796875 0.021875 0.0453125
2 0.35546875 0.25859375 0.02109375 0.028125
2 0.3484375 0.22734375 0.015625 0.028125
2 0.34609375 0.20703125 0.0171875 0.0296875
2 0.37734375 0.21875 0.01953125 0.040625
2 0.396875 0.2234375 0.0171875 0.03671875
2 0.40625 0.19296875 0.01328125 0.0296875
2 0.41875 0.18125 0.0140625 0.03125
2 0.43203125 0.21171875 0.01484375 0.028125
2 0.4515625 0.2109375 0.01953125 0.03671875
2 0.44375 0.165625 0.01484375 0.03125
2 0.48359375 0.21171875 0.01796875 0.03828125
2 0.4890625 0.17578125 0.01796875 0.03359375
2 0.4640625 0.14296875 0.015625 0.03125
2 0.44921875 0.14765625 0.01328125 0.025
2 0.38984375 0.27734375 0.02265625 0.04609375
2 0.49140625 0.14609375 0.015625 0.028125
2 0.49140625 0.128125 0.01171875 0.025
2 0.5046875 0.128125 0.0125 0.03125
2 0.5140625 0.15703125 0.01484375 0.03125
2 0.52578125 0.13984375 0.0140625 0.03203125
2 0.54453125 0.15625 0.01484375 0.03359375
2 0.5671875 0.1796875 0.01796875 0.03359375
2 0.55625 0.13359375 0.01328125 0.028125
2 0.56171875 0.1046875 0.0125 0.02109375
2 0.578125 0.1453125 0.015625 0.03203125
2 0.58125 0.12109375 0.01328125 0.02265625
2 0.58984375 0.09921875 0.01171875 0.02109375
2 0.60390625 0.153125 0.015625 0.03671875
2 0.61171875 0.10078125 0.01328125 0.02421875
2 0.6328125 0.09375 0.0109375 0.0265625
2 0.63671875 0.1296875 0.01640625 0.0296875
2 0.61171875 0.1234375 0.01484375 0.028125
2 0.66015625 0.10859375 0.01171875 0.02421875
2 0.66015625 0.13046875 0.01484375 0.02265625
2 0.6953125 0.10625 0.009375 0.02421875
2 0.5359375 0.28203125 0.02890625 0.06171875
2 0.5515625 0.2484375 0.02421875 0.04765625
2 0.60390625 0.259375 0.025 0.04609375
2 0.61484375 0.2046875 0.0171875 0.0453125
2 0.6515625 0.228125 0.02421875 0.04609375
2 0.6546875 0.2734375 0.0265625 0.0546875
2 0.61171875 0.33203125 0.03046875 0.06875
2 0.76875 0.29453125 0.0265625 0.06328125
2 0.6828125 0.1828125 0.0171875 0.0390625
2 0.68125 0.15625 0.015625 0.0265625
2 0.71171875 0.140625 0.015625 0.03359375
2 0.721875 0.1671875 0.01953125 0.0453125
2 0.71015625 0.22734375 0.01875 0.0453125
2 0.73203125 0.1421875 0.01640625 0.03828125
2 0.7421875 0.11640625 0.01328125 0.028125
2 0.75234375 0.1734375 0.01640625 0.03828125
2 0.76953125 0.21484375 0.01640625 0.03359375
2 0.74140625 0.2546875 0.02421875 0.04921875
2 0.8140625 0.2484375 0.0234375 0.053125
2 0.81171875 0.4015625 0.03984375 0.08125
2 0.884375 0.428125 0.03515625 0.07890625
2 0.9015625 0.3359375 0.0265625 0.06484375
2 0.84921875 0.290625 0.02890625 0.06171875
2 0.8671875 0.25078125 0.0234375 0.04609375
2 0.91171875 0.28828125 0.02109375 0.04921875
2 0.91484375 0.23984375 0.01953125 0.04765625
2 0.921875 0.21171875 0.01484375 0.03203125
2 0.8625 0.21875 0.02109375 0.03515625
2 0.8234375 0.21640625 0.01875 0.03671875
2 0.7953125 0.17734375 0.01875 0.03671875
2 0.77421875 0.14921875 0.0171875 0.0296875
2 0.77890625 0.13203125 0.015625 0.025
2 0.7875 0.11015625 0.01171875 0.02421875
2 0.8046875 0.12109375 0.01328125 0.03359375
2 0.8046875 0.15625 0.01796875 0.03359375
2 0.825 0.13515625 0.015625 0.03359375
2 0.83359375 0.128125 0.0125 0.0296875
2 0.84921875 0.15859375 0.01640625 0.03359375
2 0.83984375 0.18828125 0.0171875 0.03359375
2 0.8609375 0.1453125 0.01484375 0.03203125
2 0.87265625 0.121875 0.0125 0.025
2 0.8875 0.18046875 0.0140625 0.0296875
2 0.89609375 0.15234375 0.01484375 0.0296875
2 0.90625 0.1453125 0.01171875 0.0296875
2 0.92265625 0.15625 0.01328125 0.028125