2 0.1421875 0.51875 0.04453125 0.07734375
2 0.23671875 0.33125 0.01953125 0.03359375
2 0.2703125 0.340625 0.02421875 0.0421875
2 0.290625 0.3703125 0.0234375 0.0390625
2 0.29375 0.3 0.02109375 0.03125
2 0.34765625 0.35625 0.02421875 0.0421875
2 0.36484375 0.32421875 0.0203125 0.03359375
2 0.36328125 0.2953125 0.02109375 0.0265625
2 0.40234375 0.25859375 0.01875 0.0296875
2 0.4203125 0.32890625 0.02265625 0.040625
2 0.41640625 0.29609375 0.01953125 0.03359375
2 0.45703125 0.33359375 0.025 0.0390625
2 0.4921875 0.39765625 0.03359375 0.0609375
2 0.4453125 0.325 0.01796875 0.03515625
2 0.4375 0.2546875 0.01796875 0.028125
2 0.45546875 0.25390625 0.01640625 0.03515625
2 0.47578125 0.23671875 0.0140625 0.028125
2 0.4859375 0.2953125 0.0203125 0.03828125
2 0.521875 0.259375 0.01328125 0.028125
2 0.5390625 0.2734375 0.01875 0.03671875
2 0.559375 0.24765625 0.01796875 0.03671875
2 0.57265625 0.225 0.01875 0.03125
2 0.58671875 0.2140625 0.01484375 0.028125
2 0.5875 0.2390625 0.0140625 0.03125
2 0.5984375 0.2546875 0.0140625 0.03125
2 0.5703125 0.275 0.01875 0.03515625
2 0.51953125 0.31640625 0.01953125 0.04375
2 0.5515625 0.35234375 0.02421875 0.05078125
2 0.6171875 0.375 0.02734375 0.05234375
2 0.5234375 0.475 0.0328125 0.05234375
2 0.6109375 0.44609375 0.03203125 0.071875
2 0.65078125 0.46015625 0.0359375 0.071875
2 0.66953125 0.36953125 0.028125 0.0609375
2 0.7078125 0.35625 0.028125 0.04765625
2 0.61953125 0.31953125 0.03125 0.05078125
2 0.65 0.29609375 0.02265625 0.0421875
2 0.61875 0.24140625 0.01640625 0.03515625
2 0.61875 0.21796875 0.01328125 0.02109375
2 0.62421875 0.20078125 0.01171875 0.02421875
2 0.64296875 0.209375 0.01171875 0.02421875
2 0.64609375 0.23984375 0.01640625 0.0265625
2 0.65703125 0.21953125 0.01328125 0.028125
2 0.68828125 0.27734375 0.01953125 0.0453125
2 0.69921875 0.3125 0.0171875 0.03671875
2 0.72421875 0.2953125 0.02421875 0.03828125
2 0.725 0.246875 0.0171875 0.03203125
2 0.69140625 0.22578125 0.01171875 0.0265625
2 0.6890625 0.20390625 0.0109375 0.02421875
2 0.7046875 0.22578125 0.01328125 0.0296875
2 0.74921875 0.24609375 0.0171875 0.03671875
2 0.75625 0.234375 0.0140625 0.0265625
2 0.76484375 0.23203125 0.0109375 0.025
2 0.8015625 0.2328125 0.0171875 0.0265625
2 0.79296875 0.25859375 0.01484375 0.0265625
2 0.80546875 0.278125 0.01484375 0.03515625
2 0.83203125 0.2421875 0.01484375 0.03125
2 0.84453125 0.26484375 0.01953125 0.03671875
2 0.83046875 0.290625 0.01640625 0.03515625
2 0.8359375 0.35390625 0.025 0.04609375
2 0.81015625 0.4265625 0.02890625 0.05625
2 0.740625 0.39765625 0.0328125 0.0546875
2 0.72109375 0.5390625 0.03828125 0.07734375
2 0.84140625 0.50390625 0.04140625 0.0734375
2 0.8640625 0.4484375 0.03125 0.06875
2 0.88125 0.3921875 0.02578125 0.0578125
2 0.89375 0.33359375 0.0203125 0.0453125
2 0.8671875 0.3125 0.02109375 0.0421875
2 0.86875 0.26953125 0.0171875 0.03515625
2 0.86640625 0.2515625 0.01875 0.0296875
2 0.87890625 0.26171875 0.01640625 0.03125
2 0.90390625 0.25390625 0.01875 0.03359375
2 0.92109375 0.278125 0.0203125 0.04375
2 0.9078125 0.31171875 0.01484375 0.03515625
2 0.94921875 0.4625 0.0296875 0.0546875
2 0.93203125 0.4375 0.0203125 0.03203125
2 0.95078125 0.35390625 0.01953125 0.0421875
2 0.94375 0.3109375 0.01953125 0.0453125
2 0.95859375 0.30078125 0.01484375 0.040625
2 0.9609375 0.26953125 0.01796875 0.0296875