2 0.8484375 0.7515625 0.13046875 0.190625
2 0.928125 0.51640625 0.071875 0.1296875
2 0.9515625 0.428125 0.0484375 0.065625
2 0.93515625 0.39453125 0.0375 0.0515625
2 0.8125 0.39375 0.028125 0.0453125
2 0.7453125 0.44453125 0.03984375 0.0640625
2 0.74375 0.4109375 0.028125 0.03828125
2 0.696875 0.375 0.0234375 0.04453125
2 0.6546875 0.29921875 0.02578125 0.0359375
2 0.6015625 0.45078125 0.03984375 0.075
2 0.53203125 0.50859375 0.053125 0.0890625
2 0.2640625 0.6015625 0.08984375 0.14453125
2 0.03515625 0.56796875 0.06484375 0.128125
2 0.0234375 0.43828125 0.04296875 0.08046875
2 0.06328125 0.39609375 0.0328125 0.04609375
2 0.1609375 0.39921875 0.03828125 0.0609375
2 0.20859375 0.38203125 0.03046875 0.040625
2 0.28828125 0.39453125 0.028125 0.0390625
2 0.3171875 0.41875 0.0296875 0.05703125
2 0.303125 0.36796875 0.02421875 0.03984375
2 0.40078125 0.4015625 0.0359375 0.0484375
2 0.4 0.365625 0.0203125 0.02890625
2 0.496875 0.384375 0.021875 0.0390625
2 0.5078125 0.365625 0.015625 0.034375
2 0.57109375 0.38359375 0.021875 0.04140625
2 0.59453125 0.41640625 0.03125 0.046875