2 0.175 0.49296875 0.04375 0.08828125
2 0.27578125 0.26328125 0.0171875 0.03125
2 0.390625 0.275 0.01875 0.03984375
2 0.4015625 0.22578125 0.015625 0.0296875
2 0.45078125 0.2203125 0.01640625 0.03125
2 0.37421875 0.21171875 0.01640625 0.034375
2 0.3609375 0.18828125 0.01328125 0.0296875
2 0.41328125 0.15859375 0.01328125 0.02578125
2 0.50546875 0.12109375 0.01171875 0.02109375
2 0.525 0.1328125 0.0125 0.02265625
2 0.54609375 0.1265625 0.0109375 0.02421875
2 0.5578125 0.103125 0.0125 0.02265625
2 0.58046875 0.1171875 0.01171875 0.02578125
2 0.55625 0.184375 0.015625 0.0296875
2 0.61015625 0.15234375 0.01484375 0.02734375
2 0.47734375 0.31640625 0.0265625 0.04296875
2 0.534375 0.3328125 0.0203125 0.04140625
2 0.575 0.2453125 0.01953125 0.03671875
2 0.60546875 0.26796875 0.0203125 0.04296875
2 0.65703125 0.209375 0.015625 0.03125
2 0.65546875 0.1671875 0.0171875 0.0328125
2 0.684375 0.1421875 0.0171875 0.04140625
2 0.73515625 0.121875 0.02109375 0.046875
2 0.71953125 0.24921875 0.025 0.0484375
2 0.68203125 0.31484375 0.0265625 0.07109375
2 0.72578125 0.34453125 0.03046875 0.06953125
2 0.77734375 0.2703125 0.02109375 0.0484375
2 0.7546875 0.221875 0.015625 0.04140625
2 0.77890625 0.1828125 0.015625 0.03671875
2 0.79296875 0.246875 0.0171875 0.03671875
2 0.80625 0.34296875 0.0265625 0.05859375
2 0.83125 0.296875 0.0265625 0.05
2 0.8703125 0.384375 0.03359375 0.07265625
2 0.8859375 0.30859375 0.0265625 0.06953125
2 0.7984375 0.1296875 0.0125 0.03125
2 0.8265625 0.1375 0.01171875 0.0296875
2 0.84921875 0.1421875 0.01171875 0.02734375
2 0.840625 0.11328125 0.01171875 0.02578125
2 0.8609375 0.11875 0.0125 0.0296875
2 0.89140625 0.13515625 0.0109375 0.03125
2 0.92578125 0.1515625 0.0109375 0.02578125