2 0.23203125 0.384375 0.0609375 0.1125
2 0.53671875 0.1828125 0.0203125 0.040625
2 0.58046875 0.14296875 0.01796875 0.04609375
2 0.596875 0.15703125 0.015625 0.03359375
2 0.64296875 0.1734375 0.0234375 0.059375
2 0.6671875 0.18203125 0.01328125 0.0421875
2 0.68203125 0.21015625 0.025 0.04765625
2 0.725 0.1921875 0.01875 0.04453125
2 0.77578125 0.228125 0.0234375 0.05
2 0.83125 0.25078125 0.01875 0.0515625
2 0.7484375 0.2734375 0.021875 0.05546875
2 0.7609375 0.3609375 0.028125 0.06796875
2 0.8046875 0.38671875 0.0328125 0.06796875
2 0.91484375 0.38984375 0.0328125 0.06484375