2 0.04609375 0.5125 0.05625 0.07265625
2 0.06796875 0.4921875 0.03984375 0.06484375
2 0.14765625 0.49296875 0.04375 0.0625
2 0.17578125 0.53125 0.06015625 0.07265625
2 0.20234375 0.4890625 0.028125 0.05390625
2 0.24609375 0.50390625 0.0359375 0.0625
2 0.253125 0.4703125 0.02578125 0.0328125
2 0.30078125 0.5203125 0.05 0.0671875
2 0.31875 0.4671875 0.034375 0.04296875
2 0.33515625 0.49453125 0.034375 0.0484375
2 0.3703125 0.49453125 0.0359375 0.0484375
2 0.390625 0.478125 0.02578125 0.0328125
2 0.43203125 0.46328125 0.0203125 0.03515625
2 0.446875 0.49609375 0.02578125 0.040625
2 0.63828125 0.52578125 0.05234375 0.078125
2 0.69296875 0.50546875 0.03828125 0.04296875
2 0.71796875 0.5296875 0.04765625 0.06484375
2 0.7578125 0.56875 0.05625 0.0890625
2 0.775 0.52421875 0.0296875 0.04296875
2 0.81171875 0.521875 0.04375 0.06484375
2 0.8453125 0.5515625 0.04609375 0.06484375
2 0.87890625 0.528125 0.04609375 0.05703125