2 0.06484375 0.3953125 0.03671875 0.06875
2 0.26171875 0.28203125 0.01875 0.03203125
2 0.2875 0.275 0.0171875 0.03828125
2 0.3015625 0.25703125 0.0171875 0.03828125
2 0.3421875 0.284375 0.0171875 0.03984375
2 0.35390625 0.25859375 0.01484375 0.03515625
2 0.32109375 0.22109375 0.0140625 0.03046875
2 0.33515625 0.246875 0.0140625 0.03203125
2 0.3484375 0.21328125 0.0140625 0.03203125
2 0.43515625 0.2765625 0.02734375 0.0484375
2 0.5015625 0.228125 0.02109375 0.03515625
2 0.46796875 0.19296875 0.01875 0.028125
2 0.4484375 0.225 0.01875 0.03515625
2 0.4203125 0.21875 0.01875 0.0265625
2 0.37890625 0.22578125 0.01796875 0.03046875
2 0.384375 0.2015625 0.01796875 0.025
2 0.4125 0.16640625 0.0125 0.025
2 0.42734375 0.17890625 0.01640625 0.0265625
2 0.45703125 0.1671875 0.0140625 0.03046875
2 0.45625 0.1421875 0.01328125 0.0203125
2 0.48359375 0.16015625 0.01484375 0.0265625
2 0.47734375 0.146875 0.01015625 0.0203125
2 0.4921875 0.13125 0.01484375 0.025
2 0.5046875 0.1765625 0.0171875 0.028125
2 0.50703125 0.14609375 0.0125 0.021875
2 0.52109375 0.1859375 0.01015625 0.0265625
2 0.55234375 0.1890625 0.01484375 0.03671875
2 0.53828125 0.16953125 0.0171875 0.03203125
2 0.55234375 0.15546875 0.01328125 0.0265625
2 0.534375 0.13203125 0.0171875 0.03359375
2 0.58984375 0.15234375 0.0171875 0.03359375
2 0.5609375 0.1359375 0.01484375 0.025
2 0.57421875 0.11015625 0.0140625 0.0234375
2 0.6296875 0.14140625 0.0140625 0.025
2 0.59375 0.12421875 0.01171875 0.021875
2 0.603125 0.1125 0.0125 0.021875
2 0.6234375 0.09609375 0.009375 0.01875
2 0.62265625 0.1171875 0.01328125 0.0203125
2 0.63828125 0.12109375 0.01171875 0.021875
2 0.6484375 0.10078125 0.01015625 0.028125
2 0.678125 0.11953125 0.01484375 0.028125
2 0.7015625 0.09296875 0.0125 0.028125
2 0.49140625 0.296875 0.025 0.0484375
2 0.5703125 0.29609375 0.025 0.05
2 0.60625 0.34140625 0.028125 0.05703125
2 0.678125 0.35078125 0.0234375 0.053125
2 0.575 0.2375 0.0171875 0.03984375
2 0.6125 0.26484375 0.0234375 0.0421875
2 0.61484375 0.2171875 0.0171875 0.03984375
2 0.65703125 0.21875 0.0203125 0.04375
2 0.65703125 0.175 0.01640625 0.03515625
2 0.69921875 0.18203125 0.01328125 0.03359375
2 0.68515625 0.24296875 0.02265625 0.0453125
2 0.71796875 0.2953125 0.021875 0.0421875
2 0.78984375 0.28671875 0.0203125 0.0484375
2 0.69609375 0.13828125 0.0140625 0.028125
2 0.71484375 0.13203125 0.0140625 0.03359375
2 0.73984375 0.15703125 0.01484375 0.03359375
2 0.7125 0.21171875 0.01875 0.03515625
2 0.7609375 0.2375 0.02109375 0.05
2 0.75390625 0.17890625 0.01640625 0.03359375
2 0.765625 0.16015625 0.01484375 0.03046875
2 0.753125 0.14140625 0.01171875 0.03203125
2 0.74609375 0.109375 0.01484375 0.028125
2 0.76015625 0.09765625 0.0140625 0.028125
2 0.76875 0.12421875 0.0140625 0.028125
2 0.80625 0.134375 0.0140625 0.028125
2 0.79765625 0.1171875 0.01328125 0.03046875
2 0.8203125 0.121875 0.01328125 0.0234375
2 0.8234375 0.153125 0.0125 0.028125
2 0.80703125 0.18046875 0.01875 0.03671875
2 0.875 0.22265625 0.01796875 0.03984375
2 0.94140625 0.275 0.0203125 0.0421875
2 0.8859375 0.1859375 0.01640625 0.03671875
2 0.86015625 0.18984375 0.01640625 0.03828125
2 0.86171875 0.153125 0.0140625 0.03203125
2 0.8375 0.13203125 0.01484375 0.0265625
2 0.87890625 0.11796875 0.01484375 0.025
2 0.87890625 0.15078125 0.01015625 0.0234375
2 0.90390625 0.17421875 0.01171875 0.0265625
2 0.9015625 0.15859375 0.01171875 0.0265625
2 0.90625 0.12578125 0.01171875 0.0234375
2 0.94453125 0.1640625 0.0140625 0.03671875
2 0.940625 0.15234375 0.0125 0.0265625