2 0.0609375 0.41328125 0.028125 0.07578125
2 0.08359375 0.41953125 0.03828125 0.0859375
2 0.25 0.26875 0.0203125 0.04453125
2 0.32109375 0.2046875 0.015625 0.0328125
2 0.34765625 0.23046875 0.01484375 0.028125
2 0.39296875 0.19140625 0.0140625 0.0296875
2 0.384375 0.21640625 0.01953125 0.04921875
2 0.521875 0.07265625 0.01015625 0.01953125
2 0.559375 0.20546875 0.028125 0.0609375
2 0.578125 0.15078125 0.021875 0.04609375
2 0.590625 0.128125 0.01953125 0.04765625
2 0.60078125 0.17578125 0.02265625 0.0515625
2 0.60546875 0.28984375 0.02265625 0.0578125
2 0.6453125 0.19140625 0.0234375 0.04921875
2 0.65859375 0.13515625 0.01953125 0.04609375
2 0.6796875 0.13359375 0.015625 0.03984375
2 0.70546875 0.1828125 0.015625 0.03828125