2 0.14140625 0.55625 0.046875 0.078125
2 0.22890625 0.340625 0.0171875 0.03203125
2 0.284375 0.3203125 0.01953125 0.03515625
2 0.26015625 0.36640625 0.02109375 0.040625
2 0.29609375 0.3671875 0.01796875 0.0421875
2 0.34921875 0.3546875 0.01796875 0.0375
2 0.353125 0.3 0.01484375 0.02578125
2 0.39296875 0.2640625 0.0140625 0.02578125
2 0.43359375 0.26171875 0.01328125 0.021875
2 0.46484375 0.25 0.0140625 0.0359375
2 0.47265625 0.24140625 0.01796875 0.03046875
2 0.38359375 0.353125 0.01796875 0.0359375
2 0.41171875 0.30546875 0.01796875 0.03515625
2 0.41328125 0.33671875 0.015625 0.0390625
2 0.43828125 0.31953125 0.02421875 0.0453125
2 0.46328125 0.290625 0.01953125 0.03046875
2 0.46875 0.32421875 0.025 0.0359375
2 0.509375 0.26796875 0.01640625 0.03515625
2 0.528125 0.29140625 0.02109375 0.040625
2 0.55625 0.25 0.01640625 0.03359375
2 0.571875 0.22578125 0.01796875 0.03515625
2 0.5109375 0.33515625 0.02578125 0.0375
2 0.44453125 0.36484375 0.03515625 0.04609375
2 0.55234375 0.29921875 0.0203125 0.03359375
2 0.5828125 0.24921875 0.01484375 0.04609375
2 0.609375 0.25234375 0.0140625 0.03203125
2 0.61953125 0.2078125 0.0125 0.025
2 0.63125 0.22734375 0.015625 0.0375
2 0.64296875 0.2296875 0.0140625 0.03046875
2 0.66953125 0.22734375 0.0125 0.0375
2 0.6859375 0.23203125 0.015625 0.02890625
2 0.71484375 0.2265625 0.015625 0.02734375
2 0.7125 0.2578125 0.015625 0.02890625
2 0.678125 0.28359375 0.01953125 0.0359375
2 0.47890625 0.409375 0.02578125 0.05390625
2 0.5375 0.3875 0.025 0.05078125
2 0.60390625 0.34296875 0.02109375 0.0453125
2 0.52578125 0.459375 0.03046875 0.05234375
2 0.59609375 0.4109375 0.02734375 0.04765625
2 0.590625 0.4625 0.02890625 0.0640625
2 0.64765625 0.36328125 0.01953125 0.0453125
2 0.675 0.37109375 0.028125 0.040625
2 0.640625 0.484375 0.0359375 0.06640625
2 0.69609375 0.378125 0.0203125 0.04375
2 0.69140625 0.3265625 0.0234375 0.0390625
2 0.71953125 0.30234375 0.0203125 0.0390625
2 0.7296875 0.4171875 0.02890625 0.0578125
2 0.70234375 0.56328125 0.0484375 0.0765625
2 0.74375 0.24921875 0.01484375 0.03515625
2 0.7578125 0.2375 0.0125 0.02890625
2 0.7734375 0.2671875 0.0125 0.0359375
2 0.790625 0.24453125 0.01328125 0.025
2 0.78359375 0.29375 0.015625 0.03046875
2 0.81953125 0.246875 0.0140625 0.03359375
2 0.8515625 0.26015625 0.0203125 0.0359375
2 0.828125 0.30703125 0.01484375 0.040625
2 0.7828125 0.440625 0.0265625 0.0578125
2 0.82265625 0.525 0.0328125 0.06640625
2 0.865625 0.2765625 0.01484375 0.0375
2 0.88828125 0.265625 0.01484375 0.03359375
2 0.90625 0.28203125 0.0140625 0.03046875
2 0.93515625 0.31875 0.0140625 0.02890625
2 0.95 0.2875 0.015625 0.03046875
2 0.825 0.36640625 0.025 0.04921875
2 0.83828125 0.3453125 0.01328125 0.05078125
2 0.8625 0.33046875 0.01328125 0.04375
2 0.88359375 0.34921875 0.025 0.04375
2 0.86953125 0.36875 0.02109375 0.05390625
2 0.90859375 0.35234375 0.015625 0.040625
2 0.94375 0.37265625 0.0171875 0.040625
2 0.85703125 0.46640625 0.02734375 0.0578125
2 0.9265625 0.48359375 0.0328125 0.059375
2 0.63828125 0.31015625 0.0171875 0.0375