2 0.11796875 0.528125 0.0421875 0.0703125
2 0.21953125 0.3421875 0.01640625 0.03515625
2 0.24921875 0.36328125 0.01953125 0.04609375
2 0.284375 0.3609375 0.01953125 0.0453125
2 0.27734375 0.31328125 0.01796875 0.03359375
2 0.33046875 0.35 0.0234375 0.04765625
2 0.37265625 0.340625 0.01796875 0.03515625
2 0.40234375 0.33984375 0.01640625 0.03671875
2 0.3453125 0.3 0.01953125 0.03515625
2 0.40078125 0.3046875 0.015625 0.028125
2 0.44296875 0.3515625 0.021875 0.03828125
2 0.384375 0.26640625 0.01328125 0.03203125
2 0.42109375 0.25703125 0.01328125 0.02265625
2 0.45546875 0.2828125 0.01640625 0.0296875
2 0.44921875 0.25703125 0.01328125 0.025
2 0.46328125 0.23515625 0.0109375 0.01796875
2 0.45859375 0.25234375 0.01171875 0.02421875
2 0.49921875 0.32578125 0.02265625 0.03671875
2 0.465625 0.31484375 0.02109375 0.03359375
2 0.51640625 0.28359375 0.021875 0.03125
2 0.5 0.2734375 0.01484375 0.0265625
2 0.546875 0.25078125 0.0140625 0.03203125
2 0.5671875 0.28046875 0.01640625 0.03515625
2 0.5796875 0.26953125 0.0140625 0.03359375
2 0.55546875 0.22265625 0.0140625 0.02421875
2 0.5734375 0.2140625 0.015625 0.0296875
2 0.6078125 0.2046875 0.01484375 0.028125
2 0.6234375 0.21875 0.0140625 0.0265625
2 0.63984375 0.22578125 0.01796875 0.028125
2 0.6390625 0.25546875 0.01796875 0.025
2 0.59921875 0.253125 0.01484375 0.02421875
2 0.6671875 0.21484375 0.0140625 0.025
2 0.6984375 0.22109375 0.015625 0.03203125
2 0.67421875 0.23203125 0.0125 0.028125
2 0.70390625 0.2578125 0.0203125 0.03828125
2 0.66796875 0.28359375 0.0203125 0.03359375
2 0.6328125 0.31171875 0.01953125 0.03671875
2 0.5984375 0.33359375 0.0265625 0.04921875
2 0.528125 0.3796875 0.028125 0.04609375
2 0.459375 0.4234375 0.03359375 0.06015625
2 0.5234375 0.4390625 0.0359375 0.0546875
2 0.58671875 0.45 0.0328125 0.065625
2 0.590625 0.3875 0.02578125 0.05078125
2 0.6390625 0.36484375 0.0171875 0.040625
2 0.659375 0.37421875 0.0234375 0.05234375
2 0.6359375 0.47890625 0.03046875 0.0703125
2 0.69765625 0.5453125 0.040625 0.0796875
2 0.7203125 0.415625 0.02734375 0.059375
2 0.6890625 0.3703125 0.0234375 0.040625
2 0.6828125 0.31796875 0.02109375 0.04609375
2 0.71171875 0.29921875 0.01953125 0.0390625
2 0.73359375 0.25 0.01484375 0.03125
2 0.759375 0.23515625 0.01484375 0.03203125
2 0.7828125 0.24375 0.01484375 0.03828125
2 0.76953125 0.28203125 0.015625 0.03671875
2 0.76015625 0.26484375 0.01484375 0.02421875
2 0.809375 0.24765625 0.01640625 0.03828125
2 0.8203125 0.3015625 0.021875 0.03203125
2 0.83984375 0.2578125 0.01328125 0.03203125
2 0.85703125 0.28203125 0.0140625 0.0421875
2 0.86640625 0.27421875 0.0125 0.0390625
2 0.8796875 0.26171875 0.0125 0.0296875
2 0.89609375 0.2796875 0.0171875 0.0421875
2 0.9328125 0.30390625 0.01796875 0.040625
2 0.9390625 0.2828125 0.01640625 0.0296875
2 0.8484375 0.3265625 0.02265625 0.03828125
2 0.87734375 0.3171875 0.0171875 0.03359375
2 0.909375 0.3390625 0.0171875 0.04375
2 0.93203125 0.36484375 0.0171875 0.04921875
2 0.8109375 0.3609375 0.02421875 0.06171875
2 0.821875 0.3328125 0.01796875 0.028125
2 0.8625 0.37578125 0.025 0.04609375
2 0.77421875 0.43828125 0.03359375 0.059375
2 0.8265625 0.51953125 0.03359375 0.07578125
2 0.84921875 0.46875 0.03359375 0.0546875
2 0.91484375 0.48828125 0.0375 0.07421875
2 0.91171875 0.44140625 0.021875 0.040625
2 0.42734375 0.31484375 0.01796875 0.0390625
2 0.5140625 0.25546875 0.01484375 0.025