2 0.071875 0.534375 0.06796875 0.109375
2 0.18203125 0.51875 0.0640625 0.09296875
2 0.6703125 0.54921875 0.05625 0.0796875
2 0.60390625 0.56171875 0.05234375 0.09296875
2 0.3390625 0.49765625 0.04609375 0.0828125
2 0.27578125 0.48671875 0.04765625 0.05625
2 0.403125 0.45859375 0.034375 0.04296875
2 0.42734375 0.5015625 0.03828125 0.0640625
2 0.50078125 0.50234375 0.04609375 0.06171875
2 0.49765625 0.45703125 0.0359375 0.0453125
2 0.5578125 0.48828125 0.0359375 0.05859375
2 0.58671875 0.490625 0.02578125 0.053125
2 0.73515625 0.528125 0.05390625 0.075
2 0.77734375 0.5109375 0.04609375 0.06640625
2 0.8109375 0.50703125 0.034375 0.06953125
2 0.68828125 0.50234375 0.03984375 0.06171875
2 0.0171875 0.4828125 0.0296875 0.0796875