2 0.18359375 0.45390625 0.046875 0.09375
2 0.27421875 0.2296875 0.0203125 0.0390625
2 0.29765625 0.225 0.01640625 0.040625
2 0.3390625 0.146875 0.02109375 0.0421875
2 0.359375 0.1890625 0.015625 0.0453125
2 0.3765625 0.165625 0.01875 0.03046875
2 0.3859375 0.2390625 0.0203125 0.0453125
2 0.41640625 0.23984375 0.021875 0.046875
2 0.42421875 0.2 0.0171875 0.0421875
2 0.440625 0.20859375 0.021875 0.0390625
2 0.42734375 0.17421875 0.0140625 0.02578125
2 0.4375 0.1625 0.01484375 0.03046875
2 0.42265625 0.15078125 0.0140625 0.02109375
2 0.47734375 0.14921875 0.01875 0.0375
2 0.4859375 0.1953125 0.0171875 0.03515625
2 0.5046875 0.1953125 0.015625 0.0421875
2 0.46875 0.1171875 0.01015625 0.02421875
2 0.48671875 0.071875 0.01328125 0.02421875
2 0.49609375 0.115625 0.0140625 0.02734375
2 0.5171875 0.13203125 0.015625 0.02734375
2 0.5296875 0.1265625 0.0109375 0.02421875
2 0.546875 0.14609375 0.0171875 0.03046875
2 0.546875 0.125 0.01484375 0.02734375
2 0.5640625 0.16015625 0.0140625 0.03203125
2 0.59453125 0.1359375 0.015625 0.02890625
2 0.5984375 0.11484375 0.0140625 0.02265625
2 0.61796875 0.11484375 0.0140625 0.02265625
2 0.61875 0.10390625 0.00859375 0.01796875
2 0.62578125 0.14609375 0.0140625 0.02421875
2 0.64765625 0.125 0.01328125 0.02734375
2 0.678125 0.1203125 0.01328125 0.02734375
2 0.70625 0.1125 0.01171875 0.02421875
2 0.746875 0.07578125 0.01328125 0.02890625
2 0.59296875 0.2296875 0.0203125 0.03515625
2 0.65078125 0.23125 0.021875 0.0515625
2 0.696875 0.25703125 0.021875 0.0546875
2 0.7140625 0.3265625 0.03203125 0.06484375
2 0.753125 0.35546875 0.03046875 0.0578125
2 0.78515625 0.30234375 0.0234375 0.0578125
2 0.75703125 0.25078125 0.02421875 0.0515625
2 0.7296875 0.22421875 0.0234375 0.0453125
2 0.71640625 0.1796875 0.0171875 0.0390625
2 0.70390625 0.16328125 0.015625 0.0390625
2 0.73203125 0.16953125 0.0140625 0.03515625
2 0.74453125 0.20078125 0.0171875 0.040625
2 0.78984375 0.23828125 0.02109375 0.03359375
2 0.77578125 0.153125 0.015625 0.02265625
2 0.79609375 0.1640625 0.01328125 0.02734375
2 0.79921875 0.13828125 0.01171875 0.02734375
2 0.84296875 0.15703125 0.01484375 0.03515625
2 0.8546875 0.14453125 0.01328125 0.02734375
2 0.83125 0.19296875 0.01875 0.040625
2 0.87109375 0.178125 0.01328125 0.03359375
2 0.86875 0.228125 0.01875 0.03203125
2 0.84375 0.2484375 0.01953125 0.0453125
2 0.89765625 0.2125 0.0171875 0.040625
2 0.89765625 0.18359375 0.015625 0.0375
2 0.90625 0.16953125 0.015625 0.03515625
2 0.91484375 0.15703125 0.0140625 0.02890625
2 0.9453125 0.16015625 0.01328125 0.02890625
2 0.93671875 0.26171875 0.0171875 0.0421875
2 0.925 0.20703125 0.01484375 0.0390625
2 0.909375 0.39140625 0.02421875 0.05
2 0.88515625 0.26640625 0.01875 0.0390625
2 0.62734375 0.17578125 0.01640625 0.03203125