2 0.171875 0.490625 0.0484375 0.0875
2 0.25546875 0.2703125 0.02265625 0.03828125
2 0.28203125 0.25234375 0.01953125 0.04375
2 0.3890625 0.26171875 0.02265625 0.03828125
2 0.375 0.1796875 0.01796875 0.03828125
2 0.35078125 0.24453125 0.0203125 0.03828125
2 0.39765625 0.221875 0.01640625 0.03828125
2 0.40390625 0.171875 0.01484375 0.0265625
2 0.43046875 0.2296875 0.01953125 0.04375
2 0.4421875 0.2 0.01875 0.0328125
2 0.45234375 0.1484375 0.015625 0.028125
2 0.4765625 0.14609375 0.01484375 0.0328125
2 0.478125 0.18203125 0.01796875 0.03671875
2 0.50078125 0.18203125 0.01875 0.03984375
2 0.51015625 0.12265625 0.0125 0.02265625
2 0.5359375 0.121875 0.015625 0.02421875
2 0.5453125 0.19375 0.021875 0.03828125
2 0.57734375 0.171875 0.0234375 0.03984375
2 0.58515625 0.140625 0.015625 0.0328125
2 0.61640625 0.14453125 0.01875 0.03125
2 0.565625 0.0671875 0.015625 0.03671875
2 0.65390625 0.14375 0.01796875 0.03671875
2 0.65 0.1109375 0.0140625 0.0265625
2 0.65625 0.046875 0.0125 0.02421875
2 0.6984375 0.05859375 0.01875 0.03671875
2 0.6953125 0.1890625 0.02265625 0.04375
2 0.66171875 0.2171875 0.0265625 0.046875
2 0.61171875 0.2625 0.02578125 0.05390625
2 0.55859375 0.25859375 0.0234375 0.05234375
2 0.54140625 0.321875 0.02734375 0.05390625
2 0.48984375 0.31484375 0.0359375 0.0609375
2 0.68046875 0.31875 0.0375 0.06796875
2 0.71875 0.27109375 0.028125 0.06796875
2 0.746875 0.2328125 0.021875 0.05078125
2 0.734375 0.184375 0.0234375 0.05078125
2 0.7859375 0.1921875 0.02265625 0.05234375
2 0.81328125 0.2359375 0.0234375 0.04921875
2 0.7796875 0.2859375 0.0265625 0.04921875
2 0.7625 0.315625 0.03125 0.0734375
2 0.8015625 0.4078125 0.03515625 0.07890625
2 0.80078125 0.1328125 0.015625 0.03515625
2 0.83203125 0.13671875 0.01796875 0.03671875
2 0.846875 0.1265625 0.0140625 0.0296875
2 0.87421875 0.128125 0.015625 0.0328125
2 0.8328125 0.20234375 0.021875 0.05546875
2 0.834375 0.3046875 0.0359375 0.06796875
2 0.89921875 0.37421875 0.04453125 0.0890625
2 0.90859375 0.315625 0.03203125 0.0734375
2 0.8703125 0.25078125 0.02265625 0.0578125
2 0.87890625 0.2109375 0.01875 0.04921875
2 0.92421875 0.21875 0.02421875 0.05390625
2 0.921875 0.28203125 0.028125 0.0609375
2 0.90859375 0.14296875 0.01796875 0.03125
2 0.93515625 0.15390625 0.015625 0.0421875