2 0.903125 0.175 0.0140625 0.03125
2 0.9203125 0.18828125 0.0109375 0.03359375
2 0.9390625 0.20234375 0.0125 0.03359375
2 0.9234375 0.24375 0.01484375 0.0421875
2 0.88671875 0.2265625 0.01484375 0.03359375
2 0.87265625 0.15703125 0.0125 0.03359375
2 0.84296875 0.153125 0.01484375 0.0296875
2 0.86015625 0.19765625 0.0125 0.03515625
2 0.83046875 0.1765625 0.0125 0.03125
2 0.840625 0.20390625 0.0140625 0.03671875
2 0.8390625 0.2375 0.0171875 0.04375
2 0.8625 0.28515625 0.01953125 0.04921875
2 0.92578125 0.2953125 0.015625 0.05390625
2 0.90703125 0.35234375 0.01953125 0.06640625
2 0.834375 0.31015625 0.021875 0.05625
2 0.80390625 0.30234375 0.01953125 0.0609375
2 0.7421875 0.2671875 0.01953125 0.0578125
2 0.75859375 0.275 0.015625 0.0453125
2 0.7765625 0.215625 0.01484375 0.0421875
2 0.78359375 0.15859375 0.0109375 0.03671875
2 0.80703125 0.10078125 0.01171875 0.0265625
2 0.7703125 0.08203125 0.01171875 0.028125
2 0.74140625 0.07109375 0.01015625 0.0296875
2 0.7328125 0.14375 0.01171875 0.03125
2 0.74921875 0.1390625 0.01171875 0.03359375
2 0.74375 0.20703125 0.01484375 0.0421875
2 0.7140625 0.23359375 0.01796875 0.05078125
2 0.69609375 0.17265625 0.015625 0.03671875
2 0.56953125 0.28984375 0.02265625 0.05078125
2 0.6359375 0.2421875 0.01796875 0.04375
2 0.66796875 0.2765625 0.02265625 0.04921875
2 0.65546875 0.2 0.015625 0.03515625
2 0.6421875 0.21484375 0.01796875 0.040625
2 0.56171875 0.24765625 0.021875 0.04765625
2 0.496875 0.21015625 0.0171875 0.03828125
2 0.50625 0.18671875 0.0140625 0.03671875
2 0.525 0.1953125 0.01796875 0.03359375
2 0.534375 0.16875 0.0109375 0.0296875
2 0.4765625 0.17265625 0.015625 0.03359375
2 0.40703125 0.28515625 0.01953125 0.0453125
2 0.403125 0.23984375 0.01953125 0.04921875
2 0.3390625 0.25234375 0.0171875 0.03828125
2 0.33984375 0.20390625 0.01171875 0.0265625
2 0.36796875 0.125 0.0109375 0.0296875
2 0.3890625 0.196875 0.0140625 0.03359375
2 0.40546875 0.171875 0.0125 0.03125
2 0.41953125 0.15 0.01015625 0.0265625
2 0.43515625 0.18359375 0.0125 0.03125
2 0.4359375 0.22421875 0.0171875 0.04921875
2 0.27109375 0.22421875 0.01484375 0.03125
2 0.4640625 0.08203125 0.0109375 0.028125
2 0.459375 0.13984375 0.01171875 0.02421875
2 0.48125 0.14375 0.01171875 0.02421875
2 0.50859375 0.07265625 0.01015625 0.02265625
2 0.5265625 0.12421875 0.00859375 0.02421875
2 0.5359375 0.13671875 0.01015625 0.02421875
2 0.51015625 0.12890625 0.00859375 0.01953125
2 0.515625 0.13828125 0.0109375 0.02421875
2 0.5703125 0.13203125 0.01171875 0.0265625
2 0.5921875 0.05703125 0.0078125 0.0265625
2 0.5875 0.121875 0.01015625 0.02265625
2 0.60625 0.11015625 0.0109375 0.02421875
2 0.6078125 0.1640625 0.0140625 0.0296875
2 0.6140625 0.1375 0.0109375 0.0296875
2 0.62421875 0.10859375 0.00859375 0.02421875
2 0.625 0.1203125 0.01171875 0.0265625
2 0.6484375 0.1109375 0.01171875 0.0265625
2 0.675 0.11015625 0.01015625 0.02421875
2 0.67578125 0.12421875 0.0109375 0.02421875
2 0.23125 0.34296875 0.040625 0.084375