2 0.23203125 0.375 0.05234375 0.09375
2 0.54609375 0.29921875 0.02578125 0.0640625
2 0.55703125 0.18828125 0.015625 0.03828125
2 0.63359375 0.1953125 0.0171875 0.040625
2 0.678125 0.20703125 0.0203125 0.040625
2 0.671875 0.19375 0.0140625 0.03046875
2 0.71484375 0.20390625 0.01640625 0.03359375
2 0.67265625 0.2515625 0.02265625 0.0484375
2 0.67578125 0.30859375 0.0265625 0.06640625
2 0.7328125 0.2671875 0.02109375 0.0453125
2 0.746875 0.2109375 0.0171875 0.03515625
2 0.77265625 0.23828125 0.0203125 0.0484375
2 0.834375 0.3671875 0.0265625 0.06796875
2 0.903125 0.415625 0.028125 0.07421875