2 0.065625 0.40078125 0.0296875 0.06015625
2 0.2875 0.23671875 0.015625 0.0296875
2 0.29375 0.26640625 0.01640625 0.028125
2 0.30859375 0.26484375 0.01796875 0.03828125
2 0.33984375 0.2609375 0.01796875 0.03828125
2 0.3640625 0.2578125 0.0203125 0.04140625
2 0.4015625 0.2609375 0.01953125 0.04140625
2 0.415625 0.27109375 0.0265625 0.0515625
2 0.3390625 0.21796875 0.01640625 0.028125
2 0.3625 0.21171875 0.015625 0.03359375
2 0.36875 0.22734375 0.01640625 0.03359375
2 0.40859375 0.21640625 0.0140625 0.03515625
2 0.46640625 0.22734375 0.01953125 0.03984375
2 0.48515625 0.23359375 0.02109375 0.04375
2 0.39765625 0.190625 0.01328125 0.03359375
2 0.40234375 0.18828125 0.01328125 0.0265625
2 0.428125 0.18671875 0.01328125 0.0265625
2 0.465625 0.19375 0.0140625 0.03671875
2 0.4953125 0.196875 0.0140625 0.03984375
2 0.4828125 0.165625 0.01328125 0.03359375
2 0.4765625 0.14609375 0.0125 0.025
2 0.4984375 0.13515625 0.01171875 0.0265625
2 0.50625 0.1640625 0.015625 0.028125
2 0.52890625 0.190625 0.01640625 0.03984375
2 0.54453125 0.2 0.01953125 0.03984375
2 0.53359375 0.17109375 0.01640625 0.025
2 0.5765625 0.153125 0.0171875 0.025
2 0.584375 0.16796875 0.01640625 0.03515625
2 0.58359375 0.12265625 0.01328125 0.028125
2 0.60703125 0.125 0.0125 0.0265625
2 0.61328125 0.14609375 0.0140625 0.03515625
2 0.6265625 0.13359375 0.01328125 0.0265625
2 0.63828125 0.1453125 0.01171875 0.0296875
2 0.6421875 0.1234375 0.0109375 0.0265625
2 0.6640625 0.1328125 0.01328125 0.03515625
2 0.6671875 0.121875 0.0125 0.0296875
2 0.70390625 0.1234375 0.01328125 0.0265625
2 0.75 0.12109375 0.01328125 0.028125
2 0.7734375 0.1375 0.0125 0.03203125
2 0.7890625 0.13046875 0.0125 0.0296875
2 0.796875 0.1484375 0.01328125 0.03359375
2 0.8359375 0.13046875 0.0109375 0.0265625
2 0.865625 0.13984375 0.015625 0.03359375
2 0.88515625 0.159375 0.0140625 0.03203125
2 0.90703125 0.1640625 0.0125 0.03828125
2 0.915625 0.1609375 0.01171875 0.03203125
2 0.934375 0.21640625 0.0171875 0.04140625
2 0.95234375 0.24609375 0.01796875 0.0453125
2 0.96171875 0.284375 0.025 0.05546875
2 0.86875 0.178125 0.0171875 0.03515625
2 0.890625 0.23671875 0.025 0.053125
2 0.81875 0.17265625 0.01796875 0.03515625
2 0.84296875 0.20859375 0.02109375 0.04375
2 0.7140625 0.153125 0.01328125 0.03203125
2 0.728125 0.14921875 0.0140625 0.03203125
2 0.73984375 0.1703125 0.015625 0.03359375
2 0.784375 0.16328125 0.01328125 0.0296875
2 0.76640625 0.1875 0.0171875 0.0453125
2 0.72734375 0.1875 0.01640625 0.03828125
2 0.6671875 0.18515625 0.01796875 0.03984375
2 0.6640625 0.2140625 0.0234375 0.04375
2 0.6296875 0.19765625 0.01953125 0.03828125
2 0.6 0.2203125 0.021875 0.05
2 0.6421875 0.24140625 0.02421875 0.0515625
2 0.60078125 0.28828125 0.02578125 0.05546875
2 0.51796875 0.30234375 0.02578125 0.05
2 0.6421875 0.315625 0.03203125 0.06015625
2 0.6875 0.265625 0.02109375 0.053125
2 0.70859375 0.25703125 0.02109375 0.046875
2 0.73984375 0.29609375 0.025 0.05546875
2 0.78515625 0.23203125 0.021875 0.053125
2 0.7953125 0.20703125 0.01953125 0.046875
2 0.8796875 0.3125 0.0265625 0.053125
2 0.7875 0.30234375 0.025 0.06015625