2 0.0453125 0.3984375 0.0328125 0.06953125
2 0.25078125 0.2796875 0.01328125 0.03125
2 0.28515625 0.26171875 0.0109375 0.028125
2 0.29375 0.25859375 0.015625 0.03828125
2 0.309375 0.215625 0.01484375 0.03359375
2 0.3453125 0.21640625 0.0171875 0.03515625
2 0.36796875 0.21171875 0.015625 0.03515625
2 0.38046875 0.19765625 0.0140625 0.0296875
2 0.40625 0.17265625 0.01328125 0.0265625
2 0.42578125 0.178125 0.01484375 0.03671875
2 0.4515625 0.14140625 0.0125 0.0234375
2 0.48203125 0.13046875 0.01484375 0.025
2 0.47265625 0.165625 0.0171875 0.03125
2 0.421875 0.21328125 0.01484375 0.03125
2 0.3421875 0.26328125 0.01875 0.04140625
2 0.4 0.29140625 0.025 0.04140625
2 0.4609375 0.21640625 0.0140625 0.04453125
2 0.534375 0.13359375 0.015625 0.04140625
2 0.4875 0.19765625 0.015625 0.03359375
2 0.48046875 0.22109375 0.0171875 0.03984375
2 0.56484375 0.11328125 0.009375 0.0265625
2 0.58984375 0.10234375 0.0125 0.028125
2 0.56171875 0.146875 0.01875 0.03515625
2 0.53671875 0.16875 0.02421875 0.04140625
2 0.54609375 0.20078125 0.01875 0.04296875
2 0.475 0.3015625 0.0265625 0.0546875
2 0.5828125 0.15234375 0.01796875 0.03828125
2 0.60703125 0.10859375 0.01484375 0.03515625
2 0.62421875 0.09609375 0.01328125 0.0265625
2 0.55859375 0.29296875 0.02734375 0.0515625
2 0.55859375 0.24140625 0.0265625 0.0515625
2 0.6140625 0.19765625 0.01875 0.03984375
2 0.609375 0.2515625 0.028125 0.0515625
2 0.62109375 0.13984375 0.01796875 0.0296875
2 0.6375 0.10234375 0.009375 0.021875
2 0.66796875 0.12265625 0.0125 0.0296875
2 0.7015625 0.09609375 0.0125 0.0296875
2 0.659375 0.2015625 0.01796875 0.03828125
2 0.65390625 0.17890625 0.01875 0.03515625
2 0.7046875 0.13984375 0.01796875 0.03671875
2 0.675 0.153125 0.01875 0.03984375
2 0.70234375 0.17890625 0.021875 0.03125
2 0.7078125 0.215625 0.02421875 0.03984375
2 0.65859375 0.24453125 0.01875 0.04296875
2 0.675 0.32578125 0.02890625 0.06015625
2 0.71640625 0.2921875 0.0234375 0.05625
2 0.7375 0.1203125 0.0140625 0.03515625
2 0.746875 0.11953125 0.01953125 0.03671875
2 0.73203125 0.1609375 0.015625 0.03984375
2 0.746875 0.18125 0.01796875 0.04296875
2 0.765625 0.12578125 0.01484375 0.04140625
2 0.784375 0.12265625 0.015625 0.046875
2 0.79453125 0.134375 0.015625 0.03984375
2 0.8078125 0.12734375 0.0125 0.03125
2 0.75859375 0.1578125 0.01875 0.03671875
2 0.7734375 0.21640625 0.0171875 0.04140625
2 0.778125 0.28359375 0.0265625 0.0484375
2 0.796875 0.1734375 0.0171875 0.03828125
2 0.828125 0.1421875 0.01953125 0.04140625
2 0.8421875 0.178125 0.0140625 0.03671875
2 0.85078125 0.14765625 0.01328125 0.046875
2 0.8609375 0.1484375 0.02265625 0.04453125
2 0.86953125 0.12578125 0.0109375 0.03515625
2 0.89453125 0.12890625 0.01328125 0.03125
2 0.86875 0.221875 0.01484375 0.04140625
2 0.88671875 0.20078125 0.021875 0.04296875
2 0.9296875 0.1546875 0.01328125 0.03359375
2 0.92265625 0.19140625 0.0125 0.03359375
2 0.91953125 0.27109375 0.01875 0.04296875
2 0.5171875 0.16875 0.01953125 0.03828125
2 0.5375 0.23984375 0.01796875 0.03828125
2 0.45546875 0.1703125 0.0171875 0.03515625
2 0.471875 0.1921875 0.01875 0.04140625
2 0.6078125 0.325 0.03203125 0.06171875
2 0.88828125 0.16640625 0.01484375 0.03984375
2 0.81171875 0.1640625 0.015625 0.03984375