2 0.071875 0.43671875 0.046875 0.09765625
2 0.25078125 0.27734375 0.015625 0.0328125
2 0.29140625 0.26875 0.01875 0.04296875
2 0.30234375 0.253125 0.01796875 0.04140625
2 0.31796875 0.2109375 0.0171875 0.0328125
2 0.33046875 0.23828125 0.02265625 0.04765625
2 0.34765625 0.26640625 0.0171875 0.034375
2 0.334375 0.28125 0.01484375 0.034375
2 0.42890625 0.259375 0.0265625 0.04921875
2 0.35 0.209375 0.015625 0.0359375
2 0.36875 0.209375 0.015625 0.0359375
2 0.37890625 0.21171875 0.015625 0.034375
2 0.39921875 0.20078125 0.015625 0.034375
2 0.42578125 0.20703125 0.0171875 0.034375
2 0.409375 0.165625 0.01796875 0.028125
2 0.428125 0.178125 0.015625 0.0359375
2 0.4578125 0.2109375 0.0171875 0.0359375
2 0.440625 0.19453125 0.01796875 0.0328125
2 0.4578125 0.16171875 0.01484375 0.0296875
2 0.46640625 0.184375 0.01796875 0.034375
2 0.49140625 0.21796875 0.028125 0.04296875
2 0.5171875 0.203125 0.01953125 0.04296875
2 0.48125 0.15859375 0.01328125 0.0265625
2 0.4515625 0.1390625 0.0125 0.028125
2 0.46875 0.146875 0.0125 0.0265625
2 0.48671875 0.12890625 0.0125 0.0234375
2 0.515625 0.15078125 0.01484375 0.03125
2 0.55234375 0.146875 0.01796875 0.0359375
2 0.534375 0.13203125 0.0140625 0.0359375
2 0.5578125 0.1078125 0.0125 0.02109375
2 0.57109375 0.17578125 0.01875 0.03125
2 0.57734375 0.15078125 0.01875 0.03125
2 0.590625 0.11640625 0.0140625 0.025
2 0.58828125 0.09609375 0.01484375 0.01953125
2 0.62109375 0.1296875 0.0140625 0.03125
2 0.62578125 0.09375 0.0109375 0.0265625
2 0.6421875 0.09765625 0.0125 0.0265625
2 0.65625 0.11328125 0.015625 0.034375
2 0.67265625 0.109375 0.01953125 0.034375
2 0.69453125 0.09140625 0.015625 0.034375
2 0.48828125 0.29609375 0.02734375 0.0546875
2 0.5453125 0.29609375 0.03125 0.0578125
2 0.61015625 0.3203125 0.03671875 0.06953125
2 0.56484375 0.246875 0.021875 0.05078125
2 0.6125 0.25234375 0.02421875 0.053125
2 0.60859375 0.19140625 0.02421875 0.04609375
2 0.653125 0.19453125 0.0234375 0.04609375
2 0.65859375 0.165625 0.021875 0.034375
2 0.69296875 0.1703125 0.01953125 0.03984375
2 0.690625 0.13828125 0.015625 0.0296875
2 0.70625 0.13359375 0.0171875 0.0296875
2 0.6984375 0.215625 0.0203125 0.04453125
2 0.671875 0.23671875 0.0234375 0.04765625
2 0.6734375 0.31875 0.0375 0.07578125
2 0.715625 0.26875 0.034375 0.0625
2 0.73046875 0.15390625 0.01953125 0.03828125
2 0.74296875 0.1296875 0.015625 0.03125
2 0.7421875 0.1125 0.01484375 0.0234375
2 0.7703125 0.12265625 0.0125 0.028125
2 0.74609375 0.1953125 0.01953125 0.04140625
2 0.7671875 0.21875 0.021875 0.0578125
2 0.75390625 0.1625 0.0171875 0.04140625
2 0.79296875 0.29375 0.02890625 0.06953125
2 0.809375 0.234375 0.021875 0.059375
2 0.7984375 0.16953125 0.021875 0.04453125
2 0.79296875 0.13046875 0.0140625 0.0328125
2 0.784375 0.115625 0.0140625 0.0296875
2 0.803125 0.11953125 0.01328125 0.028125
2 0.82265625 0.13671875 0.015625 0.0328125
2 0.84921875 0.1796875 0.01875 0.04296875
2 0.85 0.146875 0.01875 0.03984375
2 0.8703125 0.2203125 0.015625 0.05078125
2 0.9 0.2 0.0203125 0.03984375
2 0.92734375 0.19375 0.01796875 0.04140625
2 0.93046875 0.153125 0.01796875 0.0328125
2 0.89765625 0.1390625 0.0125 0.028125
2 0.88984375 0.15703125 0.0140625 0.0328125
2 0.88203125 0.1375 0.01484375 0.028125