2 0.20859375 0.22890625 0.0171875 0.0328125
2 0.35625 0.29609375 0.0234375 0.0328125
2 0.39765625 0.28984375 0.021875 0.04375
2 0.3671875 0.19375 0.02265625 0.034375
2 0.39453125 0.17890625 0.01875 0.034375
2 0.409375 0.1953125 0.02265625 0.0375
2 0.45234375 0.1765625 0.015625 0.0296875
2 0.4625 0.22734375 0.0203125 0.0328125
2 0.4796875 0.17890625 0.0140625 0.0375
2 0.49453125 0.19921875 0.01875 0.0359375
2 0.4921875 0.2328125 0.0203125 0.040625
2 0.57734375 0.134375 0.0140625 0.0296875
2 0.49296875 0.30078125 0.028125 0.04921875
2 0.6140625 0.2625 0.02734375 0.040625
2 0.71640625 0.190625 0.01953125 0.040625
2 0.86328125 0.07265625 0.015625 0.028125
2 0.76875 0.21796875 0.021875 0.04765625
2 0.40859375 0.22265625 0.02265625 0.034375