2 0.08828125 0.28125 0.02109375 0.0484375
2 0.278125 0.2359375 0.015625 0.03125
2 0.29296875 0.2328125 0.0140625 0.028125
2 0.33046875 0.22421875 0.015625 0.03125
2 0.35 0.1828125 0.01484375 0.0296875
2 0.3546875 0.2 0.015625 0.028125
2 0.35 0.22890625 0.01875 0.03125
2 0.378125 0.240625 0.01796875 0.0328125
2 0.37890625 0.20625 0.01484375 0.028125
2 0.39140625 0.21328125 0.01875 0.03828125
2 0.41171875 0.23984375 0.02109375 0.03828125
2 0.40546875 0.175 0.01484375 0.028125
2 0.40234375 0.165625 0.0125 0.02265625
2 0.4265625 0.16640625 0.01171875 0.0171875
2 0.4234375 0.19296875 0.0140625 0.02421875
2 0.42890625 0.2078125 0.01484375 0.0296875
2 0.446875 0.2015625 0.01484375 0.02421875
2 0.4609375 0.21640625 0.01875 0.0328125
2 0.4453125 0.25546875 0.021875 0.03828125
2 0.45078125 0.1625 0.015625 0.0296875
2 0.4890625 0.15625 0.01171875 0.02421875
2 0.5 0.15859375 0.0140625 0.02578125
2 0.50546875 0.134375 0.0109375 0.01875
2 0.5328125 0.13828125 0.01484375 0.0296875
2 0.52734375 0.1875 0.015625 0.028125
2 0.5078125 0.18984375 0.0140625 0.0296875
2 0.53984375 0.165625 0.0140625 0.0296875
2 0.553125 0.1328125 0.0125 0.02578125
2 0.55703125 0.1453125 0.01484375 0.0296875
2 0.5609375 0.1890625 0.01484375 0.034375
2 0.57109375 0.16953125 0.0140625 0.0328125
2 0.57890625 0.14765625 0.0125 0.028125
2 0.596875 0.08125 0.01171875 0.02109375
2 0.61953125 0.10859375 0.01015625 0.01875
2 0.61875 0.1265625 0.01171875 0.02109375
2 0.5984375 0.15 0.0125 0.02578125
2 0.609375 0.16875 0.0125 0.028125
2 0.62890625 0.146875 0.01171875 0.02578125
2 0.64453125 0.12578125 0.0140625 0.02578125
2 0.66328125 0.115625 0.01171875 0.02265625
2 0.66640625 0.128125 0.01171875 0.02109375
2 0.646875 0.16171875 0.01171875 0.02421875
2 0.684375 0.140625 0.0140625 0.028125
2 0.68984375 0.11796875 0.0109375 0.02109375
2 0.71171875 0.1234375 0.0140625 0.02421875
2 0.59765625 0.23359375 0.01953125 0.03671875
2 0.6421875 0.259375 0.02578125 0.03984375
2 0.6734375 0.18984375 0.0171875 0.0328125
2 0.6875 0.22734375 0.01796875 0.03828125
2 0.6921875 0.27421875 0.01796875 0.04140625
2 0.70234375 0.31875 0.02578125 0.0609375
2 0.71953125 0.19296875 0.015625 0.03125
2 0.70546875 0.18671875 0.01875 0.0328125
2 0.73828125 0.15625 0.0140625 0.028125
2 0.7421875 0.1765625 0.01796875 0.0328125
2 0.759375 0.20390625 0.01796875 0.0328125
2 0.73984375 0.23984375 0.01796875 0.03828125
2 0.7734375 0.25078125 0.01875 0.046875
2 0.79921875 0.2953125 0.025 0.0453125
2 0.80703125 0.2203125 0.01796875 0.034375
2 0.82734375 0.2703125 0.021875 0.046875
2 0.846875 0.2265625 0.0171875 0.03671875
2 0.9171875 0.35859375 0.02578125 0.05390625
2 0.92890625 0.2640625 0.01796875 0.03828125
2 0.95078125 0.22578125 0.01484375 0.03125
2 0.94140625 0.2140625 0.01484375 0.0328125
2 0.9578125 0.20078125 0.0125 0.0296875
2 0.95078125 0.19375 0.0109375 0.02265625
2 0.91796875 0.1625 0.0140625 0.02265625
2 0.9125 0.18671875 0.0140625 0.0328125
2 0.90625 0.18984375 0.0125 0.0328125
2 0.89921875 0.21796875 0.0125 0.03984375
2 0.8859375 0.24453125 0.01953125 0.04140625
2 0.8765625 0.18828125 0.015625 0.0296875
2 0.88046875 0.16640625 0.0125 0.02421875
2 0.8609375 0.1625 0.0109375 0.02578125
2 0.8453125 0.17109375 0.01484375 0.0296875
2 0.83671875 0.1859375 0.01171875 0.02421875
2 0.82265625 0.215625 0.015625 0.02421875
2 0.80078125 0.1765625 0.0125 0.02265625
2 0.80859375 0.14140625 0.0109375 0.02265625
2 0.840625 0.1453125 0.01015625 0.02265625
2 0.78984375 0.15703125 0.01171875 0.02578125
2 0.77734375 0.15390625 0.0125 0.02265625
2 0.78515625 0.1390625 0.01171875 0.02109375
2 0.7640625 0.14296875 0.0125 0.0296875
2 0.75234375 0.3875 0.03046875 0.0625