2 0.19765625 0.446875 0.0375 0.0765625
2 0.23515625 0.20625 0.021875 0.0390625
2 0.4703125 0.1421875 0.01328125 0.02578125
2 0.503125 0.1359375 0.01328125 0.02265625
2 0.49140625 0.165625 0.01796875 0.03125
2 0.5046875 0.18984375 0.01953125 0.0296875
2 0.703125 0.1734375 0.0171875 0.0328125
2 0.72578125 0.17890625 0.01328125 0.028125
2 0.7421875 0.178125 0.01484375 0.0296875
2 0.790625 0.17890625 0.015625 0.03125
2 0.8421875 0.18125 0.01484375 0.0296875
2 0.9015625 0.12265625 0.0140625 0.0328125
2 0.9390625 0.16171875 0.01015625 0.02265625
2 0.94296875 0.18515625 0.01328125 0.02421875
2 0.9390625 0.23203125 0.01484375 0.0328125
2 0.8796875 0.284375 0.01953125 0.04921875