2 0.12734375 0.4765625 0.0421875 0.08203125
2 0.1671875 0.540625 0.05390625 0.09140625
2 0.22421875 0.56640625 0.06015625 0.09765625
2 0.246875 0.49375 0.0421875 0.08515625
2 0.34296875 0.4765625 0.03828125 0.06953125
2 0.32734375 0.62265625 0.07421875 0.1359375
2 0.45 0.68125 0.084375 0.1515625
2 0.57109375 0.871875 0.10625 0.21796875
2 0.76328125 0.70625 0.0703125 0.11328125
2 0.8109375 0.6328125 0.06171875 0.11015625
2 0.859375 0.57109375 0.05390625 0.09453125
2 0.91171875 0.55234375 0.04375 0.07578125
2 0.91171875 0.5125 0.03203125 0.05390625
2 0.93828125 0.4953125 0.028125 0.05703125
2 0.92578125 0.4671875 0.03203125 0.05703125
2 0.94296875 0.44765625 0.021875 0.05078125
2 0.95234375 0.490625 0.03984375 0.06015625
2 0.88984375 0.42890625 0.015625 0.0375
2 0.86484375 0.45078125 0.02578125 0.0375
2 0.83828125 0.43203125 0.0203125 0.0375
2 0.8046875 0.43828125 0.021875 0.04453125
2 0.79609375 0.42109375 0.0203125 0.040625
2 0.75703125 0.43515625 0.02578125 0.05703125
2 0.71484375 0.42421875 0.021875 0.040625
2 0.7140625 0.40078125 0.0203125 0.03125
2 0.6703125 0.41640625 0.02421875 0.04453125
2 0.63828125 0.41484375 0.02421875 0.04765625
2 0.625 0.41953125 0.02578125 0.04453125
2 0.578125 0.43203125 0.0203125 0.04453125
2 0.53203125 0.43671875 0.02421875 0.04765625
2 0.471875 0.43671875 0.028125 0.05390625
2 0.40234375 0.45703125 0.0359375 0.06953125