2 0.24765625 0.34453125 0.05234375 0.09453125
2 0.53203125 0.1921875 0.0234375 0.04375
2 0.5859375 0.1609375 0.01875 0.03984375
2 0.615625 0.22578125 0.01875 0.0453125
2 0.6609375 0.1890625 0.01953125 0.04140625
2 0.66953125 0.2203125 0.0171875 0.03828125
2 0.659375 0.24453125 0.02421875 0.0546875
2 0.70859375 0.196875 0.02109375 0.0453125
2 0.7421875 0.21796875 0.01875 0.03046875
2 0.7296875 0.275 0.02421875 0.05078125
2 0.746875 0.259375 0.02265625 0.046875
2 0.72265625 0.3578125 0.03125 0.07421875
2 0.8078125 0.38515625 0.03046875 0.08515625
2 0.8625 0.425 0.03671875 0.078125
2 0.8171875 0.240625 0.0234375 0.0578125