2 0.26328125 0.259375 0.01328125 0.0203125
2 0.27578125 0.25078125 0.0140625 0.02734375
2 0.29140625 0.259375 0.01796875 0.034375
2 0.3359375 0.23984375 0.021875 0.0453125
2 0.390625 0.26015625 0.015625 0.03203125
2 0.38359375 0.21953125 0.0140625 0.02265625
2 0.36171875 0.19375 0.01640625 0.02734375
2 0.39609375 0.19765625 0.01796875 0.025
2 0.4328125 0.22265625 0.0140625 0.034375
2 0.4640625 0.21796875 0.01640625 0.0390625
2 0.44296875 0.18515625 0.015625 0.03203125
2 0.4265625 0.1640625 0.01171875 0.02265625
2 0.41328125 0.1609375 0.01328125 0.025
2 0.446875 0.1515625 0.01171875 0.0203125
2 0.48671875 0.2046875 0.01328125 0.025
2 0.471875 0.18359375 0.009375 0.025
2 0.484375 0.1640625 0.01171875 0.02734375
2 0.50859375 0.165625 0.01328125 0.034375
2 0.521875 0.19375 0.01640625 0.03671875
2 0.5109375 0.128125 0.01015625 0.01796875
2 0.5234375 0.13125 0.01171875 0.015625
2 0.57734375 0.13671875 0.01171875 0.02265625
2 0.56015625 0.128125 0.01328125 0.02265625
2 0.55234375 0.10859375 0.01015625 0.015625
2 0.58984375 0.103125 0.01015625 0.02265625
2 0.6125 0.096875 0.01171875 0.025
2 0.63828125 0.09609375 0.01171875 0.02265625
2 0.6625 0.10625 0.009375 0.0203125
2 0.6984375 0.1015625 0.01015625 0.0296875
2 0.6375 0.13359375 0.01328125 0.0203125
2 0.59921875 0.1515625 0.01640625 0.0296875
2 0.5484375 0.16875 0.01328125 0.02265625
2 0.49609375 0.2828125 0.01953125 0.0453125
2 0.53046875 0.33125 0.02578125 0.05
2 0.553125 0.25546875 0.01640625 0.04140625
2 0.62421875 0.24296875 0.0203125 0.04765625
2 0.62109375 0.20078125 0.0140625 0.03203125
2 0.65703125 0.21953125 0.015625 0.03203125
2 0.65625 0.17265625 0.0140625 0.034375
2 0.6890625 0.175 0.015625 0.034375
2 0.6734375 0.15859375 0.01015625 0.034375
2 0.73125 0.1109375 0.01171875 0.025
2 0.7390625 0.146875 0.01328125 0.025
2 0.76171875 0.13046875 0.0140625 0.03203125
2 0.7734375 0.16328125 0.0140625 0.025
2 0.7609375 0.21015625 0.015625 0.03671875
2 0.728125 0.18515625 0.01796875 0.03203125
2 0.72265625 0.23984375 0.01796875 0.0453125
2 0.68203125 0.30390625 0.021875 0.0453125
2 0.59609375 0.3265625 0.028125 0.0453125
2 0.74453125 0.32734375 0.02578125 0.05234375
2 0.771875 0.271875 0.0203125 0.05
2 0.80390625 0.234375 0.015625 0.034375
2 0.7828125 0.2 0.0140625 0.0296875
2 0.81015625 0.1609375 0.01328125 0.0296875
2 0.82421875 0.1359375 0.01171875 0.025
2 0.85 0.13359375 0.01015625 0.0203125
2 0.8625 0.13046875 0.009375 0.02265625
2 0.8515625 0.165625 0.01328125 0.0296875
2 0.82109375 0.20859375 0.01640625 0.0390625
2 0.83046875 0.30234375 0.021875 0.04765625
2 0.78203125 0.4015625 0.03125 0.06875
2 0.87890625 0.3421875 0.0234375 0.06875
2 0.9078125 0.29765625 0.01640625 0.04375
2 0.86875 0.21015625 0.0140625 0.03203125
2 0.88359375 0.16796875 0.01015625 0.0296875
2 0.89296875 0.13828125 0.01015625 0.0203125
2 0.9203125 0.15390625 0.01171875 0.025
2 0.909375 0.1953125 0.0140625 0.0390625
2 0.9109375 0.24921875 0.01328125 0.02265625
2 0.85703125 0.25546875 0.0203125 0.05