2 0.18046875 0.46953125 0.04375 0.1
2 0.24921875 0.234375 0.0234375 0.05078125
2 0.26640625 0.228125 0.025 0.05390625
2 0.2984375 0.21953125 0.0171875 0.040625
2 0.31796875 0.2296875 0.01796875 0.040625
2 0.353125 0.17265625 0.0234375 0.0375
2 0.3828125 0.19453125 0.01640625 0.0390625
2 0.41640625 0.2109375 0.02265625 0.0421875
2 0.44921875 0.13984375 0.025 0.040625
2 0.54609375 0.1375 0.01796875 0.0390625
2 0.51328125 0.06484375 0.01015625 0.02109375
2 0.53359375 0.05078125 0.0125 0.0296875
2 0.6375 0.134375 0.0140625 0.02578125
2 0.61640625 0.05546875 0.0140625 0.0296875
2 0.66015625 0.1140625 0.01484375 0.0296875
2 0.6640625 0.1328125 0.01171875 0.028125
2 0.696875 0.065625 0.01640625 0.0296875
2 0.72734375 0.065625 0.01484375 0.0328125
2 0.7546875 0.12890625 0.015625 0.0359375
2 0.77265625 0.1359375 0.0140625 0.0359375
2 0.83125 0.2546875 0.02109375 0.05546875
2 0.8703125 0.18828125 0.01796875 0.0390625
2 0.89375 0.253125 0.01796875 0.04609375
2 0.9234375 0.24765625 0.0203125 0.04765625
2 0.940625 0.18359375 0.0171875 0.034375