2 0.0359375 0.53125 0.0671875 0.15546875
2 0.18671875 0.5625 0.0703125 0.14453125
2 0.18515625 0.496875 0.04765625 0.08671875
2 0.1359375 0.5265625 0.04375 0.0796875
2 0.24140625 0.54296875 0.03828125 0.09140625
2 0.2953125 0.49296875 0.0375 0.06328125
2 0.34296875 0.61953125 0.0625 0.1453125
2 0.3390625 0.48984375 0.03125 0.0796875
2 0.4265625 0.4828125 0.0390625 0.0703125
2 0.45390625 0.5625 0.0609375 0.1203125
2 0.49609375 0.515625 0.03984375 0.078125
2 0.52890625 0.4859375 0.0359375 0.08203125
2 0.6546875 0.353125 0.03046875 0.0578125
2 0.7671875 0.6390625 0.0671875 0.12890625
2 0.7359375 0.59140625 0.0546875 0.10546875
2 0.70234375 0.546875 0.0453125 0.08125
2 0.7 0.503125 0.034375 0.0609375
2 0.7546875 0.50703125 0.0375 0.08125
2 0.828125 0.53671875 0.0421875 0.09296875
2 0.86640625 0.50625 0.03046875 0.065625
2 0.978125 0.6890625 0.0421875 0.1859375
2 0.96953125 0.61640625 0.059375 0.1375
2 0.9390625 0.56015625 0.04765625 0.10703125
2 0.9171875 0.52109375 0.0359375 0.06640625
2 0.9578125 0.49921875 0.04140625 0.07421875