2 0.175 0.459375 0.0453125 0.08671875
2 0.26875 0.225 0.01953125 0.0328125
2 0.29453125 0.24140625 0.025 0.0484375
2 0.34140625 0.225 0.02109375 0.04296875
2 0.3453125 0.1890625 0.0171875 0.03984375
2 0.36484375 0.1921875 0.0140625 0.0359375
2 0.375 0.1984375 0.015625 0.02734375
2 0.39765625 0.2203125 0.01796875 0.0359375
2 0.4125 0.20625 0.02578125 0.05390625
2 0.3890625 0.16875 0.0140625 0.0296875
2 0.446875 0.19765625 0.02109375 0.04296875
2 0.43828125 0.175 0.0140625 0.0296875
2 0.43828125 0.14453125 0.0140625 0.02265625
2 0.478125 0.153125 0.0171875 0.0359375
2 0.48515625 0.13984375 0.0125 0.02421875
2 0.49609375 0.1296875 0.01171875 0.02421875
2 0.51953125 0.1265625 0.01171875 0.0296875
2 0.5078125 0.19375 0.01796875 0.03828125
2 0.51171875 0.1671875 0.01640625 0.02734375
2 0.5296875 0.21484375 0.02265625 0.04296875
2 0.53671875 0.14140625 0.01328125 0.02734375
2 0.54453125 0.14453125 0.0109375 0.02265625
2 0.5578125 0.1390625 0.01328125 0.02578125
2 0.57265625 0.13046875 0.0125 0.02578125
2 0.58125 0.121875 0.0109375 0.02265625
2 0.5765625 0.175 0.0203125 0.04296875
2 0.61171875 0.15859375 0.01640625 0.03828125
2 0.61484375 0.1359375 0.01796875 0.0328125
2 0.60546875 0.1078125 0.01328125 0.0296875
2 0.62265625 0.11953125 0.015625 0.03125
2 0.6359375 0.1015625 0.0125 0.02421875
2 0.6546875 0.10859375 0.01640625 0.03828125
2 0.6734375 0.10546875 0.0140625 0.03125
2 0.6859375 0.11484375 0.0125 0.0296875
2 0.71015625 0.11640625 0.01328125 0.02578125
2 0.5609375 0.303125 0.028125 0.05390625
2 0.56640625 0.259375 0.025 0.0515625
2 0.61171875 0.2484375 0.021875 0.0484375
2 0.6234375 0.21328125 0.0203125 0.0359375
2 0.678125 0.228125 0.02421875 0.04140625
2 0.6671875 0.18828125 0.01953125 0.03828125
2 0.6953125 0.18828125 0.021875 0.04140625
2 0.709375 0.23671875 0.0203125 0.04453125
2 0.675 0.2703125 0.02578125 0.05703125
2 0.7390625 0.2765625 0.02421875 0.05859375
2 0.75 0.259375 0.01796875 0.04140625
2 0.7703125 0.25078125 0.0265625 0.0484375
2 0.73828125 0.2015625 0.0203125 0.03984375
2 0.709375 0.16640625 0.01953125 0.0359375
2 0.759375 0.18125 0.0171875 0.02734375
2 0.76875 0.12421875 0.015625 0.03125
2 0.79375 0.159375 0.01328125 0.0296875
2 0.78203125 0.1484375 0.01328125 0.03125
2 0.81640625 0.1234375 0.0125 0.02578125
2 0.80625 0.15078125 0.01640625 0.0359375
2 0.83125 0.16171875 0.0140625 0.0328125
2 0.84765625 0.15078125 0.0125 0.02578125
2 0.85546875 0.1953125 0.015625 0.034375
2 0.83828125 0.2078125 0.01796875 0.0359375
2 0.84375 0.23125 0.0203125 0.034375
2 0.878125 0.25546875 0.02109375 0.0625
2 0.82421875 0.3625 0.028125 0.0484375
2 0.91640625 0.39609375 0.0265625 0.05703125
2 0.92421875 0.28828125 0.025 0.05546875
2 0.9203125 0.2453125 0.02265625 0.04140625
2 0.940625 0.19609375 0.0125 0.0359375
2 0.93359375 0.17109375 0.01328125 0.03125
2 0.90390625 0.15625 0.01328125 0.0328125
2 0.8953125 0.19609375 0.0171875 0.0359375
2 0.88046875 0.1609375 0.01640625 0.03125
2 0.8671875 0.171875 0.0171875 0.0359375