2 0.19609375 0.44453125 0.0484375 0.09296875
2 0.43359375 0.15625 0.01328125 0.02890625
2 0.45546875 0.15859375 0.0171875 0.03046875
2 0.48359375 0.17890625 0.02109375 0.03671875
2 0.50703125 0.1875 0.01796875 0.03359375
2 0.48515625 0.134375 0.0125 0.03203125
2 0.50546875 0.1421875 0.01796875 0.02890625
2 0.52890625 0.14453125 0.0171875 0.03203125
2 0.7015625 0.18359375 0.01875 0.03671875
2 0.7203125 0.1921875 0.01875 0.040625
2 0.74296875 0.18671875 0.01796875 0.03515625
2 0.7609375 0.18203125 0.01796875 0.03359375
2 0.80078125 0.17890625 0.0171875 0.03671875
2 0.83828125 0.19296875 0.01640625 0.0421875
2 0.88203125 0.29140625 0.02109375 0.05703125
2 0.90859375 0.16875 0.0171875 0.03671875
2 0.9453125 0.1734375 0.015625 0.03359375
2 0.93828125 0.23046875 0.015625 0.0390625