2 0.225 0.5 0.04296875 0.084375
2 0.28515625 0.2203125 0.01875 0.0359375
2 0.30703125 0.22265625 0.01796875 0.034375
2 0.325 0.1796875 0.01796875 0.034375
2 0.33515625 0.20625 0.0171875 0.03046875
2 0.35625 0.2390625 0.01875 0.0375
2 0.35 0.2078125 0.01171875 0.025
2 0.3734375 0.1984375 0.01875 0.0359375
2 0.40390625 0.259375 0.02421875 0.046875
2 0.39296875 0.18984375 0.01875 0.0359375
2 0.41171875 0.15625 0.01328125 0.0265625
2 0.43203125 0.16484375 0.01484375 0.025
2 0.4359375 0.209375 0.015625 0.0390625
2 0.45859375 0.21171875 0.01796875 0.034375
2 0.48828125 0.21484375 0.01875 0.04296875
2 0.48828125 0.18359375 0.02109375 0.03046875
2 0.47421875 0.153125 0.0171875 0.034375
2 0.48984375 0.1546875 0.01875 0.03046875
2 0.51015625 0.18046875 0.01875 0.04296875
2 0.50234375 0.11953125 0.0140625 0.03203125
2 0.5203125 0.11875 0.0140625 0.0234375
2 0.51640625 0.1421875 0.0140625 0.03046875
2 0.54296875 0.12421875 0.01328125 0.0265625
2 0.54609375 0.1484375 0.015625 0.02890625
2 0.55078125 0.17890625 0.01875 0.0390625
2 0.571875 0.17734375 0.01875 0.03203125
2 0.5765625 0.1234375 0.0140625 0.03203125
2 0.59921875 0.1171875 0.015625 0.03046875
2 0.61796875 0.12265625 0.0171875 0.0375
2 0.63125 0.1171875 0.01328125 0.0265625
2 0.61875 0.16015625 0.02109375 0.0375
2 0.5875 0.1578125 0.015625 0.025
2 0.65625 0.12421875 0.0140625 0.0265625
2 0.665625 0.109375 0.01484375 0.025
2 0.67421875 0.1296875 0.015625 0.034375
2 0.70546875 0.10859375 0.01171875 0.0265625
2 0.53828125 0.30390625 0.03203125 0.0609375
2 0.55 0.253125 0.02734375 0.0625
2 0.60859375 0.26796875 0.02890625 0.05390625
2 0.6 0.334375 0.02890625 0.071875
2 0.66796875 0.3703125 0.0359375 0.071875
2 0.74765625 0.396875 0.040625 0.075
2 0.7328125 0.2953125 0.02890625 0.0609375
2 0.6203125 0.2296875 0.02421875 0.04140625
2 0.6609375 0.203125 0.025 0.0515625
2 0.6921875 0.20234375 0.021875 0.04296875
2 0.69609375 0.16015625 0.02109375 0.04453125
2 0.7484375 0.17109375 0.01796875 0.0375
2 0.746875 0.1296875 0.01484375 0.0375
2 0.76875 0.14296875 0.0171875 0.03203125
2 0.7890625 0.1765625 0.015625 0.0375
2 0.7640625 0.25078125 0.021875 0.05
2 0.7265625 0.23828125 0.02265625 0.046875
2 0.79296875 0.22421875 0.01875 0.034375
2 0.8125 0.25078125 0.01875 0.05703125
2 0.784375 0.3203125 0.03515625 0.0859375
2 0.8609375 0.290625 0.028125 0.059375
2 0.8734375 0.2484375 0.025 0.05703125
2 0.91015625 0.3078125 0.02421875 0.05703125
2 0.89765625 0.37890625 0.025 0.0609375