2 0.19921875 0.409375 0.04453125 0.08984375
2 0.27578125 0.2625 0.01875 0.0296875
2 0.28984375 0.253125 0.01875 0.034375
2 0.321875 0.25625 0.015625 0.04140625
2 0.34296875 0.27578125 0.0203125 0.04296875
2 0.38203125 0.26640625 0.0234375 0.04453125
2 0.409375 0.2625 0.02265625 0.05
2 0.30859375 0.2265625 0.0203125 0.0359375
2 0.33203125 0.22109375 0.0171875 0.0375
2 0.4140625 0.2203125 0.01953125 0.04609375
2 0.434375 0.22265625 0.01875 0.04296875
2 0.5109375 0.296875 0.02265625 0.05390625
2 0.48515625 0.228125 0.02109375 0.05
2 0.4015625 0.18984375 0.0171875 0.0375
2 0.42265625 0.171875 0.0171875 0.0359375
2 0.45234375 0.14296875 0.0140625 0.034375
2 0.46953125 0.1515625 0.0140625 0.03125
2 0.5015625 0.18671875 0.01484375 0.0328125
2 0.5 0.125 0.0125 0.02734375
2 0.51875 0.1453125 0.01484375 0.02734375
2 0.52265625 0.11875 0.01484375 0.02578125
2 0.5390625 0.16875 0.015625 0.03125
2 0.54765625 0.19296875 0.01484375 0.0375
2 0.56953125 0.165625 0.0203125 0.0375
2 0.56328125 0.1296875 0.01484375 0.03125
2 0.59453125 0.14453125 0.0140625 0.034375
2 0.59296875 0.1109375 0.01328125 0.0328125
2 0.615625 0.14765625 0.0140625 0.0328125
2 0.62421875 0.12890625 0.01328125 0.0328125
2 0.64765625 0.11484375 0.0125 0.0328125
2 0.66796875 0.1171875 0.0140625 0.03125
2 0.5515625 0.2984375 0.03046875 0.05703125
2 0.57578125 0.2453125 0.021875 0.046875
2 0.6109375 0.24921875 0.02421875 0.053125
2 0.63046875 0.20390625 0.01953125 0.04453125
2 0.65390625 0.165625 0.0203125 0.04296875
2 0.66953125 0.19609375 0.01953125 0.04140625
2 0.6515625 0.2640625 0.02578125 0.0484375
2 0.70234375 0.30859375 0.0296875 0.065625
2 0.71953125 0.26171875 0.02421875 0.06015625
2 0.70078125 0.2296875 0.01953125 0.0484375
2 0.6796875 0.1625 0.01640625 0.03125
2 0.7078125 0.18125 0.01953125 0.0375
2 0.72109375 0.14921875 0.0171875 0.04453125
2 0.7453125 0.190625 0.01953125 0.046875
2 0.7484375 0.234375 0.0203125 0.0484375
2 0.7484375 0.346875 0.03359375 0.06875
2 0.80078125 0.2921875 0.02109375 0.06171875
2 0.8203125 0.246875 0.021875 0.05390625
2 0.859375 0.290625 0.02265625 0.0640625
2 0.871875 0.2484375 0.021875 0.05390625
2 0.88203125 0.21953125 0.0171875 0.05
2 0.88828125 0.18984375 0.01640625 0.03984375
2 0.8796875 0.14296875 0.0140625 0.03125
2 0.9140625 0.26328125 0.01953125 0.05546875
2 0.78359375 0.20859375 0.0171875 0.0375
2 0.76484375 0.178125 0.01640625 0.03828125
2 0.7671875 0.1375 0.0140625 0.0328125
2 0.7859375 0.1453125 0.0140625 0.0359375
2 0.80625 0.1671875 0.01640625 0.04296875
2 0.81953125 0.15078125 0.015625 0.04140625
2 0.84296875 0.1796875 0.01875 0.04296875
2 0.8328125 0.153125 0.01328125 0.02578125