2 0.3328125 0.19609375 0.021875 0.03515625
2 0.3796875 0.1921875 0.01875 0.0296875
2 0.39453125 0.1703125 0.01484375 0.03125
2 0.42578125 0.1734375 0.01484375 0.03359375
2 0.4421875 0.17734375 0.01796875 0.03359375
2 0.4515625 0.1453125 0.0125 0.03125
2 0.4640625 0.14765625 0.01640625 0.03125
2 0.47109375 0.175 0.01953125 0.03515625
2 0.49140625 0.16484375 0.0171875 0.0390625
2 0.4890625 0.13203125 0.0171875 0.02421875
2 0.484375 0.15703125 0.0125 0.0265625
2 0.50859375 0.13046875 0.0140625 0.02421875
2 0.52578125 0.13125 0.01328125 0.03125
2 0.51875 0.18203125 0.01640625 0.0390625
2 0.53125 0.16484375 0.0171875 0.03125
2 0.5546875 0.146875 0.0171875 0.03828125
2 0.5640625 0.18671875 0.0171875 0.0296875
2 0.5703125 0.11640625 0.0125 0.03203125
2 0.5828125 0.15078125 0.015625 0.03359375
2 0.59296875 0.12109375 0.0125 0.025
2 0.609375 0.12890625 0.015625 0.0296875
2 0.6125 0.153125 0.01484375 0.0296875
2 0.64609375 0.15625 0.01875 0.03125
2 0.646875 0.13125 0.01328125 0.025
2 0.6453125 0.1125 0.01015625 0.01953125
2 0.63125 0.1046875 0.0125 0.02421875
2 0.67265625 0.11484375 0.01015625 0.02109375
2 0.67890625 0.13046875 0.0125 0.02421875
2 0.690625 0.1109375 0.01328125 0.02265625
2 0.6984375 0.128125 0.01328125 0.028125
2 0.72109375 0.1203125 0.0109375 0.0265625
2 0.60625 0.23828125 0.02421875 0.05078125
2 0.63359375 0.21171875 0.02265625 0.04921875
2 0.67421875 0.1890625 0.0203125 0.04375
2 0.68359375 0.22421875 0.02109375 0.05078125
2 0.71953125 0.23515625 0.0203125 0.05390625
2 0.6890625 0.3 0.04296875 0.0875
2 0.71171875 0.1765625 0.0140625 0.03515625
2 0.72578125 0.19296875 0.0203125 0.0421875
2 0.75078125 0.17265625 0.01640625 0.03828125
2 0.7484375 0.14765625 0.01484375 0.028125
2 0.734375 0.1671875 0.0140625 0.0265625
2 0.77265625 0.13984375 0.0109375 0.02421875
2 0.78046875 0.13515625 0.0109375 0.028125
2 0.79375 0.171875 0.015625 0.03671875
2 0.7984375 0.15078125 0.01328125 0.025
2 0.81171875 0.171875 0.01640625 0.03671875
2 0.80546875 0.21484375 0.02109375 0.04375
2 0.8375 0.18515625 0.01640625 0.03828125
2 0.82734375 0.15703125 0.01484375 0.0296875
2 0.8421875 0.1375 0.01328125 0.03203125
2 0.85078125 0.17109375 0.0125 0.03515625
2 0.87734375 0.13828125 0.01328125 0.03125
2 0.87734375 0.19921875 0.01796875 0.04375
2 0.896875 0.271875 0.0203125 0.05390625
2 0.903125 0.22578125 0.01875 0.04609375
2 0.9109375 0.20390625 0.01484375 0.03359375
2 0.90390625 0.1484375 0.015625 0.03203125
2 0.93515625 0.18359375 0.015625 0.040625
2 0.95625 0.22578125 0.01796875 0.040625
2 0.95078125 0.19765625 0.015625 0.03828125
2 0.96015625 0.175 0.0109375 0.03125