2 0.21328125 0.36171875 0.0390625 0.08125
2 0.30859375 0.2375 0.01875 0.03828125
2 0.3171875 0.2171875 0.01875 0.03125
2 0.334375 0.2390625 0.01875 0.03984375
2 0.34609375 0.203125 0.015625 0.03125
2 0.35234375 0.178125 0.01328125 0.0296875
2 0.37421875 0.20078125 0.01875 0.03671875
2 0.37734375 0.2453125 0.01875 0.03984375
2 0.4109375 0.24296875 0.0203125 0.04140625
2 0.4 0.19453125 0.0171875 0.03125
2 0.41171875 0.20390625 0.01953125 0.0296875
2 0.4140625 0.16953125 0.01640625 0.0296875
2 0.434375 0.140625 0.0125 0.028125
2 0.4515625 0.21953125 0.0203125 0.03984375
2 0.4421875 0.178125 0.0203125 0.03671875
2 0.4625 0.14921875 0.015625 0.03125
2 0.4734375 0.1328125 0.01640625 0.02265625
2 0.48125 0.1546875 0.01484375 0.034375
2 0.4875 0.18515625 0.015625 0.03671875
2 0.48515625 0.2234375 0.02265625 0.03984375
2 0.49296875 0.27421875 0.02890625 0.059375
2 0.49453125 0.13984375 0.015625 0.0296875
2 0.50546875 0.125 0.0109375 0.02421875
2 0.51171875 0.14921875 0.01640625 0.03125
2 0.51875 0.13359375 0.01484375 0.02109375
2 0.528125 0.1265625 0.0125 0.028125
2 0.5203125 0.171875 0.015625 0.034375
2 0.5578125 0.1796875 0.01484375 0.03671875
2 0.55234375 0.15703125 0.01484375 0.0296875
2 0.55625 0.13828125 0.0109375 0.02265625
2 0.55625 0.125 0.01484375 0.028125
2 0.5796875 0.1171875 0.01328125 0.0296875
2 0.59140625 0.11171875 0.01328125 0.0296875
2 0.5890625 0.1421875 0.0171875 0.03125
2 0.5890625 0.17265625 0.01484375 0.0328125
2 0.62890625 0.15078125 0.01484375 0.03125
2 0.61953125 0.1265625 0.01171875 0.02421875
2 0.6109375 0.11640625 0.01171875 0.03125
2 0.61953125 0.10703125 0.009375 0.02265625
2 0.6390625 0.11640625 0.015625 0.02421875
2 0.65625 0.11953125 0.01171875 0.028125
2 0.6640625 0.146875 0.0125 0.0328125
2 0.67109375 0.1015625 0.01171875 0.02578125
2 0.68984375 0.1171875 0.01328125 0.0296875
2 0.69765625 0.09921875 0.01171875 0.02421875
2 0.725 0.1109375 0.01171875 0.02421875
2 0.70625 0.1484375 0.015625 0.0296875
2 0.709375 0.1796875 0.0171875 0.04375
2 0.671875 0.1875 0.02109375 0.03828125
2 0.634375 0.2359375 0.02109375 0.0484375
2 0.625 0.22421875 0.0171875 0.034375
2 0.56953125 0.2546875 0.02265625 0.03984375
2 0.5546875 0.278125 0.02421875 0.0484375
2 0.609375 0.33828125 0.028125 0.065625
2 0.69453125 0.30390625 0.02421875 0.05546875
2 0.68671875 0.271875 0.0234375 0.05
2 0.7234375 0.2328125 0.01875 0.0453125
2 0.7328125 0.3 0.028125 0.05546875
2 0.775 0.2515625 0.025 0.0484375
2 0.76484375 0.1953125 0.02109375 0.03984375
2 0.75546875 0.171875 0.0171875 0.03125
2 0.73984375 0.1390625 0.015625 0.034375
2 0.75625 0.128125 0.0125 0.03125
2 0.77890625 0.15703125 0.01640625 0.0296875
2 0.78671875 0.13828125 0.0125 0.02578125
2 0.803125 0.1625 0.01328125 0.0296875
2 0.8140625 0.1515625 0.01484375 0.0296875
2 0.809375 0.2046875 0.015625 0.034375
2 0.825 0.24375 0.02109375 0.05
2 0.7796875 0.34609375 0.02421875 0.046875
2 0.746875 0.40625 0.03203125 0.0765625
2 0.81953125 0.4046875 0.03671875 0.0625
2 0.83828125 0.35859375 0.02734375 0.05
2 0.90859375 0.42734375 0.03203125 0.07265625
2 0.91875 0.34375 0.028125 0.0625
2 0.92890625 0.2859375 0.02109375 0.04375
2 0.896875 0.23203125 0.0171875 0.03984375
2 0.8734375 0.26796875 0.02265625 0.05390625
2 0.940625 0.2109375 0.01640625 0.04375