2 0.2015625 0.35390625 0.046875 0.08515625
2 0.29140625 0.2234375 0.02265625 0.03828125
2 0.32890625 0.23359375 0.0203125 0.04140625
2 0.33203125 0.2109375 0.01640625 0.03125
2 0.3515625 0.1953125 0.01484375 0.03125
2 0.346875 0.17578125 0.01328125 0.0296875
2 0.3765625 0.19609375 0.01640625 0.03671875
2 0.3578125 0.24375 0.02109375 0.04140625
2 0.37890625 0.246875 0.01953125 0.03671875
2 0.41484375 0.23984375 0.02421875 0.04296875
2 0.4109375 0.21640625 0.01953125 0.03125
2 0.39765625 0.1890625 0.0171875 0.0328125
2 0.42421875 0.14375 0.0109375 0.02421875
2 0.4359375 0.16484375 0.01640625 0.02578125
2 0.446875 0.14609375 0.01484375 0.0296875
2 0.46484375 0.1625 0.0171875 0.034375
2 0.46875 0.13515625 0.0109375 0.02421875
2 0.48046875 0.17421875 0.015625 0.0328125
2 0.45078125 0.21640625 0.02109375 0.03828125
2 0.47890625 0.225 0.01953125 0.04140625
2 0.49140625 0.14765625 0.0171875 0.0328125
2 0.49140625 0.12890625 0.01328125 0.02265625
2 0.50078125 0.1140625 0.015625 0.03125
2 0.509375 0.13828125 0.01484375 0.03125
2 0.5234375 0.12265625 0.01328125 0.03125
2 0.53203125 0.1765625 0.015625 0.034375
2 0.4953125 0.28125 0.02734375 0.0609375
2 0.546875 0.2921875 0.03203125 0.065625
2 0.565625 0.23203125 0.02421875 0.0453125
2 0.55546875 0.175 0.01640625 0.03125
2 0.5515625 0.15390625 0.01484375 0.03125
2 0.5640625 0.1484375 0.0125 0.034375
2 0.5828125 0.1640625 0.01875 0.03828125
2 0.54609375 0.14375 0.0109375 0.02421875
2 0.54765625 0.1234375 0.01484375 0.02578125
2 0.58203125 0.11484375 0.01171875 0.0328125
2 0.59375 0.13125 0.01328125 0.03125
2 0.6171875 0.16171875 0.0171875 0.0328125
2 0.62265625 0.1234375 0.0125 0.0296875
2 0.60546875 0.11171875 0.01328125 0.0296875
2 0.63671875 0.103125 0.01171875 0.02578125
2 0.6453125 0.13046875 0.01328125 0.0328125
2 0.65078125 0.11640625 0.01328125 0.02265625
2 0.66328125 0.10234375 0.00859375 0.02421875
2 0.68125 0.115625 0.01171875 0.02421875
2 0.68671875 0.0984375 0.01328125 0.02109375
2 0.61171875 0.240625 0.0234375 0.0484375
2 0.6171875 0.2234375 0.01953125 0.034375
2 0.61015625 0.31953125 0.02890625 0.05703125
2 0.70234375 0.3125 0.02890625 0.0609375
2 0.6859375 0.24375 0.02265625 0.05546875
2 0.66953125 0.178125 0.01953125 0.04140625
2 0.69609375 0.15546875 0.015625 0.03125
2 0.7125 0.1765625 0.01875 0.04140625
2 0.71640625 0.109375 0.0109375 0.02734375
2 0.74609375 0.13359375 0.015625 0.034375
2 0.76875 0.1546875 0.01484375 0.0328125
2 0.75703125 0.18359375 0.0171875 0.03828125
2 0.71640625 0.23046875 0.02421875 0.0484375
2 0.72734375 0.19296875 0.01640625 0.03984375
2 0.75859375 0.27109375 0.02265625 0.05
2 0.73046875 0.284375 0.025 0.05390625
2 0.75078125 0.36640625 0.03359375 0.065625
2 0.7765625 0.30859375 0.02578125 0.05390625
2 0.8109375 0.28125 0.0234375 0.0609375
2 0.83203125 0.30546875 0.02578125 0.0640625
2 0.8 0.2171875 0.01875 0.04296875
2 0.790625 0.1703125 0.0171875 0.03671875
2 0.871875 0.25859375 0.01953125 0.05
2 0.87578125 0.2234375 0.01875 0.0484375
2 0.91640625 0.32890625 0.0234375 0.05859375
2 0.91875 0.28671875 0.02109375 0.05
2 0.89375 0.4125 0.0375 0.078125
2 0.81484375 0.39296875 0.0390625 0.07578125
2 0.928125 0.209375 0.01328125 0.03828125