2 0.3765625 0.17265625 0.01640625 0.02734375
2 0.41015625 0.171875 0.01640625 0.03359375
2 0.41796875 0.15078125 0.0125 0.0296875
2 0.43671875 0.165625 0.01484375 0.0296875
2 0.45078125 0.16640625 0.0140625 0.03125
2 0.4578125 0.1421875 0.0140625 0.025
2 0.47265625 0.15234375 0.0125 0.03125
2 0.48046875 0.17890625 0.0171875 0.0359375
2 0.4828125 0.146875 0.0140625 0.03359375
2 0.49609375 0.12265625 0.0125 0.02734375
2 0.50625 0.13828125 0.01484375 0.025
2 0.51953125 0.125 0.01171875 0.02734375
2 0.50390625 0.17890625 0.0171875 0.0359375
2 0.540625 0.1453125 0.0140625 0.03125
2 0.55625 0.11328125 0.0125 0.025
2 0.56875 0.1390625 0.01640625 0.03125
2 0.57890625 0.11015625 0.01171875 0.03125
2 0.5953125 0.121875 0.01640625 0.03359375
2 0.596875 0.15390625 0.0140625 0.03125
2 0.6109375 0.09765625 0.01171875 0.0234375
2 0.6265625 0.134375 0.01484375 0.03359375
2 0.65234375 0.1015625 0.01015625 0.02734375
2 0.6546875 0.1203125 0.01171875 0.0234375
2 0.66953125 0.1109375 0.01484375 0.0296875
2 0.61953125 0.21875 0.021875 0.04375
2 0.68203125 0.3125 0.040625 0.0921875
2 0.67109375 0.22109375 0.02109375 0.04375
2 0.678125 0.190625 0.01484375 0.0421875
2 0.69140625 0.17265625 0.01953125 0.04375
2 0.70859375 0.19296875 0.0234375 0.0546875
2 0.69765625 0.2359375 0.0265625 0.0609375
2 0.73046875 0.17421875 0.0140625 0.03359375
2 0.7265625 0.14375 0.0171875 0.02734375
2 0.72578125 0.0828125 0.0125 0.0359375
2 0.70546875 0.1203125 0.0140625 0.02734375
2 0.75078125 0.128125 0.01484375 0.0375
2 0.76484375 0.12890625 0.0125 0.03125
2 0.76875 0.18125 0.01484375 0.0359375
2 0.775 0.15390625 0.0140625 0.03125
2 0.7953125 0.16015625 0.01484375 0.0359375
2 0.80625 0.15 0.0171875 0.03125
2 0.81953125 0.13515625 0.0140625 0.03125
2 0.82578125 0.18203125 0.01484375 0.0375
2 0.79453125 0.2015625 0.02109375 0.0375
2 0.87265625 0.26484375 0.01875 0.05234375
2 0.89765625 0.2046875 0.01640625 0.0359375
2 0.91015625 0.17578125 0.01875 0.0421875
2 0.92578125 0.23046875 0.01953125 0.0375
2 0.93203125 0.209375 0.0171875 0.0296875
2 0.93125 0.18203125 0.01171875 0.0296875
2 0.9578125 0.12578125 0.01640625 0.03359375