2 0.0890625 0.2703125 0.0171875 0.040625
2 0.26328125 0.39453125 0.04765625 0.10078125
2 0.296875 0.1671875 0.0140625 0.0359375
2 0.2921875 0.2265625 0.01875 0.040625
2 0.325 0.228125 0.0203125 0.040625
2 0.36953125 0.17578125 0.02265625 0.04375
2 0.38671875 0.2 0.0203125 0.0484375
2 0.4140625 0.209375 0.02421875 0.0453125
2 0.47109375 0.140625 0.0203125 0.04375
2 0.53046875 0.059375 0.0125 0.02109375
2 0.63359375 0.1375 0.01640625 0.03046875
2 0.653125 0.1171875 0.0140625 0.02890625
2 0.653125 0.13828125 0.0171875 0.0359375
2 0.6703125 0.06015625 0.01640625 0.0328125
2 0.7484375 0.13359375 0.01484375 0.0375
2 0.76328125 0.1421875 0.0171875 0.034375
2 0.81015625 0.246875 0.02109375 0.05859375
2 0.859375 0.1890625 0.01328125 0.0375
2 0.88046875 0.253125 0.0171875 0.0484375
2 0.91328125 0.25234375 0.02109375 0.040625
2 0.928125 0.1859375 0.01484375 0.0375