2 0.06796875 0.53359375 0.0484375 0.10390625
2 0.26328125 0.22109375 0.02109375 0.03671875
2 0.315625 0.20625 0.0171875 0.03359375
2 0.31875 0.18125 0.01875 0.03984375
2 0.34296875 0.19921875 0.01796875 0.0453125
2 0.36171875 0.1875 0.01953125 0.03671875
2 0.37265625 0.16875 0.015625 0.03515625
2 0.41640625 0.1578125 0.01796875 0.04296875
2 0.403125 0.20546875 0.01640625 0.03828125
2 0.3703125 0.234375 0.0265625 0.0484375
2 0.44140625 0.265625 0.0234375 0.046875
2 0.4359375 0.17578125 0.01875 0.04296875
2 0.459375 0.1484375 0.01796875 0.03203125
2 0.47578125 0.12890625 0.01484375 0.0265625
2 0.4828125 0.14453125 0.0171875 0.03359375
2 0.503125 0.13046875 0.0140625 0.0265625
2 0.5 0.18125 0.0171875 0.03671875
2 0.48046875 0.203125 0.01875 0.03984375
2 0.5328125 0.190625 0.01796875 0.03515625
2 0.53671875 0.1390625 0.01953125 0.03671875
2 0.559375 0.1390625 0.015625 0.03359375
2 0.56171875 0.1125 0.01640625 0.03046875
2 0.58125 0.121875 0.01875 0.03203125
2 0.59921875 0.11171875 0.01640625 0.0296875
2 0.61171875 0.15234375 0.01171875 0.03203125
2 0.596875 0.1703125 0.015625 0.03515625
2 0.6203125 0.16953125 0.015625 0.03671875
2 0.6203125 0.134375 0.01953125 0.03359375
2 0.6359375 0.10703125 0.01484375 0.03828125
2 0.653125 0.11640625 0.01171875 0.03359375
2 0.65390625 0.16015625 0.0125 0.03203125
2 0.65546875 0.2203125 0.01875 0.053125
2 0.615625 0.24921875 0.0265625 0.04296875
2 0.5671875 0.303125 0.02265625 0.06015625
2 0.6078125 0.3234375 0.02421875 0.05546875
2 0.6625 0.34921875 0.02734375 0.05546875
2 0.671875 0.11953125 0.01328125 0.03359375
2 0.68671875 0.134375 0.0171875 0.03359375
2 0.71796875 0.1328125 0.01484375 0.03671875
2 0.71484375 0.18359375 0.0171875 0.03203125
2 0.7171875 0.23359375 0.01796875 0.053125
2 0.74140625 0.1734375 0.01875 0.03828125
2 0.76171875 0.16953125 0.01640625 0.03671875
2 0.78125 0.14765625 0.01484375 0.03046875
2 0.78125 0.1796875 0.015625 0.03984375
2 0.74609375 0.20546875 0.0203125 0.04375
2 0.7671875 0.2453125 0.01796875 0.04375
2 0.72265625 0.36171875 0.02734375 0.06328125
2 0.809375 0.16953125 0.01796875 0.03671875
2 0.8328125 0.1875 0.01484375 0.03671875
2 0.81640625 0.20625 0.01640625 0.04296875
2 0.8 0.22265625 0.01875 0.0484375
2 0.81796875 0.2609375 0.02109375 0.0546875
2 0.8015625 0.39609375 0.028125 0.075
2 0.85625 0.45546875 0.028125 0.0703125
2 0.86640625 0.31484375 0.0203125 0.0515625
2 0.8921875 0.359375 0.02265625 0.06015625
2 0.8734375 0.1984375 0.0140625 0.03828125
2 0.86875 0.21328125 0.015625 0.03671875
2 0.88984375 0.24921875 0.01640625 0.0453125
2 0.90703125 0.21328125 0.01328125 0.03515625
2 0.909375 0.1953125 0.015625 0.03828125
2 0.9453125 0.20390625 0.01328125 0.03515625
2 0.93671875 0.23125 0.01484375 0.03671875
2 0.9234375 0.2953125 0.01796875 0.05546875
2 0.94453125 0.3328125 0.0203125 0.06015625
2 0.9796875 0.22421875 0.01171875 0.028125
2 0.97578125 0.25546875 0.01171875 0.03515625
2 0.9765625 0.28125 0.01328125 0.03671875
2 0.97890625 0.31796875 0.0140625 0.0453125
2 0.95390625 0.40625 0.01953125 0.06328125