2 0.19921875 0.39921875 0.0390625 0.08046875
2 0.2671875 0.26953125 0.01640625 0.03515625
2 0.29140625 0.2484375 0.01484375 0.03515625
2 0.309375 0.21875 0.0125 0.03203125
2 0.33125 0.21484375 0.01796875 0.03203125
2 0.32265625 0.27734375 0.02109375 0.0421875
2 0.38984375 0.246875 0.01953125 0.040625
2 0.41484375 0.25625 0.0203125 0.0390625
2 0.38984375 0.18515625 0.0140625 0.03203125
2 0.4 0.17421875 0.0140625 0.03203125
2 0.42421875 0.16015625 0.01796875 0.040625
2 0.42578125 0.19375 0.01875 0.040625
2 0.44296875 0.15546875 0.01328125 0.03203125
2 0.4640625 0.1546875 0.01484375 0.03671875
2 0.4421875 0.2265625 0.01875 0.03359375
2 0.4890625 0.125 0.0125 0.028125
2 0.4953125 0.18671875 0.01328125 0.03203125
2 0.47734375 0.20703125 0.021875 0.0421875
2 0.50703125 0.1265625 0.0109375 0.02265625
2 0.54921875 0.1515625 0.01796875 0.0296875
2 0.578125 0.14375 0.01796875 0.03671875
2 0.5890625 0.10234375 0.015625 0.0296875
2 0.64609375 0.10703125 0.01328125 0.028125
2 0.62265625 0.12578125 0.01796875 0.02421875
2 0.53359375 0.18828125 0.021875 0.03828125
2 0.48671875 0.3015625 0.02109375 0.0390625
2 0.53359375 0.30234375 0.0265625 0.04609375
2 0.56875 0.24140625 0.0171875 0.03828125
2 0.61796875 0.2 0.025 0.0453125
2 0.6609375 0.11484375 0.01328125 0.0296875
2 0.64609375 0.1640625 0.01796875 0.03515625
2 0.646875 0.2046875 0.021875 0.04609375
2 0.62890625 0.2484375 0.0234375 0.04921875
2 0.65234375 0.2609375 0.02265625 0.04375
2 0.68125 0.30859375 0.028125 0.059375
2 0.68125 0.16015625 0.0140625 0.0265625
2 0.6875 0.19296875 0.02109375 0.03125
2 0.71015625 0.15390625 0.015625 0.0390625
2 0.74453125 0.14375 0.0171875 0.0390625
2 0.75859375 0.125 0.0203125 0.03359375
2 0.740625 0.18125 0.01953125 0.03203125
2 0.70546875 0.2109375 0.01640625 0.0421875
2 0.70546875 0.284375 0.0203125 0.05078125
2 0.7421875 0.2171875 0.01953125 0.03671875
2 0.76796875 0.34375 0.0265625 0.06484375
2 0.78828125 0.1390625 0.01328125 0.03125
2 0.77734375 0.16796875 0.01171875 0.03671875
2 0.77421875 0.2125 0.02421875 0.0453125
2 0.80703125 0.2234375 0.021875 0.05234375
2 0.7921875 0.265625 0.02109375 0.04921875
2 0.79609375 0.1734375 0.01484375 0.03125
2 0.82578125 0.13359375 0.0125 0.03359375
2 0.8625 0.14375 0.01328125 0.03359375
2 0.87890625 0.18984375 0.01328125 0.03359375
2 0.83125 0.19375 0.0171875 0.03515625
2 0.853125 0.253125 0.02109375 0.0578125
2 0.83828125 0.31953125 0.02109375 0.0390625
2 0.90703125 0.259375 0.0203125 0.05390625
2 0.8734375 0.2328125 0.0203125 0.04921875
2 0.57734375 0.1734375 0.0203125 0.03359375
2 0.62734375 0.14296875 0.01484375 0.03203125