2 0.0859375 0.7046875 0.0796875 0.10703125
2 0.05859375 0.6609375 0.06015625 0.08359375
2 0.02265625 0.63671875 0.0421875 0.05859375
2 0.0203125 0.61171875 0.03984375 0.05859375
2 0.13203125 0.6171875 0.04140625 0.071875
2 0.1765625 0.4875 0.04765625 0.05703125
2 0.175 0.6953125 0.075 0.12890625
2 0.2421875 0.7640625 0.125 0.215625
2 0.18828125 0.6171875 0.0359375 0.06484375
2 0.2390625 0.65 0.04375 0.06875
2 0.29140625 0.6671875 0.05234375 0.075
2 0.346875 0.67109375 0.05859375 0.1
2 0.48515625 0.834375 0.11484375 0.18671875
2 0.4765625 0.7078125 0.06875 0.11015625
2 0.596875 0.6703125 0.0765625 0.1015625
2 0.68046875 0.753125 0.09140625 0.13671875
2 0.68671875 0.66015625 0.05625 0.0984375
2 0.7296875 0.6734375 0.0671875 0.10546875
2 0.846875 0.65859375 0.0734375 0.11171875