2 0.1640625 0.47734375 0.0421875 0.09921875
2 0.59375 0.21484375 0.01640625 0.03984375
2 0.61015625 0.21640625 0.0109375 0.03515625
2 0.45390625 0.234375 0.01484375 0.02578125
2 0.546875 0.225 0.0125 0.04140625
2 0.50390625 0.24453125 0.0140625 0.03125
2 0.28046875 0.31015625 0.015625 0.03828125
2 0.63828125 0.22265625 0.01484375 0.03671875
2 0.65234375 0.2296875 0.01171875 0.0328125
2 0.66328125 0.2296875 0.0125 0.0328125
2 0.52890625 0.2484375 0.015625 0.03984375
2 0.3484375 0.3 0.01796875 0.03125
2 0.228125 0.34140625 0.01640625 0.04375
2 0.2546875 0.35390625 0.021875 0.04296875
2 0.41328125 0.26171875 0.01796875 0.02265625
2 0.28046875 0.3703125 0.02109375 0.046875
2 0.3234375 0.37265625 0.0203125 0.046875
2 0.346875 0.33984375 0.0140625 0.03984375
2 0.375 0.33515625 0.01796875 0.0453125
2 0.396875 0.3015625 0.015625 0.03828125
2 0.4046875 0.33828125 0.02109375 0.04296875
2 0.43046875 0.3046875 0.02265625 0.03828125
2 0.4375 0.34765625 0.02265625 0.046875
2 0.559375 0.28359375 0.01796875 0.04140625
2 0.49453125 0.33203125 0.02265625 0.05078125
2 0.4578125 0.3078125 0.01875 0.04375
2 0.6140625 0.2984375 0.01953125 0.04296875
2 0.5765625 0.328125 0.01875 0.04296875
2 0.48515625 0.39609375 0.02890625 0.059375
2 0.515625 0.37109375 0.028125 0.05078125
2 0.52578125 0.41171875 0.02734375 0.05390625
2 0.58984375 0.4296875 0.03046875 0.06640625
2 0.6015625 0.37421875 0.02578125 0.046875
2 0.62890625 0.34609375 0.0203125 0.04375
2 0.6796875 0.25703125 0.0234375 0.03984375
2 0.66796875 0.34765625 0.025 0.0453125
2 0.64453125 0.378125 0.03046875 0.0484375
2 0.6515625 0.45078125 0.0296875 0.06640625
2 0.6921875 0.47578125 0.034375 0.0796875
2 0.7125 0.40078125 0.028125 0.05078125
2 0.7296875 0.23125 0.01953125 0.028125
2 0.71875 0.253125 0.015625 0.03125
2 0.703125 0.2921875 0.0203125 0.04140625
2 0.7421875 0.284375 0.01484375 0.034375
2 0.75390625 0.2453125 0.01640625 0.0296875
2 0.78359375 0.24609375 0.0125 0.0328125
2 0.790625 0.303125 0.01640625 0.04375
2 0.81171875 0.259375 0.01640625 0.0328125
2 0.825 0.27421875 0.01796875 0.03671875
2 0.8453125 0.26015625 0.0125 0.034375
2 0.78515625 0.359375 0.0171875 0.04296875
2 0.7671875 0.42578125 0.02265625 0.06640625
2 0.77890625 0.54453125 0.0328125 0.07265625
2 0.821875 0.4546875 0.0296875 0.05703125
2 0.83203125 0.37578125 0.0203125 0.04375
2 0.81328125 0.321875 0.01484375 0.04140625
2 0.865625 0.2859375 0.01484375 0.03515625
2 0.83125 0.325 0.02109375 0.0484375
2 0.846875 0.3078125 0.0234375 0.03515625
2 0.9140625 0.2828125 0.01484375 0.028125
2 0.878125 0.46953125 0.02421875 0.0609375
2 0.87890625 0.40078125 0.0171875 0.04296875
2 0.89765625 0.371875 0.0234375 0.05078125
2 0.44140625 0.259375 0.0171875 0.0296875
2 0.49453125 0.2625 0.01796875 0.03125
2 0.5546875 0.2234375 0.0125 0.0296875
2 0.5875 0.24921875 0.01796875 0.02734375
2 0.61875 0.23046875 0.015625 0.03125
2 0.62421875 0.253125 0.01796875 0.03984375
2 0.65390625 0.27734375 0.0203125 0.03515625
2 0.84765625 0.346875 0.0203125 0.0484375
2 0.90234375 0.29296875 0.0171875 0.03515625
2 0.378125 0.28671875 0.01484375 0.03671875
2 0.421875 0.2828125 0.01796875 0.03671875