2 0.11875 0.503125 0.0421875 0.10078125
2 0.271875 0.234375 0.01640625 0.0390625
2 0.3140625 0.21875 0.01953125 0.040625
2 0.32890625 0.1953125 0.02109375 0.0421875
2 0.3484375 0.21953125 0.02109375 0.0484375
2 0.37109375 0.19609375 0.01875 0.04375
2 0.3828125 0.18671875 0.0171875 0.0359375
2 0.425 0.16640625 0.01640625 0.034375
2 0.41171875 0.22109375 0.0171875 0.0359375
2 0.3859375 0.2390625 0.02109375 0.0390625
2 0.446875 0.2765625 0.0234375 0.05390625
2 0.44296875 0.1859375 0.01796875 0.0375
2 0.46796875 0.1578125 0.01640625 0.0296875
2 0.48359375 0.1484375 0.015625 0.034375
2 0.4875 0.159375 0.0171875 0.0359375
2 0.5078125 0.14375 0.01328125 0.02890625
2 0.48984375 0.22265625 0.0171875 0.0421875
2 0.53828125 0.20703125 0.015625 0.02890625
2 0.54296875 0.1515625 0.01796875 0.0328125
2 0.5671875 0.1265625 0.01640625 0.0328125
2 0.56796875 0.14921875 0.01640625 0.0296875
2 0.5890625 0.13984375 0.01796875 0.0328125
2 0.60625 0.11953125 0.015625 0.03125
2 0.64140625 0.1203125 0.0140625 0.0296875
2 0.653125 0.12734375 0.01328125 0.02890625
2 0.6265625 0.14375 0.015625 0.02265625
2 0.6171875 0.1703125 0.0125 0.03125
2 0.625 0.18359375 0.015625 0.0359375
2 0.5875 0.1875 0.01640625 0.034375
2 0.6625 0.1703125 0.015625 0.0328125
2 0.6953125 0.128125 0.01484375 0.0296875
2 0.690625 0.14921875 0.0140625 0.0296875
2 0.72265625 0.14765625 0.01484375 0.0328125
2 0.78984375 0.159375 0.0171875 0.0296875
2 0.765625 0.17890625 0.0140625 0.0328125
2 0.746875 0.19296875 0.015625 0.040625
2 0.7203125 0.1984375 0.0140625 0.02734375
2 0.6625 0.23828125 0.01640625 0.040625
2 0.625 0.271875 0.02421875 0.05390625
2 0.56953125 0.3328125 0.021875 0.05234375
2 0.615625 0.34296875 0.0234375 0.0484375
2 0.721875 0.23984375 0.01953125 0.046875
2 0.77109375 0.2640625 0.01875 0.040625
2 0.78203125 0.21171875 0.0171875 0.0359375
2 0.8125 0.17890625 0.01484375 0.0328125
2 0.83359375 0.20390625 0.0171875 0.034375
2 0.8046875 0.2375 0.0203125 0.0359375
2 0.8203125 0.27578125 0.01875 0.05
2 0.7515625 0.2125 0.015625 0.034375
2 0.87734375 0.21015625 0.015625 0.02890625
2 0.86953125 0.2203125 0.0140625 0.03125
2 0.9171875 0.20859375 0.01484375 0.02890625
2 0.91015625 0.2296875 0.015625 0.03125
2 0.8953125 0.25234375 0.0203125 0.0390625
2 0.94765625 0.21640625 0.01328125 0.02734375
2 0.98359375 0.2375 0.0109375 0.02421875
2 0.9265625 0.31015625 0.015625 0.05
2 0.946875 0.346875 0.0203125 0.05859375
2 0.9796875 0.284375 0.01484375 0.05390625
2 0.98125 0.334375 0.01875 0.040625
2 0.95390625 0.41875 0.01953125 0.06484375
2 0.89765625 0.38828125 0.0203125 0.06640625
2 0.8671875 0.3328125 0.01875 0.04375
2 0.809375 0.409375 0.025 0.078125
2 0.865625 0.4765625 0.03046875 0.071875
2 0.74609375 0.38359375 0.025 0.06328125
2 0.66484375 0.3671875 0.02421875 0.05703125