2 0.14765625 0.55078125 0.03671875 0.0640625
2 0.21640625 0.34765625 0.01640625 0.03515625
2 0.25546875 0.34765625 0.01953125 0.03515625
2 0.28203125 0.30546875 0.0171875 0.028125
2 0.2828125 0.36328125 0.0171875 0.03515625
2 0.31015625 0.384375 0.021875 0.040625
2 0.3484375 0.29453125 0.01796875 0.03046875
2 0.371875 0.334375 0.01484375 0.02890625
2 0.340625 0.3375 0.01640625 0.028125
2 0.396875 0.3359375 0.0203125 0.03046875
2 0.396875 0.296875 0.01484375 0.02265625
2 0.4 0.26328125 0.0125 0.025
2 0.3859375 0.253125 0.0140625 0.03203125
2 0.45 0.415625 0.0234375 0.05546875
2 0.46640625 0.33359375 0.01875 0.0359375
2 0.49375 0.453125 0.02421875 0.05546875
2 0.559375 0.45625 0.028125 0.0671875
2 0.62265625 0.48046875 0.025 0.06796875
2 0.66640625 0.51640625 0.03671875 0.0640625
2 0.778125 0.5328125 0.025 0.07265625
2 0.75234375 0.4328125 0.02109375 0.05703125
2 0.72109375 0.403125 0.02109375 0.05546875
2 0.6390625 0.3671875 0.02578125 0.0484375
2 0.58203125 0.37265625 0.02734375 0.0421875
2 0.52265625 0.3671875 0.02265625 0.040625
2 0.4921875 0.32421875 0.015625 0.03515625
2 0.55703125 0.27421875 0.0140625 0.03203125
2 0.615625 0.30234375 0.0109375 0.03046875
2 0.5828125 0.325 0.01640625 0.0390625
2 0.42578125 0.30390625 0.01328125 0.025
2 0.45 0.2765625 0.0140625 0.02109375
2 0.51015625 0.27578125 0.01328125 0.025
2 0.4921875 0.27109375 0.01796875 0.0265625
2 0.52734375 0.24921875 0.01171875 0.0265625
2 0.559375 0.23984375 0.0140625 0.01953125
2 0.59453125 0.20078125 0.01171875 0.028125
2 0.60859375 0.2140625 0.00859375 0.02890625
2 0.63984375 0.2125 0.009375 0.02890625
2 0.66171875 0.22265625 0.015625 0.03203125
2 0.69140625 0.2453125 0.01171875 0.0359375
2 0.71328125 0.26015625 0.01484375 0.040625
2 0.72421875 0.2390625 0.01015625 0.03515625
2 0.75390625 0.234375 0.0125 0.03359375
2 0.78828125 0.24140625 0.0140625 0.03046875
2 0.79296875 0.296875 0.01640625 0.03046875
2 0.73515625 0.2953125 0.01875 0.0359375
2 0.68671875 0.2953125 0.01796875 0.0359375
2 0.65078125 0.28046875 0.01796875 0.03046875
2 0.66484375 0.31328125 0.0171875 0.02890625
2 0.6703125 0.35390625 0.0203125 0.040625
2 0.6171875 0.25625 0.0140625 0.028125
2 0.5921875 0.24140625 0.0125 0.025
2 0.5578125 0.21328125 0.01015625 0.028125
2 0.54296875 0.22109375 0.0171875 0.02109375
2 0.8203125 0.4625 0.02890625 0.05703125
2 0.890625 0.45546875 0.02109375 0.0515625
2 0.89453125 0.40234375 0.021875 0.040625
2 0.83046875 0.3953125 0.01953125 0.0515625
2 0.78671875 0.36328125 0.01640625 0.0484375
2 0.80234375 0.340625 0.01484375 0.040625
2 0.81953125 0.31953125 0.01328125 0.028125
2 0.8328125 0.3078125 0.0109375 0.02890625
2 0.86328125 0.328125 0.01328125 0.03046875
2 0.84765625 0.38046875 0.01328125 0.03359375
2 0.89921875 0.34765625 0.0171875 0.040625
2 0.90859375 0.26328125 0.0140625 0.02265625
2 0.90546875 0.2921875 0.0140625 0.02109375
2 0.8734375 0.28046875 0.0140625 0.03046875
2 0.846875 0.25703125 0.0109375 0.02890625
2 0.82734375 0.2671875 0.01796875 0.0265625
2 0.43984375 0.25625 0.0140625 0.0265625
2 0.4359375 0.24375 0.0109375 0.02265625
2 0.459375 0.23828125 0.01328125 0.02265625
2 0.50546875 0.25 0.01015625 0.02109375
2 0.63984375 0.2390625 0.01328125 0.02890625
2 0.74375 0.2625 0.01171875 0.025
2 0.75078125 0.28671875 0.0140625 0.02890625
2 0.63125 0.3375 0.01796875 0.04453125
2 0.90234375 0.328125 0.015625 0.0390625