2 0.03203125 0.29296875 0.01875 0.034375
2 0.22734375 0.165625 0.01796875 0.03984375
2 0.28203125 0.22421875 0.0203125 0.04296875
2 0.3390625 0.20546875 0.01875 0.04296875
2 0.3640625 0.22421875 0.02265625 0.03984375
2 0.38359375 0.203125 0.01796875 0.04140625
2 0.4015625 0.2296875 0.02265625 0.03984375
2 0.4359375 0.2109375 0.02265625 0.05
2 0.46796875 0.18828125 0.015625 0.0328125
2 0.415625 0.14765625 0.01484375 0.03125
2 0.44453125 0.13984375 0.0140625 0.0296875
2 0.46328125 0.15078125 0.01953125 0.03828125
2 0.48984375 0.159375 0.01796875 0.034375
2 0.48203125 0.13046875 0.01875 0.0328125
2 0.55390625 0.17578125 0.0203125 0.046875
2 0.58125 0.04453125 0.01640625 0.0296875
2 0.60546875 0.1203125 0.01796875 0.03984375
2 0.61484375 0.1046875 0.0140625 0.02578125
2 0.64140625 0.10234375 0.0140625 0.02734375
2 0.6546875 0.1015625 0.01171875 0.0296875
2 0.5953125 0.22890625 0.02421875 0.0453125
2 0.62265625 0.23046875 0.0265625 0.05859375
2 0.65859375 0.23125 0.02734375 0.046875
2 0.6953125 0.1640625 0.0203125 0.03984375
2 0.73203125 0.159375 0.0203125 0.04140625
2 0.7328125 0.1421875 0.0140625 0.03125
2 0.72734375 0.225 0.02421875 0.0484375
2 0.790625 0.30859375 0.0296875 0.06953125
2 0.9078125 0.346875 0.02734375 0.06953125
2 0.8546875 0.2015625 0.015625 0.04296875
2 0.88671875 0.23515625 0.021875 0.046875
2 0.88828125 0.20390625 0.015625 0.0328125
2 0.871875 0.16484375 0.0125 0.03828125
2 0.8984375 0.1796875 0.0140625 0.03984375
2 0.92109375 0.23671875 0.02578125 0.046875
2 0.9140625 0.29921875 0.02421875 0.05390625
2 0.9265625 0.20078125 0.01875 0.03828125
2 0.9359375 0.2 0.0125 0.0296875
2 0.94375 0.1125 0.01484375 0.03828125