2 0.0734375 0.43203125 0.0453125 0.0828125
2 0.25703125 0.28515625 0.021875 0.03515625
2 0.290625 0.2671875 0.01796875 0.03359375
2 0.31875 0.2609375 0.02421875 0.03671875
2 0.3140625 0.225 0.01796875 0.03125
2 0.353125 0.26171875 0.0234375 0.04453125
2 0.371875 0.21796875 0.01796875 0.046875
2 0.38671875 0.2234375 0.0171875 0.03515625
2 0.3796875 0.20078125 0.015625 0.03359375
2 0.40859375 0.1765625 0.01484375 0.03125
2 0.42578125 0.221875 0.01953125 0.04140625
2 0.42734375 0.27734375 0.028125 0.053125
2 0.446875 0.21796875 0.021875 0.046875
2 0.46328125 0.20078125 0.01796875 0.0296875
2 0.46015625 0.17421875 0.01328125 0.0265625
2 0.4515625 0.14375 0.01328125 0.025
2 0.4796875 0.16953125 0.015625 0.03359375
2 0.4703125 0.1546875 0.0140625 0.0265625
2 0.48671875 0.2046875 0.01875 0.03671875
2 0.47734375 0.23125 0.028125 0.046875
2 0.53125 0.19140625 0.0234375 0.03984375
2 0.4921875 0.2953125 0.02890625 0.06328125
2 0.55859375 0.29140625 0.028125 0.0515625
2 0.56484375 0.24765625 0.0234375 0.046875
2 0.6109375 0.25546875 0.03125 0.05625
2 0.6125 0.328125 0.03125 0.06171875
2 0.48671875 0.134375 0.0140625 0.0203125
2 0.51796875 0.14765625 0.0171875 0.0296875
2 0.5484375 0.15625 0.0171875 0.0296875
2 0.54140625 0.13046875 0.0140625 0.025
2 0.55390625 0.1140625 0.01484375 0.025
2 0.565625 0.17578125 0.01953125 0.0296875
2 0.59609375 0.14921875 0.01484375 0.0296875
2 0.5875 0.12421875 0.0171875 0.03671875
2 0.596875 0.10546875 0.0171875 0.03515625
2 0.6140625 0.10390625 0.0140625 0.025
2 0.61171875 0.12265625 0.015625 0.0265625
2 0.61171875 0.153125 0.0171875 0.03671875
2 0.63046875 0.140625 0.01875 0.03515625
2 0.6390625 0.121875 0.0125 0.028125
2 0.64453125 0.10390625 0.0140625 0.028125
2 0.62109375 0.18984375 0.0203125 0.04140625
2 0.65 0.1796875 0.021875 0.04296875
2 0.66015625 0.20703125 0.021875 0.04140625
2 0.66484375 0.2625 0.028125 0.05625
2 0.703125 0.2234375 0.0234375 0.0578125
2 0.6984375 0.178125 0.021875 0.03984375
2 0.69375 0.140625 0.01875 0.03828125
2 0.6765625 0.121875 0.01796875 0.03125
2 0.6859375 0.10234375 0.01328125 0.03125
2 0.72890625 0.11875 0.01796875 0.03515625
2 0.71328125 0.15078125 0.01484375 0.0296875
2 0.72890625 0.20859375 0.02265625 0.0484375
2 0.728125 0.28203125 0.03359375 0.05625
2 0.778125 0.2890625 0.0296875 0.06640625
2 0.7578125 0.2109375 0.02265625 0.05
2 0.7375 0.1703125 0.015625 0.03515625
2 0.74921875 0.14140625 0.01484375 0.03984375
2 0.7515625 0.11484375 0.0109375 0.0234375
2 0.76328125 0.1328125 0.0140625 0.03671875
2 0.78046875 0.121875 0.0140625 0.03828125
2 0.79921875 0.1328125 0.0125 0.03359375
2 0.8140625 0.128125 0.0125 0.03671875
2 0.80546875 0.175 0.01796875 0.04453125
2 0.81875 0.25234375 0.0265625 0.053125
2 0.76015625 0.184375 0.0140625 0.03359375
2 0.825 0.16953125 0.01796875 0.03984375
2 0.83515625 0.14375 0.0171875 0.03515625
2 0.8484375 0.1859375 0.01796875 0.03984375
2 0.86015625 0.15703125 0.015625 0.03515625
2 0.86875 0.140625 0.0109375 0.025
2 0.8921875 0.13046875 0.01484375 0.028125
2 0.89609375 0.1671875 0.0140625 0.03125
2 0.88984375 0.19296875 0.0140625 0.03671875
2 0.875 0.1765625 0.0171875 0.03828125
2 0.86796875 0.221875 0.021875 0.04453125
2 0.91484375 0.28828125 0.021875 0.0546875
2 0.9203125 0.2015625 0.0171875 0.03828125
2 0.928125 0.1734375 0.0109375 0.03125
2 0.92890625 0.15390625 0.009375 0.025