2 0.184375 0.39296875 0.04765625 0.09609375
2 0.2875 0.275 0.021875 0.05234375
2 0.3078125 0.2609375 0.02265625 0.05390625
2 0.33125 0.21796875 0.02109375 0.03828125
2 0.353125 0.2578125 0.02734375 0.046875
2 0.39921875 0.26953125 0.025 0.05390625
2 0.384375 0.259375 0.02265625 0.046875
2 0.3921875 0.22578125 0.01953125 0.03125
2 0.4015625 0.18828125 0.01796875 0.03515625
2 0.41953125 0.17890625 0.01953125 0.03515625
2 0.4484375 0.21171875 0.0234375 0.03359375
2 0.48671875 0.22578125 0.02265625 0.04765625
2 0.446875 0.16640625 0.01640625 0.03125
2 0.44296875 0.13828125 0.0140625 0.03125
2 0.5078125 0.18046875 0.02421875 0.03828125
2 0.4625 0.1578125 0.01484375 0.03125
2 0.484375 0.15234375 0.015625 0.03125
2 0.5015625 0.1296875 0.01484375 0.028125
2 0.54453125 0.16171875 0.01953125 0.03828125
2 0.53828125 0.12578125 0.01640625 0.03984375
2 0.55625 0.18671875 0.02421875 0.03984375
2 0.5515625 0.13828125 0.01484375 0.03359375
2 0.5625 0.12578125 0.01328125 0.028125
2 0.5796875 0.14453125 0.01640625 0.03515625
2 0.5875 0.1171875 0.01328125 0.03359375
2 0.56875 0.06015625 0.0140625 0.0265625
2 0.60859375 0.15078125 0.01640625 0.03671875
2 0.60234375 0.1296875 0.0140625 0.03125
2 0.609375 0.1109375 0.01328125 0.0265625
2 0.6359375 0.1328125 0.01953125 0.03125
2 0.6359375 0.09140625 0.01484375 0.0328125
2 0.6453125 0.11796875 0.0140625 0.0328125
2 0.66484375 0.11484375 0.01640625 0.03515625
2 0.69296875 0.1046875 0.01796875 0.03125
2 0.53984375 0.29609375 0.03125 0.06640625
2 0.55390625 0.2546875 0.0296875 0.05234375
2 0.59921875 0.25234375 0.025 0.05234375
2 0.60078125 0.209375 0.0234375 0.04375
2 0.63046875 0.29375 0.03046875 0.05625
2 0.64921875 0.2703125 0.0234375 0.04921875
2 0.65234375 0.2234375 0.02265625 0.04765625
2 0.675 0.190625 0.0234375 0.04765625
2 0.7046875 0.21796875 0.0234375 0.05234375
2 0.809375 0.4078125 0.03671875 0.06953125
2 0.88203125 0.40078125 0.03984375 0.08046875
2 0.7796875 0.27578125 0.0265625 0.0625
2 0.74375 0.22578125 0.03125 0.05078125
2 0.7140625 0.16640625 0.01953125 0.0421875
2 0.7296875 0.178125 0.02109375 0.0421875
2 0.75078125 0.165625 0.0171875 0.03984375
2 0.75390625 0.13515625 0.01640625 0.03515625
2 0.771875 0.20859375 0.01640625 0.04375
2 0.7765625 0.1578125 0.01640625 0.0328125
2 0.778125 0.11171875 0.0140625 0.02578125
2 0.80859375 0.23359375 0.02109375 0.04921875
2 0.81328125 0.16171875 0.0140625 0.03515625
2 0.82265625 0.20546875 0.02421875 0.046875
2 0.8328125 0.31953125 0.03046875 0.0703125
2 0.909375 0.30703125 0.02578125 0.06328125
2 0.91484375 0.24453125 0.028125 0.05078125
2 0.85 0.24609375 0.0234375 0.05078125
2 0.871875 0.228125 0.0234375 0.05546875
2 0.80546875 0.12265625 0.01484375 0.03359375
2 0.821875 0.12578125 0.01640625 0.03359375
2 0.8515625 0.15859375 0.01484375 0.03828125
2 0.859375 0.14453125 0.015625 0.03515625
2 0.8859375 0.18125 0.0171875 0.040625
2 0.8921875 0.15625 0.01484375 0.040625
2 0.8359375 0.18203125 0.01875 0.03671875