2 0.11171875 0.2765625 0.01796875 0.0359375
2 0.3390625 0.2125 0.015625 0.0328125
2 0.4015625 0.2453125 0.01796875 0.04296875
2 0.4171875 0.2140625 0.015625 0.0328125
2 0.44140625 0.21015625 0.0203125 0.04453125
2 0.5015625 0.2140625 0.025 0.03984375
2 0.51171875 0.18671875 0.01796875 0.03984375
2 0.5359375 0.1921875 0.01796875 0.03984375
2 0.58671875 0.1640625 0.021875 0.0359375
2 0.6265625 0.121875 0.0125 0.03125
2 0.63671875 0.2546875 0.025 0.0484375
2 0.66171875 0.18828125 0.01796875 0.04609375
2 0.7015625 0.19140625 0.01796875 0.0375
2 0.71875 0.29453125 0.03046875 0.06875
2 0.8390625 0.33046875 0.021875 0.06875
2 0.86484375 0.284375 0.0203125 0.0546875
2 0.8328125 0.2265625 0.01796875 0.05
2 0.840625 0.2 0.01796875 0.034375
2 0.8859375 0.2234375 0.01953125 0.04453125
2 0.93984375 0.23828125 0.0171875 0.03984375
2 0.9265625 0.2890625 0.01796875 0.04140625