2 0.0796875 0.50390625 0.04453125 0.0765625
2 0.2078125 0.3546875 0.01953125 0.02578125
2 0.2453125 0.365625 0.0234375 0.0328125
2 0.284375 0.36796875 0.021875 0.03359375
2 0.32734375 0.36796875 0.02578125 0.03984375
2 0.28203125 0.3125 0.0171875 0.028125
2 0.35234375 0.29921875 0.02734375 0.0328125
2 0.34453125 0.33828125 0.02421875 0.03359375
2 0.3796875 0.3296875 0.0171875 0.03125
2 0.4 0.35390625 0.0171875 0.03984375
2 0.39765625 0.3078125 0.01953125 0.0296875
2 0.43125 0.35 0.0203125 0.0328125
2 0.44921875 0.41796875 0.01796875 0.05546875
2 0.525 0.40703125 0.02578125 0.046875
2 0.559375 0.4421875 0.021875 0.05546875
2 0.61328125 0.4578125 0.0296875 0.0578125
2 0.67734375 0.525 0.0234375 0.0734375
2 0.775 0.54375 0.03359375 0.06640625
2 0.53984375 0.35 0.02265625 0.0328125
2 0.48828125 0.33671875 0.01796875 0.03671875
2 0.45859375 0.30859375 0.01640625 0.02265625
2 0.4296875 0.30859375 0.01796875 0.03359375
2 0.57734375 0.32578125 0.02265625 0.0296875
2 0.6484375 0.3765625 0.02890625 0.04140625
2 0.63515625 0.3390625 0.021875 0.0328125
2 0.6703125 0.3484375 0.02578125 0.03515625
2 0.71484375 0.41015625 0.025 0.05625
2 0.7640625 0.4234375 0.0265625 0.05234375
2 0.77109375 0.3625 0.02265625 0.04375
2 0.81328125 0.44375 0.025 0.0578125
2 0.8765625 0.47578125 0.01640625 0.05546875
2 0.8890625 0.40078125 0.02578125 0.046875
2 0.83046875 0.3796875 0.02109375 0.04921875
2 0.8484375 0.35625 0.0203125 0.03671875
2 0.81640625 0.31640625 0.021875 0.03515625
2 0.7953125 0.3453125 0.01875 0.0421875
2 0.7734375 0.31015625 0.02578125 0.04140625
2 0.7328125 0.2953125 0.025 0.03984375
2 0.7 0.290625 0.01875 0.0328125
2 0.70546875 0.26171875 0.0171875 0.028125
2 0.68203125 0.26171875 0.01640625 0.03125
2 0.65390625 0.27109375 0.0171875 0.0265625
2 0.61328125 0.24921875 0.01640625 0.02265625
2 0.6125 0.3015625 0.01640625 0.03671875
2 0.5453125 0.27890625 0.01796875 0.02265625
2 0.55859375 0.25703125 0.0125 0.0265625
2 0.54140625 0.21953125 0.015625 0.03359375
2 0.5125 0.278125 0.0171875 0.0328125
2 0.48125 0.26796875 0.0171875 0.0296875
2 0.4609375 0.26953125 0.0203125 0.0328125
2 0.4265625 0.27265625 0.0203125 0.03671875
2 0.40234375 0.26640625 0.01171875 0.0265625
2 0.3875 0.2546875 0.01796875 0.03984375
2 0.44140625 0.2546875 0.015625 0.028125
2 0.5921875 0.209375 0.01171875 0.028125
2 0.60625 0.21875 0.01015625 0.02421875
2 0.65078125 0.23515625 0.0125 0.03125
2 0.6625 0.22734375 0.0125 0.03125
2 0.7546875 0.2421875 0.0125 0.03125
2 0.825 0.26796875 0.01796875 0.03515625
2 0.8078125 0.2640625 0.0140625 0.03515625
2 0.57890625 0.2578125 0.01640625 0.02578125
2 0.49296875 0.2578125 0.01015625 0.0265625
2 0.8625 0.33515625 0.0140625 0.03125
2 0.89609375 0.365625 0.01640625 0.03515625
2 0.89921875 0.3171875 0.01484375 0.03125
2 0.86484375 0.3046875 0.015625 0.02421875
2 0.84453125 0.26328125 0.01328125 0.03125
2 0.89921875 0.28515625 0.0171875 0.0328125
2 0.72109375 0.240625 0.015625 0.03671875
2 0.63125 0.221875 0.0109375 0.028125
2 0.5171875 0.25703125 0.015625 0.03515625
2 0.4578125 0.2421875 0.0140625 0.03125
2 0.66640625 0.32734375 0.01875 0.03828125
2 0.78828125 0.2796875 0.01328125 0.03828125
2 0.746875 0.26875 0.015625 0.0421875