2 0.10078125 0.53671875 0.05234375 0.10078125
2 0.1984375 0.29140625 0.02265625 0.05546875
2 0.23359375 0.275 0.02578125 0.05390625
2 0.278125 0.2359375 0.0203125 0.0484375
2 0.31171875 0.2390625 0.0171875 0.0453125
2 0.30703125 0.2046875 0.01953125 0.040625
2 0.3296875 0.2265625 0.01875 0.05
2 0.34765625 0.21640625 0.01796875 0.05
2 0.36875 0.2640625 0.01875 0.05234375
2 0.3625 0.19453125 0.0171875 0.03671875
2 0.38671875 0.18984375 0.0203125 0.046875
2 0.39609375 0.23984375 0.0203125 0.04375
2 0.43125 0.3265625 0.025 0.0484375
2 0.47109375 0.2453125 0.02109375 0.05390625
2 0.4328125 0.18984375 0.01796875 0.040625
2 0.4421875 0.15859375 0.015625 0.03515625
2 0.45546875 0.1609375 0.0125 0.03046875
2 0.478125 0.16953125 0.01953125 0.040625
2 0.49375 0.20234375 0.0171875 0.0421875
2 0.49296875 0.15 0.01484375 0.03515625
2 0.5171875 0.16328125 0.0171875 0.0484375
2 0.5484375 0.21484375 0.015625 0.040625
2 0.5265625 0.15234375 0.01328125 0.040625
2 0.55234375 0.134375 0.0140625 0.03671875
2 0.56015625 0.15859375 0.01484375 0.0421875
2 0.5765625 0.13359375 0.0171875 0.03515625
2 0.59765625 0.1234375 0.015625 0.0421875
2 0.60703125 0.15546875 0.015625 0.03828125
2 0.60078125 0.1859375 0.01484375 0.040625
2 0.62109375 0.1953125 0.0171875 0.0421875
2 0.62890625 0.1265625 0.015625 0.0421875
2 0.6515625 0.14375 0.01796875 0.03828125
2 0.6625 0.1328125 0.01328125 0.03671875
2 0.68828125 0.1328125 0.0125 0.03671875
2 0.70703125 0.15234375 0.01484375 0.040625
2 0.68828125 0.16171875 0.01796875 0.0421875
2 0.6546875 0.18203125 0.01875 0.03828125
2 0.57421875 0.32890625 0.02578125 0.05390625
2 0.59765625 0.38515625 0.02734375 0.06875
2 0.609375 0.2890625 0.025 0.05546875
2 0.66015625 0.25234375 0.02109375 0.05546875
2 0.69453125 0.215625 0.01953125 0.0453125
2 0.728125 0.2609375 0.02109375 0.05234375
2 0.740625 0.22734375 0.01484375 0.0421875
2 0.74453125 0.18828125 0.01484375 0.040625
2 0.7203125 0.39765625 0.02890625 0.0734375
2 0.65703125 0.39609375 0.0328125 0.0671875
2 0.790625 0.44609375 0.034375 0.09765625
2 0.87109375 0.48125 0.0296875 0.08046875
2 0.88515625 0.3953125 0.0265625 0.065625
2 0.84609375 0.371875 0.025 0.06171875
2 0.809375 0.2953125 0.02109375 0.05703125
2 0.7515625 0.28671875 0.02265625 0.05390625
2 0.7953125 0.246875 0.0171875 0.05
2 0.7765625 0.20390625 0.01484375 0.03828125
2 0.76953125 0.178125 0.01328125 0.03046875
2 0.8078125 0.190625 0.0171875 0.0421875
2 0.81875 0.22421875 0.0203125 0.0453125
2 0.8390625 0.2109375 0.01484375 0.03828125
2 0.8671875 0.22578125 0.0125 0.03828125
2 0.875 0.22265625 0.01015625 0.0421875
2 0.896875 0.25703125 0.0125 0.04375
2 0.8859375 0.29140625 0.01484375 0.0453125
2 0.86328125 0.3140625 0.0203125 0.05390625
2 0.9046875 0.23203125 0.015625 0.0421875
2 0.92734375 0.26640625 0.015625 0.046875
2 0.9453125 0.2421875 0.0140625 0.0453125
2 0.92109375 0.321875 0.02109375 0.06015625
2 0.94296875 0.37734375 0.02265625 0.0671875
2 0.9515625 0.4328125 0.021875 0.0703125
2 0.97109375 0.36171875 0.0171875 0.05234375
2 0.9671875 0.32578125 0.0125 0.03359375
2 0.97265625 0.30234375 0.0125 0.03671875
2 0.98046875 0.25625 0.01484375 0.0421875