2 0.06796875 0.41640625 0.040625 0.08046875
2 0.25859375 0.2796875 0.02109375 0.0453125
2 0.28203125 0.26796875 0.02109375 0.03828125
2 0.2984375 0.2578125 0.02265625 0.03828125
2 0.31875 0.21796875 0.0203125 0.03671875
2 0.34296875 0.2125 0.01640625 0.03828125
2 0.33828125 0.2796875 0.01875 0.03515625
2 0.346875 0.25 0.015625 0.03359375
2 0.3703125 0.2265625 0.02421875 0.040625
2 0.38125 0.2 0.01953125 0.03671875
2 0.4171875 0.21796875 0.01875 0.03671875
2 0.44140625 0.22109375 0.02265625 0.04375
2 0.43359375 0.26796875 0.025 0.0484375
2 0.48671875 0.29375 0.02734375 0.06015625
2 0.49609375 0.22578125 0.0234375 0.0453125
2 0.4078125 0.1671875 0.01328125 0.03515625
2 0.42578125 0.17890625 0.015625 0.03828125
2 0.46328125 0.19765625 0.0234375 0.03671875
2 0.45078125 0.1703125 0.015625 0.02890625
2 0.45234375 0.14296875 0.01875 0.03046875
2 0.471875 0.14296875 0.01484375 0.03046875
2 0.47734375 0.1625 0.01640625 0.03359375
2 0.503125 0.1671875 0.01640625 0.0421875
2 0.515625 0.18515625 0.01875 0.03515625
2 0.5453125 0.18984375 0.02109375 0.040625
2 0.5453125 0.15625 0.01796875 0.03359375
2 0.5515625 0.134375 0.01875 0.03671875
2 0.52578125 0.128125 0.01875 0.03828125
2 0.4890625 0.12890625 0.015625 0.03046875
2 0.58359375 0.15234375 0.0203125 0.03671875
2 0.57109375 0.10390625 0.0125 0.0265625
2 0.6203125 0.13828125 0.01640625 0.03203125
2 0.62890625 0.12265625 0.01328125 0.0234375
2 0.6390625 0.10078125 0.01484375 0.03046875
2 0.61484375 0.09609375 0.0125 0.025
2 0.59375 0.1109375 0.01328125 0.03046875
2 0.68828125 0.09375 0.01796875 0.03046875
2 0.66953125 0.11796875 0.01796875 0.03203125
2 0.7046875 0.12890625 0.01796875 0.03359375
2 0.68671875 0.1328125 0.0140625 0.03359375
2 0.64921875 0.17109375 0.0203125 0.04375
2 0.6078125 0.21640625 0.02109375 0.05703125
2 0.603125 0.27109375 0.03046875 0.05546875
2 0.55703125 0.290625 0.02890625 0.06015625
2 0.5609375 0.25234375 0.03203125 0.06171875
2 0.59921875 0.33828125 0.0296875 0.065625
2 0.6671875 0.34140625 0.034375 0.07578125
2 0.67578125 0.23671875 0.02578125 0.05703125
2 0.64921875 0.22265625 0.02890625 0.05546875
2 0.68828125 0.17421875 0.01953125 0.03671875
2 0.7 0.209375 0.028125 0.05390625
2 0.70703125 0.2859375 0.025 0.05859375
2 0.778125 0.2828125 0.03359375 0.065625
2 0.7484375 0.2359375 0.02265625 0.05234375
2 0.74296875 0.18359375 0.01875 0.0484375
2 0.73125 0.15546875 0.0234375 0.0484375
2 0.74609375 0.13828125 0.01796875 0.03515625
2 0.76015625 0.16328125 0.01875 0.0453125
2 0.73515625 0.10703125 0.01796875 0.040625
2 0.75546875 0.121875 0.01328125 0.02890625
2 0.75625 0.10078125 0.01796875 0.03359375
2 0.7875 0.11640625 0.01484375 0.03828125
2 0.79453125 0.12890625 0.0140625 0.03671875
2 0.80859375 0.1515625 0.01640625 0.03203125
2 0.80859375 0.12109375 0.0125 0.03359375
2 0.82421875 0.1328125 0.01484375 0.04375
2 0.796875 0.18046875 0.0203125 0.0453125
2 0.8453125 0.19375 0.01875 0.05546875
2 0.846875 0.14765625 0.015625 0.03359375
2 0.86328125 0.14453125 0.01640625 0.040625
2 0.86328125 0.11796875 0.0140625 0.03515625
2 0.865625 0.21484375 0.02265625 0.04375
2 0.87265625 0.19609375 0.0203125 0.04375
2 0.8890625 0.1703125 0.01484375 0.03515625
2 0.8921875 0.1203125 0.01640625 0.03828125
2 0.928125 0.1625 0.01875 0.040625
2 0.92578125 0.271875 0.02890625 0.06015625